 2865.0   854.942
 2870.0   875.323
 2875.0   895.513
 2880.0   915.509
 2885.0   935.310
 2890.0   954.912
 2895.0   974.311
 2900.0   993.505
 2905.0  1012.459
 2910.0  1031.166
 2915.0  1049.671
 2920.0  1068.019
 2925.0  1086.252
 2930.0  1104.416
 2935.0  1122.554
 2940.0  1140.679
 2945.0  1158.756
 2950.0  1176.761
 2955.0  1194.667
 2960.0  1212.446
 2965.0  1230.075
 2970.0  1247.525
 2975.0  1264.928
 2980.0  1282.353
 2985.0  1299.683
 2990.0  1316.798
 2995.0  1333.582
 3000.0  1349.917
 3005.0  1365.685
 3010.0  1380.895
 3015.0  1395.673
 3020.0  1410.085
 3025.0  1424.193
 3030.0  1438.062
 3035.0  1451.755
 3040.0  1465.336
 3045.0  1478.814
 3050.0  1492.144
 3055.0  1505.302
 3060.0  1518.266
 3065.0  1531.014
 3070.0  1543.523
 3075.0  1555.771
 3080.0  1567.609
 3085.0  1579.019
 3090.0  1590.169
 3095.0  1601.227
 3100.0  1612.361
 3105.0  1623.741
 3110.0  1635.533
 3115.0  1647.930
 3120.0  1660.852
 3125.0  1674.064
 3130.0  1687.332
 3135.0  1700.420
 3140.0  1713.092
 3145.0  1725.115
 3150.0  1736.589
 3155.0  1747.775
 3160.0  1758.680
 3165.0  1769.308
 3170.0  1779.666
 3175.0  1789.759
 3180.0  1799.593
 3185.0  1809.075
 3190.0  1818.187
 3195.0  1827.038
 3200.0  1835.739
 3205.0  1844.400
 3210.0  1853.132
 3215.0  1862.046
 3220.0  1871.452
 3225.0  1881.354
 3230.0  1891.407
 3235.0  1901.265
 3240.0  1910.580
 3245.0  1919.007
 3250.0  1926.198
 3255.0  1932.158
 3260.0  1937.313
 3265.0  1941.951
 3270.0  1946.361
 3275.0  1950.830
 3280.0  1955.648
 3285.0  1961.101
 3290.0  1967.372
 3295.0  1974.301
 3300.0  1981.665
 3305.0  1989.239
 3310.0  1996.801
 3315.0  2004.127
 3320.0  2010.994
 3325.0  2017.459
 3330.0  2023.749
 3335.0  2029.893
 3340.0  2035.917
 3345.0  2041.850
 3350.0  2047.720
 3355.0  2053.555
 3360.0  2059.399
 3365.0  2065.245
 3370.0  2071.042
 3375.0  2076.738
 3380.0  2082.282
 3385.0  2087.623
 3390.0  2092.710
 3395.0  2097.543
 3400.0  2102.181
 3405.0  2106.661
 3410.0  2111.017
 3415.0  2115.285
 3420.0  2119.501
 3425.0  2123.702
 3430.0  2127.701
 3435.0  2131.407
 3440.0  2134.997
 3445.0  2138.647
 3450.0  2142.533
 3455.0  2146.832
 3460.0  2151.720
 3465.0  2157.365
 3470.0  2163.772
 3475.0  2170.872
 3480.0  2178.599
 3485.0  2186.884
 3490.0  2195.659
 3495.0  2204.855
 3500.0  2214.406
 3505.0  2138.334
 3510.0  2142.002
 3515.0  2145.590
 3520.0  2149.096
 3525.0  2152.515
 3530.0  2155.846
 3535.0  2159.070
 3540.0  2162.189
 3545.0  2165.228
 3550.0  2168.212
 3555.0  2171.165
 3560.0  2174.113
 3565.0  2177.081
 3570.0  2180.243
 3575.0  2183.635
 3580.0  2187.074
 3585.0  2190.379
 3590.0  2193.366
 3595.0  2195.854
 3600.0  2197.659
 3605.0  2199.047
 3610.0  2200.370
 3615.0  2201.572
 3620.0  2202.602
 3625.0  2203.403
 3630.0  2203.924
 3635.0  2204.110
