 2865.0   941.136
 2870.0   963.279
 2875.0   985.312
 2880.0  1007.233
 2885.0  1029.043
 2890.0  1050.740
 2895.0  1072.324
 2900.0  1093.793
 2905.0  1115.194
 2910.0  1136.544
 2915.0  1157.800
 2920.0  1178.917
 2925.0  1199.852
 2930.0  1220.560
 2935.0  1240.998
 2940.0  1261.365
 2945.0  1281.773
 2950.0  1302.042
 2955.0  1321.996
 2960.0  1341.455
 2965.0  1360.243
 2970.0  1378.182
 2975.0  1395.261
 2980.0  1411.674
 2985.0  1427.553
 2990.0  1443.027
 2995.0  1458.226
 3000.0  1473.280
 3005.0  1488.318
 3010.0  1503.230
 3015.0  1517.869
 3020.0  1532.310
 3025.0  1546.627
 3030.0  1560.896
 3035.0  1575.191
 3040.0  1589.587
 3045.0  1604.130
 3050.0  1618.766
 3055.0  1633.427
 3060.0  1648.043
 3065.0  1662.544
 3070.0  1676.861
 3075.0  1690.922
 3080.0  1704.875
 3085.0  1718.834
 3090.0  1732.682
 3095.0  1746.303
 3100.0  1759.581
 3105.0  1772.398
 3110.0  1784.640
 3115.0  1796.113
 3120.0  1806.887
 3125.0  1817.233
 3130.0  1827.423
 3135.0  1837.727
 3140.0  1848.419
 3145.0  1859.769
 3150.0  1872.414
 3155.0  1886.348
 3160.0  1900.873
 3165.0  1915.293
 3170.0  1928.914
 3175.0  1941.038
 3180.0  1950.970
 3185.0  1958.870
 3190.0  1965.624
 3195.0  1971.624
 3200.0  1977.262
 3205.0  1982.931
 3210.0  1989.023
 3215.0  1995.929
 3220.0  2003.862
 3225.0  2012.581
 3230.0  2021.798
 3235.0  2031.226
 3240.0  2040.578
 3245.0  2049.566
 3250.0  2057.903
 3255.0  2065.562
 3260.0  2072.806
 3265.0  2079.784
 3270.0  2086.645
 3275.0  2093.538
 3280.0  2100.611
 3285.0  2108.014
 3290.0  2116.042
 3295.0  2124.666
 3300.0  2133.551
 3305.0  2142.361
 3310.0  2150.762
 3315.0  2158.417
 3320.0  2164.992
 3325.0  2170.519
 3330.0  2175.400
 3335.0  2179.846
 3340.0  2184.073
 3345.0  2188.294
 3350.0  2192.724
 3355.0  2197.576
 3360.0  2203.037
 3365.0  2208.989
 3370.0  2215.190
 3375.0  2221.399
 3380.0  2227.372
 3385.0  2232.869
 3390.0  2237.646
 3395.0  2241.688
 3400.0  2245.256
 3405.0  2248.524
 3410.0  2251.666
 3415.0  2254.857
 3420.0  2258.272
 3425.0  2262.085
 3430.0  2266.416
 3435.0  2271.174
 3440.0  2276.211
 3445.0  2281.382
 3450.0  2286.540
 3455.0  2291.537
 3460.0  2296.228
 3465.0  2300.674
 3470.0  2305.029
 3475.0  2309.291
 3480.0  2313.456
 3485.0  2317.521
 3490.0  2321.481
 3495.0  2325.334
 3500.0  2329.076
 3505.0  2237.344
 3510.0  2242.831
 3515.0  2247.707
 3520.0  2251.828
 3525.0  2255.051
 3530.0  2257.231
 3535.0  2258.639
 3540.0  2259.715
 3545.0  2260.573
 3550.0  2261.324
 3555.0  2262.082
 3560.0  2262.962
 3565.0  2264.074
 3570.0  2265.542
 3575.0  2267.328
 3580.0  2269.307
 3585.0  2271.356
 3590.0  2273.350
 3595.0  2275.165
 3600.0  2276.675
 3605.0  2277.965
 3610.0  2279.191
 3615.0  2280.342
 3620.0  2281.405
 3625.0  2282.368
 3630.0  2283.218
 3635.0  2283.942
