 2865.0   850.055
 2870.0   874.359
 2875.0   898.348
 2880.0   922.013
 2885.0   945.348
 2890.0   968.346
 2895.0   990.999
 2900.0  1013.300
 2905.0  1035.396
 2910.0  1057.353
 2915.0  1079.043
 2920.0  1100.340
 2925.0  1121.115
 2930.0  1141.242
 2935.0  1160.594
 2940.0  1179.140
 2945.0  1197.021
 2950.0  1214.364
 2955.0  1231.298
 2960.0  1247.949
 2965.0  1264.446
 2970.0  1280.917
 2975.0  1297.364
 2980.0  1313.679
 2985.0  1329.826
 2990.0  1345.766
 2995.0  1361.460
 3000.0  1376.872
 3005.0  1391.962
 3010.0  1406.513
 3015.0  1420.496
 3020.0  1434.157
 3025.0  1447.742
 3030.0  1461.497
 3035.0  1475.668
 3040.0  1490.501
 3045.0  1506.303
 3050.0  1522.980
 3055.0  1540.171
 3060.0  1557.516
 3065.0  1574.657
 3070.0  1591.233
 3075.0  1606.885
 3080.0  1621.779
 3085.0  1636.315
 3090.0  1650.486
 3095.0  1664.282
 3100.0  1677.696
 3105.0  1690.719
 3110.0  1703.343
 3115.0  1715.459
 3120.0  1727.061
 3125.0  1738.296
 3130.0  1749.310
 3135.0  1760.250
 3140.0  1771.262
 3145.0  1782.493
 3150.0  1793.915
 3155.0  1805.387
 3160.0  1816.890
 3165.0  1828.403
 3170.0  1839.907
 3175.0  1851.380
 3180.0  1862.803
 3185.0  1874.391
 3190.0  1886.233
 3195.0  1898.121
 3200.0  1909.847
 3205.0  1921.204
 3210.0  1931.983
 3215.0  1941.977
 3220.0  1951.192
 3225.0  1959.861
 3230.0  1968.116
 3235.0  1976.089
 3240.0  1983.912
 3245.0  1991.715
 3250.0  1999.632
 3255.0  2007.600
 3260.0  2015.484
 3265.0  2023.303
 3270.0  2031.075
 3275.0  2038.817
 3280.0  2046.550
 3285.0  2054.291
 3290.0  2062.155
 3295.0  2070.165
 3300.0  2078.199
 3305.0  2086.136
 3310.0  2093.854
 3315.0  2101.234
 3320.0  2108.152
 3325.0  2114.676
 3330.0  2120.960
 3335.0  2127.014
 3340.0  2132.846
 3345.0  2138.467
 3350.0  2143.886
 3355.0  2149.113
 3360.0  2154.025
 3365.0  2158.586
 3370.0  2162.939
 3375.0  2167.227
 3380.0  2171.593
 3385.0  2176.180
 3390.0  2181.132
 3395.0  2186.752
 3400.0  2193.031
 3405.0  2199.646
 3410.0  2206.271
 3415.0  2212.580
 3420.0  2218.248
 3425.0  2222.949
 3430.0  2226.714
 3435.0  2229.925
 3440.0  2232.788
 3445.0  2235.509
 3450.0  2238.294
 3455.0  2241.348
 3460.0  2244.876
 3465.0  2248.893
 3470.0  2253.260
 3475.0  2257.951
 3480.0  2262.942
 3485.0  2268.208
 3490.0  2273.724
 3495.0  2279.465
 3500.0  2285.407
 3505.0  2213.620
 3510.0  2218.197
 3515.0  2222.533
 3520.0  2226.606
 3525.0  2230.394
 3530.0  2233.874
 3535.0  2237.006
 3540.0  2239.831
 3545.0  2242.447
 3550.0  2244.954
 3555.0  2247.452
 3560.0  2250.039
 3565.0  2252.816
 3570.0  2255.987
 3575.0  2259.536
 3580.0  2263.229
 3585.0  2266.831
 3590.0  2270.109
 3595.0  2272.827
 3600.0  2274.752
 3605.0  2276.183
 3610.0  2277.540
 3615.0  2278.771
 3620.0  2279.821
 3625.0  2280.637
 3630.0  2281.166
 3635.0  2281.354
