 2865.0  1052.748
 2870.0  1079.479
 2875.0  1105.862
 2880.0  1131.889
 2885.0  1157.553
 2890.0  1182.845
 2895.0  1207.758
 2900.0  1232.283
 2905.0  1256.493
 2910.0  1280.431
 2915.0  1304.046
 2920.0  1327.287
 2925.0  1350.103
 2930.0  1372.442
 2935.0  1394.255
 2940.0  1415.654
 2945.0  1436.744
 2950.0  1457.456
 2955.0  1477.725
 2960.0  1497.480
 2965.0  1516.657
 2970.0  1535.186
 2975.0  1553.050
 2980.0  1570.338
 2985.0  1587.138
 2990.0  1603.537
 2995.0  1619.626
 3000.0  1635.492
 3005.0  1651.224
 3010.0  1666.642
 3015.0  1681.617
 3020.0  1696.310
 3025.0  1710.886
 3030.0  1725.506
 3035.0  1740.333
 3040.0  1755.531
 3045.0  1771.226
 3050.0  1787.320
 3055.0  1803.638
 3060.0  1820.002
 3065.0  1836.237
 3070.0  1852.166
 3075.0  1867.613
 3080.0  1882.600
 3085.0  1897.298
 3090.0  1911.757
 3095.0  1926.028
 3100.0  1940.161
 3105.0  1954.205
 3110.0  1968.211
 3115.0  1982.203
 3120.0  1996.144
 3125.0  2009.998
 3130.0  2023.728
 3135.0  2037.294
 3140.0  2050.661
 3145.0  2063.789
 3150.0  2076.744
 3155.0  2089.586
 3160.0  2102.271
 3165.0  2114.757
 3170.0  2127.002
 3175.0  2138.961
 3180.0  2150.593
 3185.0  2161.944
 3190.0  2173.079
 3195.0  2183.986
 3200.0  2194.653
 3205.0  2205.066
 3210.0  2215.213
 3215.0  2225.081
 3220.0  2234.676
 3225.0  2244.024
 3230.0  2253.145
 3235.0  2262.059
 3240.0  2270.785
 3245.0  2279.344
 3250.0  2287.754
 3255.0  2296.151
 3260.0  2304.570
 3265.0  2312.880
 3270.0  2320.950
 3275.0  2328.652
 3280.0  2335.854
 3285.0  2342.427
 3290.0  2348.289
 3295.0  2353.580
 3300.0  2358.503
 3305.0  2363.259
 3310.0  2368.051
 3315.0  2373.081
 3320.0  2378.552
 3325.0  2384.506
 3330.0  2390.794
 3335.0  2397.327
 3340.0  2404.016
 3345.0  2410.774
 3350.0  2417.513
 3355.0  2424.144
 3360.0  2430.905
 3365.0  2437.954
 3370.0  2445.082
 3375.0  2452.081
 3380.0  2458.744
 3385.0  2464.861
 3390.0  2470.226
 3395.0  2474.859
 3400.0  2479.019
 3405.0  2482.847
 3410.0  2486.486
 3415.0  2490.081
 3420.0  2493.774
 3425.0  2497.707
 3430.0  2501.861
 3435.0  2506.101
 3440.0  2510.405
 3445.0  2514.747
 3450.0  2519.105
 3455.0  2523.453
 3460.0  2527.767
 3465.0  2532.056
 3470.0  2536.343
 3475.0  2540.630
 3480.0  2544.915
 3485.0  2549.198
 3490.0  2553.480
 3495.0  2557.761
 3500.0  2562.041
 3505.0  2486.839
 3510.0  2489.422
 3515.0  2491.980
 3520.0  2494.514
 3525.0  2497.022
 3530.0  2499.505
 3535.0  2502.014
 3540.0  2504.565
 3545.0  2507.109
 3550.0  2509.597
 3555.0  2511.978
 3560.0  2514.205
 3565.0  2516.227
 3570.0  2518.211
 3575.0  2520.274
 3580.0  2522.287
 3585.0  2524.124
 3590.0  2525.655
 3595.0  2526.755
 3600.0  2527.294
 3605.0  2527.499
 3610.0  2527.678
 3615.0  2527.828
 3620.0  2527.949
 3625.0  2528.037
 3630.0  2528.092
 3635.0  2528.110
