 2865.0   940.317
 2870.0   965.527
 2875.0   990.253
 2880.0  1014.476
 2885.0  1038.179
 2890.0  1061.344
 2895.0  1083.954
 2900.0  1105.991
 2905.0  1127.364
 2910.0  1148.086
 2915.0  1168.295
 2920.0  1188.130
 2925.0  1207.727
 2930.0  1227.225
 2935.0  1246.761
 2940.0  1266.461
 2945.0  1286.245
 2950.0  1305.947
 2955.0  1325.400
 2960.0  1344.436
 2965.0  1362.889
 2970.0  1380.591
 2975.0  1397.472
 2980.0  1413.686
 2985.0  1429.408
 2990.0  1444.811
 2995.0  1460.069
 3000.0  1475.354
 3005.0  1490.841
 3010.0  1506.622
 3015.0  1522.572
 3020.0  1538.543
 3025.0  1554.385
 3030.0  1569.948
 3035.0  1585.084
 3040.0  1599.644
 3045.0  1613.613
 3050.0  1627.140
 3055.0  1640.318
 3060.0  1653.239
 3065.0  1665.996
 3070.0  1678.682
 3075.0  1691.389
 3080.0  1703.930
 3085.0  1716.161
 3090.0  1728.242
 3095.0  1740.333
 3100.0  1752.593
 3105.0  1765.182
 3110.0  1778.260
 3115.0  1792.266
 3120.0  1807.218
 3125.0  1822.649
 3130.0  1838.090
 3135.0  1853.072
 3140.0  1867.127
 3145.0  1879.785
 3150.0  1891.022
 3155.0  1901.324
 3160.0  1910.997
 3165.0  1920.342
 3170.0  1929.664
 3175.0  1939.265
 3180.0  1949.449
 3185.0  1960.428
 3190.0  1972.010
 3195.0  1983.895
 3200.0  1995.781
 3205.0  2007.369
 3210.0  2018.358
 3215.0  2028.447
 3220.0  2037.886
 3225.0  2047.069
 3230.0  2055.915
 3235.0  2064.340
 3240.0  2072.263
 3245.0  2079.601
 3250.0  2086.273
 3255.0  2092.147
 3260.0  2097.324
 3265.0  2102.069
 3270.0  2106.646
 3275.0  2111.319
 3280.0  2116.351
 3285.0  2122.008
 3290.0  2128.522
 3295.0  2135.779
 3300.0  2143.520
 3305.0  2151.483
 3310.0  2159.411
 3315.0  2167.042
 3320.0  2174.117
 3325.0  2180.775
 3330.0  2187.305
 3335.0  2193.674
 3340.0  2199.849
 3345.0  2205.797
 3350.0  2211.485
 3355.0  2216.880
 3360.0  2221.833
 3365.0  2226.346
 3370.0  2230.608
 3375.0  2234.810
 3380.0  2239.143
 3385.0  2243.798
 3390.0  2248.964
 3395.0  2255.109
 3400.0  2262.260
 3405.0  2269.952
 3410.0  2277.716
 3415.0  2285.089
 3420.0  2291.602
 3425.0  2296.791
 3430.0  2300.782
 3435.0  2304.159
 3440.0  2307.133
 3445.0  2309.919
 3450.0  2312.730
 3455.0  2315.779
 3460.0  2319.280
 3465.0  2323.214
 3470.0  2327.412
 3475.0  2331.856
 3480.0  2336.531
 3485.0  2341.421
 3490.0  2346.510
 3495.0  2351.782
 3500.0  2357.221
 3505.0  2282.427
 3510.0  2284.773
 3515.0  2287.090
 3520.0  2289.379
 3525.0  2291.637
 3530.0  2293.866
 3535.0  2295.983
 3540.0  2297.964
 3545.0  2299.890
 3550.0  2301.844
 3555.0  2303.909
 3560.0  2306.166
 3565.0  2308.698
 3570.0  2311.784
 3575.0  2315.485
 3580.0  2319.557
 3585.0  2323.754
 3590.0  2327.834
 3595.0  2331.551
 3600.0  2334.662
 3605.0  2337.332
 3610.0  2339.872
 3615.0  2342.257
 3620.0  2344.462
 3625.0  2346.462
 3630.0  2348.232
 3635.0  2349.745
