 2865.0   912.506
 2870.0   937.945
 2875.0   962.960
 2880.0   987.540
 2885.0  1011.671
 2890.0  1035.340
 2895.0  1058.535
 2900.0  1081.242
 2905.0  1103.398
 2910.0  1125.012
 2915.0  1146.184
 2920.0  1167.011
 2925.0  1187.591
 2930.0  1208.024
 2935.0  1228.407
 2940.0  1249.136
 2945.0  1270.259
 2950.0  1291.352
 2955.0  1311.993
 2960.0  1331.759
 2965.0  1350.228
 2970.0  1366.976
 2975.0  1382.184
 2980.0  1396.416
 2985.0  1409.832
 2990.0  1422.590
 2995.0  1434.846
 3000.0  1446.761
 3005.0  1458.490
 3010.0  1469.675
 3015.0  1480.078
 3020.0  1490.047
 3025.0  1499.926
 3030.0  1510.063
 3035.0  1520.803
 3040.0  1532.491
 3045.0  1545.560
 3050.0  1559.908
 3055.0  1575.083
 3060.0  1590.631
 3065.0  1606.099
 3070.0  1621.036
 3075.0  1634.987
 3080.0  1647.916
 3085.0  1660.235
 3090.0  1672.162
 3095.0  1683.919
 3100.0  1695.724
 3105.0  1707.797
 3110.0  1720.359
 3115.0  1734.068
 3120.0  1748.958
 3125.0  1764.306
 3130.0  1779.392
 3135.0  1793.493
 3140.0  1805.889
 3145.0  1815.858
 3150.0  1823.492
 3155.0  1829.732
 3160.0  1835.124
 3165.0  1840.217
 3170.0  1845.559
 3175.0  1851.696
 3180.0  1859.178
 3185.0  1869.323
 3190.0  1882.299
 3195.0  1896.934
 3200.0  1912.051
 3205.0  1926.477
 3210.0  1939.037
 3215.0  1948.557
 3220.0  1955.623
 3225.0  1961.756
 3230.0  1967.187
 3235.0  1972.146
 3240.0  1976.862
 3245.0  1981.565
 3250.0  1986.485
 3255.0  1991.422
 3260.0  1996.108
 3265.0  2000.671
 3270.0  2005.240
 3275.0  2009.944
 3280.0  2014.913
 3285.0  2020.275
 3290.0  2026.293
 3295.0  2032.967
 3300.0  2040.034
 3305.0  2047.233
 3310.0  2054.298
 3315.0  2060.968
 3320.0  2066.980
 3325.0  2072.355
 3330.0  2077.362
 3335.0  2082.111
 3340.0  2086.711
 3345.0  2091.269
 3350.0  2095.894
 3355.0  2100.696
 3360.0  2105.703
 3365.0  2110.827
 3370.0  2116.005
 3375.0  2121.173
 3380.0  2126.268
 3385.0  2131.225
 3390.0  2135.981
 3395.0  2140.621
 3400.0  2145.236
 3405.0  2149.771
 3410.0  2154.170
 3415.0  2158.377
 3420.0  2162.338
 3425.0  2165.997
 3430.0  2169.316
 3435.0  2172.354
 3440.0  2175.205
 3445.0  2177.962
 3450.0  2180.716
 3455.0  2183.560
 3460.0  2186.587
 3465.0  2189.772
 3470.0  2193.028
 3475.0  2196.353
 3480.0  2199.746
 3485.0  2203.203
 3490.0  2206.724
 3495.0  2210.306
 3500.0  2213.947
 3505.0  2134.713
 3510.0  2138.424
 3515.0  2141.735
 3520.0  2144.559
 3525.0  2146.806
 3530.0  2148.386
 3535.0  2149.423
 3540.0  2150.173
 3545.0  2150.753
 3550.0  2151.277
 3555.0  2151.863
 3560.0  2152.624
 3565.0  2153.678
 3570.0  2155.911
 3575.0  2159.678
 3580.0  2164.296
 3585.0  2169.079
 3590.0  2173.343
 3595.0  2176.403
 3600.0  2177.575
 3605.0  2177.552
 3610.0  2177.391
 3615.0  2176.954
 3620.0  2176.104
 3625.0  2174.702
 3630.0  2172.610
 3635.0  2169.691
