 2865.0  1036.915
 2870.0  1063.598
 2875.0  1089.818
 2880.0  1115.560
 2885.0  1140.810
 2890.0  1165.552
 2895.0  1189.771
 2900.0  1213.453
 2905.0  1236.484
 2910.0  1258.862
 2915.0  1280.741
 2920.0  1302.274
 2925.0  1323.615
 2930.0  1344.915
 2935.0  1366.330
 2940.0  1388.288
 2945.0  1410.798
 2950.0  1433.379
 2955.0  1455.552
 2960.0  1476.839
 2965.0  1496.760
 2970.0  1514.836
 2975.0  1530.977
 2980.0  1545.711
 2985.0  1559.490
 2990.0  1572.763
 2995.0  1585.981
 3000.0  1599.592
 3005.0  1614.049
 3010.0  1629.332
 3015.0  1645.047
 3020.0  1661.076
 3025.0  1677.304
 3030.0  1693.612
 3035.0  1709.884
 3040.0  1726.004
 3045.0  1742.257
 3050.0  1758.843
 3055.0  1775.513
 3060.0  1792.023
 3065.0  1808.124
 3070.0  1823.569
 3075.0  1838.113
 3080.0  1851.613
 3085.0  1864.282
 3090.0  1876.411
 3095.0  1888.285
 3100.0  1900.195
 3105.0  1912.429
 3110.0  1925.273
 3115.0  1938.909
 3120.0  1953.151
 3125.0  1967.737
 3130.0  1982.408
 3135.0  1996.903
 3140.0  2010.962
 3145.0  2024.324
 3150.0  2036.984
 3155.0  2049.188
 3160.0  2061.059
 3165.0  2072.717
 3170.0  2084.282
 3175.0  2095.876
 3180.0  2107.619
 3185.0  2119.837
 3190.0  2132.529
 3195.0  2145.331
 3200.0  2157.878
 3205.0  2169.806
 3210.0  2180.750
 3215.0  2190.345
 3220.0  2198.596
 3225.0  2205.947
 3230.0  2212.688
 3235.0  2219.113
 3240.0  2225.513
 3245.0  2232.179
 3250.0  2239.403
 3255.0  2247.403
 3260.0  2256.001
 3265.0  2264.899
 3270.0  2273.799
 3275.0  2282.402
 3280.0  2290.409
 3285.0  2297.523
 3290.0  2303.729
 3295.0  2309.342
 3300.0  2314.564
 3305.0  2319.596
 3310.0  2324.637
 3315.0  2329.888
 3320.0  2335.550
 3325.0  2341.666
 3330.0  2348.084
 3335.0  2354.705
 3340.0  2361.435
 3345.0  2368.177
 3350.0  2374.833
 3355.0  2381.309
 3360.0  2387.850
 3365.0  2394.625
 3370.0  2401.421
 3375.0  2408.025
 3380.0  2414.225
 3385.0  2419.807
 3390.0  2424.559
 3395.0  2428.465
 3400.0  2431.794
 3405.0  2434.763
 3410.0  2437.588
 3415.0  2440.485
 3420.0  2443.671
 3425.0  2447.360
 3430.0  2451.751
 3435.0  2456.761
 3440.0  2462.186
 3445.0  2467.821
 3450.0  2473.463
 3455.0  2478.907
 3460.0  2483.950
 3465.0  2488.673
 3470.0  2493.293
 3475.0  2497.805
 3480.0  2502.206
 3485.0  2506.490
 3490.0  2510.653
 3495.0  2514.691
 3500.0  2518.600
 3505.0  2440.812
 3510.0  2443.253
 3515.0  2445.752
 3520.0  2448.308
 3525.0  2450.918
 3530.0  2453.581
 3535.0  2456.386
 3540.0  2459.367
 3545.0  2462.441
 3550.0  2465.523
 3555.0  2468.530
 3560.0  2471.377
 3565.0  2473.981
 3570.0  2476.606
 3575.0  2479.427
 3580.0  2482.224
 3585.0  2484.781
 3590.0  2486.877
 3595.0  2488.296
 3600.0  2488.817
 3605.0  2488.805
 3610.0  2488.723
 3615.0  2488.500
 3620.0  2488.065
 3625.0  2487.348
 3630.0  2486.279
 3635.0  2484.786
