 2865.0   965.853
 2870.0   988.766
 2875.0  1011.501
 2880.0  1034.056
 2885.0  1056.429
 2890.0  1078.617
 2895.0  1100.619
 2900.0  1122.432
 2905.0  1144.093
 2910.0  1165.619
 2915.0  1186.979
 2920.0  1208.144
 2925.0  1229.082
 2930.0  1249.764
 2935.0  1270.159
 2940.0  1290.589
 2945.0  1311.198
 2950.0  1331.680
 2955.0  1351.732
 2960.0  1371.052
 2965.0  1389.334
 2970.0  1406.277
 2975.0  1421.721
 2980.0  1435.975
 2985.0  1449.432
 2990.0  1462.485
 2995.0  1475.528
 3000.0  1488.954
 3005.0  1503.157
 3010.0  1518.250
 3015.0  1533.931
 3020.0  1549.975
 3025.0  1566.153
 3030.0  1582.240
 3035.0  1598.009
 3040.0  1613.233
 3045.0  1627.922
 3050.0  1642.290
 3055.0  1656.414
 3060.0  1670.372
 3065.0  1684.241
 3070.0  1698.098
 3075.0  1712.021
 3080.0  1726.055
 3085.0  1740.147
 3090.0  1754.225
 3095.0  1768.219
 3100.0  1782.059
 3105.0  1795.675
 3110.0  1808.997
 3115.0  1822.040
 3120.0  1834.879
 3125.0  1847.532
 3130.0  1860.014
 3135.0  1872.342
 3140.0  1884.532
 3145.0  1896.600
 3150.0  1908.612
 3155.0  1920.580
 3160.0  1932.438
 3165.0  1944.119
 3170.0  1955.558
 3175.0  1966.689
 3180.0  1977.446
 3185.0  1987.779
 3190.0  1997.745
 3195.0  2007.439
 3200.0  2016.957
 3205.0  2026.391
 3210.0  2035.838
 3215.0  2045.392
 3220.0  2055.169
 3225.0  2065.123
 3230.0  2075.108
 3235.0  2084.975
 3240.0  2094.578
 3245.0  2103.769
 3250.0  2112.401
 3255.0  2120.627
 3260.0  2128.657
 3265.0  2136.430
 3270.0  2143.885
 3275.0  2150.959
 3280.0  2157.590
 3285.0  2163.718
 3290.0  2169.252
 3295.0  2174.261
 3300.0  2178.930
 3305.0  2183.440
 3310.0  2187.974
 3315.0  2192.713
 3320.0  2197.841
 3325.0  2203.426
 3330.0  2209.342
 3335.0  2215.475
 3340.0  2221.711
 3345.0  2227.935
 3350.0  2234.036
 3355.0  2239.897
 3360.0  2245.654
 3365.0  2251.456
 3370.0  2257.209
 3375.0  2262.823
 3380.0  2268.205
 3385.0  2273.265
 3390.0  2277.909
 3395.0  2282.080
 3400.0  2285.870
 3405.0  2289.415
 3410.0  2292.851
 3415.0  2296.313
 3420.0  2299.938
 3425.0  2303.862
 3430.0  2308.180
 3435.0  2312.814
 3440.0  2317.637
 3445.0  2322.521
 3450.0  2327.341
 3455.0  2331.968
 3460.0  2336.276
 3465.0  2340.328
 3470.0  2344.270
 3475.0  2348.095
 3480.0  2351.796
 3485.0  2355.366
 3490.0  2358.800
 3495.0  2362.090
 3500.0  2365.231
 3505.0  2296.469
 3510.0  2300.738
 3515.0  2304.598
 3520.0  2307.973
 3525.0  2310.785
 3530.0  2312.956
 3535.0  2314.628
 3540.0  2316.035
 3545.0  2317.245
 3550.0  2318.323
 3555.0  2319.337
 3560.0  2320.352
 3565.0  2321.435
 3570.0  2322.688
 3575.0  2324.088
 3580.0  2325.511
 3585.0  2326.833
 3590.0  2327.931
 3595.0  2328.680
 3600.0  2328.957
 3605.0  2327.977
 3610.0  2325.201
 3615.0  2320.878
 3620.0  2315.255
 3625.0  2308.582
 3630.0  2301.105
 3635.0  2293.073
