 2865.0   860.260
 2870.0   884.901
 2875.0   909.064
 2880.0   932.731
 2885.0   955.884
 2890.0   978.506
 2895.0  1000.578
 2900.0  1022.084
 2905.0  1043.085
 2910.0  1063.644
 2915.0  1083.748
 2920.0  1103.381
 2925.0  1122.530
 2930.0  1141.180
 2935.0  1159.317
 2940.0  1176.811
 2945.0  1193.659
 2950.0  1210.035
 2955.0  1226.114
 2960.0  1242.069
 2965.0  1258.075
 2970.0  1274.308
 2975.0  1290.840
 2980.0  1307.542
 2985.0  1324.281
 2990.0  1340.924
 2995.0  1357.341
 3000.0  1373.398
 3005.0  1388.962
 3010.0  1404.069
 3015.0  1418.860
 3020.0  1433.365
 3025.0  1447.614
 3030.0  1461.638
 3035.0  1475.465
 3040.0  1489.126
 3045.0  1502.446
 3050.0  1515.347
 3055.0  1528.004
 3060.0  1540.591
 3065.0  1553.283
 3070.0  1566.254
 3075.0  1579.678
 3080.0  1593.765
 3085.0  1608.439
 3090.0  1623.445
 3095.0  1638.533
 3100.0  1653.448
 3105.0  1667.939
 3110.0  1681.752
 3115.0  1694.953
 3120.0  1707.806
 3125.0  1720.356
 3130.0  1732.645
 3135.0  1744.719
 3140.0  1756.622
 3145.0  1768.397
 3150.0  1780.061
 3155.0  1791.588
 3160.0  1802.955
 3165.0  1814.138
 3170.0  1825.118
 3175.0  1835.869
 3180.0  1846.372
 3185.0  1856.657
 3190.0  1866.765
 3195.0  1876.685
 3200.0  1886.407
 3205.0  1895.919
 3210.0  1905.212
 3215.0  1914.274
 3220.0  1923.147
 3225.0  1931.865
 3230.0  1940.405
 3235.0  1948.745
 3240.0  1956.863
 3245.0  1964.736
 3250.0  1972.342
 3255.0  1979.567
 3260.0  1986.408
 3265.0  1993.007
 3270.0  1999.507
 3275.0  2006.051
 3280.0  2012.781
 3285.0  2019.839
 3290.0  2027.415
 3295.0  2035.453
 3300.0  2043.725
 3305.0  2052.007
 3310.0  2060.072
 3315.0  2067.696
 3320.0  2074.651
 3325.0  2081.015
 3330.0  2087.048
 3335.0  2092.800
 3340.0  2098.323
 3345.0  2103.667
 3350.0  2108.883
 3355.0  2114.022
 3360.0  2118.950
 3365.0  2123.587
 3370.0  2128.061
 3375.0  2132.498
 3380.0  2137.029
 3385.0  2141.780
 3390.0  2146.881
 3395.0  2152.538
 3400.0  2158.726
 3405.0  2165.222
 3410.0  2171.801
 3415.0  2178.241
 3420.0  2184.317
 3425.0  2189.807
 3430.0  2194.689
 3435.0  2199.182
 3440.0  2203.423
 3445.0  2207.547
 3450.0  2211.692
 3455.0  2215.994
 3460.0  2220.589
 3465.0  2225.447
 3470.0  2230.445
 3475.0  2235.576
 3480.0  2240.838
 3485.0  2246.225
 3490.0  2251.733
 3495.0  2257.356
 3500.0  2263.091
 3505.0  2195.739
 3510.0  2199.146
 3515.0  2202.388
 3520.0  2205.451
 3525.0  2208.323
 3530.0  2210.989
 3535.0  2213.392
 3540.0  2215.546
 3545.0  2217.546
 3550.0  2219.484
 3555.0  2221.453
 3560.0  2223.548
 3565.0  2225.860
 3570.0  2228.443
 3575.0  2231.242
 3580.0  2234.192
 3585.0  2237.225
 3590.0  2240.275
 3595.0  2243.275
 3600.0  2246.159
 3605.0  2248.951
 3610.0  2251.717
 3615.0  2254.457
 3620.0  2257.172
 3625.0  2259.860
 3630.0  2262.522
 3635.0  2265.156
