 2865.0  1001.886
 2870.0  1027.657
 2875.0  1052.975
 2880.0  1077.824
 2885.0  1102.191
 2890.0  1126.061
 2895.0  1149.418
 2900.0  1172.249
 2905.0  1194.471
 2910.0  1216.095
 2915.0  1237.240
 2920.0  1258.027
 2925.0  1278.576
 2930.0  1299.009
 2935.0  1319.444
 2940.0  1339.986
 2945.0  1360.563
 2950.0  1381.038
 2955.0  1401.270
 2960.0  1421.122
 2965.0  1440.453
 2970.0  1459.126
 2975.0  1477.194
 2980.0  1494.823
 2985.0  1512.042
 2990.0  1528.879
 2995.0  1545.362
 3000.0  1561.519
 3005.0  1577.380
 3010.0  1592.778
 3015.0  1607.649
 3020.0  1622.170
 3025.0  1636.517
 3030.0  1650.868
 3035.0  1665.398
 3040.0  1680.286
 3045.0  1695.491
 3050.0  1710.847
 3055.0  1726.337
 3060.0  1741.944
 3065.0  1757.652
 3070.0  1773.443
 3075.0  1789.303
 3080.0  1805.580
 3085.0  1822.408
 3090.0  1839.445
 3095.0  1856.345
 3100.0  1872.767
 3105.0  1888.365
 3110.0  1902.797
 3115.0  1916.063
 3120.0  1928.532
 3125.0  1940.411
 3130.0  1951.908
 3135.0  1963.231
 3140.0  1974.588
 3145.0  1986.186
 3150.0  1998.134
 3155.0  2010.281
 3160.0  2022.453
 3165.0  2034.472
 3170.0  2046.163
 3175.0  2057.350
 3180.0  2067.855
 3185.0  2077.639
 3190.0  2086.878
 3195.0  2095.726
 3200.0  2104.335
 3205.0  2112.858
 3210.0  2121.447
 3215.0  2130.254
 3220.0  2139.342
 3225.0  2148.597
 3230.0  2157.905
 3235.0  2167.153
 3240.0  2176.227
 3245.0  2185.015
 3250.0  2193.403
 3255.0  2201.501
 3260.0  2209.461
 3265.0  2217.232
 3270.0  2224.765
 3275.0  2232.010
 3280.0  2238.915
 3285.0  2245.432
 3290.0  2251.453
 3295.0  2257.015
 3300.0  2262.286
 3305.0  2267.429
 3310.0  2272.612
 3315.0  2277.999
 3320.0  2283.757
 3325.0  2289.991
 3330.0  2296.601
 3335.0  2303.440
 3340.0  2310.363
 3345.0  2317.226
 3350.0  2323.881
 3355.0  2330.185
 3360.0  2336.170
 3365.0  2341.986
 3370.0  2347.658
 3375.0  2353.215
 3380.0  2358.683
 3385.0  2364.090
 3390.0  2369.464
 3395.0  2374.859
 3400.0  2380.274
 3405.0  2385.644
 3410.0  2390.909
 3415.0  2396.006
 3420.0  2400.872
 3425.0  2405.445
 3430.0  2409.699
 3435.0  2413.698
 3440.0  2417.515
 3445.0  2421.223
 3450.0  2424.896
 3455.0  2428.607
 3460.0  2432.430
 3465.0  2436.339
 3470.0  2440.263
 3475.0  2444.200
 3480.0  2448.152
 3485.0  2452.117
 3490.0  2456.096
 3495.0  2460.088
 3500.0  2464.094
 3505.0  2395.202
 3510.0  2398.022
 3515.0  2400.672
 3520.0  2403.132
 3525.0  2405.384
 3530.0  2407.410
 3535.0  2409.276
 3540.0  2411.049
 3545.0  2412.712
 3550.0  2414.248
 3555.0  2415.639
 3560.0  2416.868
 3565.0  2417.918
 3570.0  2418.890
 3575.0  2419.862
 3580.0  2420.779
 3585.0  2421.587
 3590.0  2422.232
 3595.0  2422.659
 3600.0  2422.813
 3605.0  2421.611
 3610.0  2418.226
 3615.0  2412.987
 3620.0  2406.227
 3625.0  2398.275
 3630.0  2389.462
 3635.0  2380.119
