 2865.0   958.959
 2870.0   985.311
 2875.0  1011.086
 2880.0  1036.257
 2885.0  1060.801
 2890.0  1084.692
 2895.0  1107.904
 2900.0  1130.413
 2905.0  1152.183
 2910.0  1173.263
 2915.0  1193.755
 2920.0  1213.764
 2925.0  1233.391
 2930.0  1252.741
 2935.0  1271.916
 2940.0  1290.917
 2945.0  1309.663
 2950.0  1328.135
 2955.0  1346.314
 2960.0  1364.181
 2965.0  1381.718
 2970.0  1398.904
 2975.0  1415.764
 2980.0  1432.334
 2985.0  1448.617
 2990.0  1464.615
 2995.0  1480.332
 3000.0  1495.769
 3005.0  1510.930
 3010.0  1525.684
 3015.0  1539.998
 3020.0  1554.015
 3025.0  1567.882
 3030.0  1581.742
 3035.0  1595.741
 3040.0  1610.023
 3045.0  1624.580
 3050.0  1639.280
 3055.0  1654.087
 3060.0  1668.964
 3065.0  1683.874
 3070.0  1698.780
 3075.0  1713.645
 3080.0  1728.758
 3085.0  1744.248
 3090.0  1759.840
 3095.0  1775.254
 3100.0  1790.216
 3105.0  1804.447
 3110.0  1817.670
 3115.0  1829.815
 3120.0  1841.160
 3125.0  1851.951
 3130.0  1862.435
 3135.0  1872.859
 3140.0  1883.470
 3145.0  1894.516
 3150.0  1906.082
 3155.0  1917.980
 3160.0  1930.046
 3165.0  1942.114
 3170.0  1954.018
 3175.0  1965.595
 3180.0  1976.677
 3185.0  1987.353
 3190.0  1997.813
 3195.0  2008.044
 3200.0  2018.036
 3205.0  2027.776
 3210.0  2037.252
 3215.0  2046.454
 3220.0  2055.437
 3225.0  2064.244
 3230.0  2072.845
 3235.0  2081.210
 3240.0  2089.308
 3245.0  2097.111
 3250.0  2104.587
 3255.0  2111.554
 3260.0  2117.997
 3265.0  2124.140
 3270.0  2130.209
 3275.0  2136.427
 3280.0  2143.018
 3285.0  2150.207
 3290.0  2158.768
 3295.0  2168.797
 3300.0  2179.503
 3305.0  2190.094
 3310.0  2199.780
 3315.0  2207.769
 3320.0  2213.271
 3325.0  2216.728
 3330.0  2219.332
 3335.0  2221.417
 3340.0  2223.316
 3345.0  2225.363
 3350.0  2227.892
 3355.0  2231.235
 3360.0  2236.327
 3365.0  2243.432
 3370.0  2251.886
 3375.0  2261.023
 3380.0  2270.179
 3385.0  2278.687
 3390.0  2285.882
 3395.0  2291.971
 3400.0  2297.656
 3405.0  2303.024
 3410.0  2308.160
 3415.0  2313.148
 3420.0  2318.075
 3425.0  2323.023
 3430.0  2327.917
 3435.0  2332.655
 3440.0  2337.296
 3445.0  2341.892
 3450.0  2346.501
 3455.0  2351.176
 3460.0  2355.974
 3465.0  2360.878
 3470.0  2365.836
 3475.0  2370.846
 3480.0  2375.908
 3485.0  2381.021
 3490.0  2386.185
 3495.0  2391.397
 3500.0  2396.659
 3505.0  2300.803
 3510.0  2303.231
 3515.0  2305.561
 3520.0  2307.785
 3525.0  2309.897
 3530.0  2311.890
 3535.0  2313.662
 3540.0  2315.193
 3545.0  2316.606
 3550.0  2318.020
 3555.0  2319.559
 3560.0  2321.342
 3565.0  2323.490
 3570.0  2326.753
 3575.0  2331.373
 3580.0  2336.718
 3585.0  2342.156
 3590.0  2347.052
 3595.0  2350.774
 3600.0  2352.688
 3605.0  2353.446
 3610.0  2354.117
 3615.0  2354.688
 3620.0  2355.151
 3625.0  2355.494
 3630.0  2355.708
 3635.0  2355.782
