 2865.0   483.401
 2870.0   495.218
 2875.0   506.864
 2880.0   518.335
 2885.0   529.628
 2890.0   540.737
 2895.0   551.658
 2900.0   562.388
 2905.0   572.829
 2910.0   582.960
 2915.0   592.889
 2920.0   602.724
 2925.0   612.573
 2930.0   622.544
 2935.0   632.745
 2940.0   643.555
 2945.0   655.007
 2950.0   666.688
 2955.0   678.185
 2960.0   689.086
 2965.0   698.978
 2970.0   707.449
 2975.0   714.484
 2980.0   720.573
 2985.0   726.064
 2990.0   731.301
 2995.0   736.630
 3000.0   742.396
 3005.0   748.947
 3010.0   756.568
 3015.0   765.099
 3020.0   774.213
 3025.0   783.584
 3030.0   792.884
 3035.0   801.787
 3040.0   809.966
 3045.0   817.466
 3050.0   824.612
 3055.0   831.499
 3060.0   838.220
 3065.0   844.868
 3070.0   851.537
 3075.0   858.321
 3080.0   865.232
 3085.0   872.192
 3090.0   879.156
 3095.0   886.081
 3100.0   892.923
 3105.0   899.636
 3110.0   906.179
 3115.0   912.561
 3120.0   918.831
 3125.0   924.997
 3130.0   931.068
 3135.0   937.055
 3140.0   942.965
 3145.0   948.809
 3150.0   954.730
 3155.0   960.768
 3160.0   966.782
 3165.0   972.628
 3170.0   978.165
 3175.0   983.250
 3180.0   987.740
 3185.0   991.540
 3190.0   994.797
 3195.0   997.740
 3200.0  1000.592
 3205.0  1003.581
 3210.0  1006.931
 3215.0  1010.870
 3220.0  1016.047
 3225.0  1022.564
 3230.0  1029.818
 3235.0  1037.208
 3240.0  1044.131
 3245.0  1049.986
 3250.0  1054.170
 3255.0  1056.968
 3260.0  1059.200
 3265.0  1061.069
 3270.0  1062.776
 3275.0  1064.524
 3280.0  1066.515
 3285.0  1068.952
 3290.0  1072.212
 3295.0  1076.289
 3300.0  1080.811
 3305.0  1085.405
 3310.0  1089.698
 3315.0  1093.318
 3320.0  1095.893
 3325.0  1097.566
 3330.0  1098.839
 3335.0  1099.873
 3340.0  1100.833
 3345.0  1101.882
 3350.0  1103.181
 3355.0  1104.895
 3360.0  1107.667
 3365.0  1111.720
 3370.0  1116.581
 3375.0  1121.781
 3380.0  1126.847
 3385.0  1131.309
 3390.0  1134.697
 3395.0  1137.239
 3400.0  1139.511
 3405.0  1141.561
 3410.0  1143.436
 3415.0  1145.182
 3420.0  1146.849
 3425.0  1148.482
 3430.0  1150.030
 3435.0  1151.442
 3440.0  1152.770
 3445.0  1154.063
 3450.0  1155.372
 3455.0  1156.748
 3460.0  1158.243
 3465.0  1159.849
 3470.0  1161.523
 3475.0  1163.264
 3480.0  1165.067
 3485.0  1166.930
 3490.0  1168.849
 3495.0  1170.822
 3500.0  1172.845
 3505.0  1141.973
 3510.0  1141.739
 3515.0  1141.598
 3520.0  1141.525
 3525.0  1141.498
 3530.0  1141.494
 3535.0  1142.196
 3540.0  1144.007
 3545.0  1146.488
 3550.0  1149.201
 3555.0  1151.706
 3560.0  1153.564
 3565.0  1154.336
 3570.0  1154.403
 3575.0  1154.445
 3580.0  1154.472
 3585.0  1154.495
 3590.0  1154.522
 3595.0  1154.564
 3600.0  1154.630
 3605.0  1154.944
 3610.0  1155.676
 3615.0  1156.759
 3620.0  1158.126
 3625.0  1159.707
 3630.0  1161.436
 3635.0  1163.243
