 2865.0   979.437
 2870.0  1006.396
 2875.0  1032.986
 2880.0  1059.198
 2885.0  1085.022
 2890.0  1110.451
 2895.0  1135.475
 2900.0  1160.085
 2905.0  1184.392
 2910.0  1208.456
 2915.0  1232.190
 2920.0  1255.504
 2925.0  1278.311
 2930.0  1300.525
 2935.0  1322.056
 2940.0  1342.874
 2945.0  1363.078
 2950.0  1382.770
 2955.0  1402.056
 2960.0  1421.040
 2965.0  1439.825
 2970.0  1458.516
 2975.0  1477.187
 2980.0  1495.777
 2985.0  1514.186
 2990.0  1532.315
 2995.0  1550.062
 3000.0  1567.328
 3005.0  1584.012
 3010.0  1599.962
 3015.0  1615.240
 3020.0  1630.067
 3025.0  1644.668
 3030.0  1659.263
 3035.0  1674.075
 3040.0  1689.326
 3045.0  1705.166
 3050.0  1721.449
 3055.0  1737.957
 3060.0  1754.474
 3065.0  1770.780
 3070.0  1786.659
 3075.0  1801.894
 3080.0  1816.663
 3085.0  1831.236
 3090.0  1845.533
 3095.0  1859.471
 3100.0  1872.970
 3105.0  1885.948
 3110.0  1898.324
 3115.0  1909.827
 3120.0  1920.476
 3125.0  1930.623
 3130.0  1940.622
 3135.0  1950.826
 3140.0  1961.587
 3145.0  1973.259
 3150.0  1986.277
 3155.0  2000.520
 3160.0  2015.510
 3165.0  2030.770
 3170.0  2045.819
 3175.0  2060.179
 3180.0  2073.372
 3185.0  2085.568
 3190.0  2097.290
 3195.0  2108.586
 3200.0  2119.509
 3205.0  2130.107
 3210.0  2140.431
 3215.0  2150.531
 3220.0  2160.439
 3225.0  2170.139
 3230.0  2179.605
 3235.0  2188.814
 3240.0  2197.739
 3245.0  2206.358
 3250.0  2214.644
 3255.0  2222.491
 3260.0  2229.904
 3265.0  2237.031
 3270.0  2244.017
 3275.0  2251.011
 3280.0  2258.160
 3285.0  2265.609
 3290.0  2273.730
 3295.0  2282.521
 3300.0  2291.566
 3305.0  2300.451
 3310.0  2308.761
 3315.0  2316.083
 3320.0  2322.000
 3325.0  2326.538
 3330.0  2330.224
 3335.0  2333.403
 3340.0  2336.421
 3345.0  2339.622
 3350.0  2343.351
 3355.0  2347.953
 3360.0  2354.244
 3365.0  2362.365
 3370.0  2371.650
 3375.0  2381.432
 3380.0  2391.045
 3385.0  2399.821
 3390.0  2407.095
 3395.0  2413.074
 3400.0  2418.505
 3405.0  2423.525
 3410.0  2428.272
 3415.0  2432.884
 3420.0  2437.499
 3425.0  2442.254
 3430.0  2447.010
 3435.0  2451.600
 3440.0  2456.117
 3445.0  2460.657
 3450.0  2465.314
 3455.0  2470.183
 3460.0  2475.357
 3465.0  2480.846
 3470.0  2486.586
 3475.0  2492.566
 3480.0  2498.773
 3485.0  2505.196
 3490.0  2511.823
 3495.0  2518.642
 3500.0  2525.640
 3505.0  2435.913
 3510.0  2438.620
 3515.0  2441.332
 3520.0  2444.049
 3525.0  2446.771
 3530.0  2449.497
 3535.0  2452.185
 3540.0  2454.819
 3545.0  2457.445
 3550.0  2460.103
 3555.0  2462.838
 3560.0  2465.693
 3565.0  2468.711
 3570.0  2472.163
 3575.0  2476.114
 3580.0  2480.292
 3585.0  2484.428
 3590.0  2488.253
 3595.0  2491.496
 3600.0  2493.888
 3605.0  2495.746
 3610.0  2497.521
 3615.0  2499.145
 3620.0  2500.551
 3625.0  2501.669
 3630.0  2502.432
 3635.0  2502.772
