 2865.0   956.995
 2870.0   981.365
 2875.0  1005.363
 2880.0  1028.979
 2885.0  1052.203
 2890.0  1075.024
 2895.0  1097.434
 2900.0  1119.420
 2905.0  1140.916
 2910.0  1161.922
 2915.0  1182.535
 2920.0  1202.851
 2925.0  1222.964
 2930.0  1242.971
 2935.0  1262.968
 2940.0  1283.159
 2945.0  1303.532
 2950.0  1323.851
 2955.0  1343.882
 2960.0  1363.390
 2965.0  1382.141
 2970.0  1399.899
 2975.0  1416.568
 2980.0  1432.373
 2985.0  1447.563
 2990.0  1462.387
 2995.0  1477.093
 3000.0  1491.932
 3005.0  1507.153
 3010.0  1522.887
 3015.0  1538.958
 3020.0  1555.150
 3025.0  1571.250
 3030.0  1587.042
 3035.0  1602.312
 3040.0  1616.845
 3045.0  1630.574
 3050.0  1643.697
 3055.0  1656.391
 3060.0  1668.836
 3065.0  1681.212
 3070.0  1693.697
 3075.0  1706.470
 3080.0  1719.459
 3085.0  1732.481
 3090.0  1745.549
 3095.0  1758.677
 3100.0  1771.879
 3105.0  1785.168
 3110.0  1798.557
 3115.0  1812.118
 3120.0  1825.864
 3125.0  1839.721
 3130.0  1853.615
 3135.0  1867.472
 3140.0  1881.216
 3145.0  1894.775
 3150.0  1908.581
 3155.0  1922.843
 3160.0  1937.157
 3165.0  1951.118
 3170.0  1964.321
 3175.0  1976.360
 3180.0  1986.830
 3185.0  1995.831
 3190.0  2003.904
 3195.0  2011.305
 3200.0  2018.290
 3205.0  2025.116
 3210.0  2032.040
 3215.0  2039.317
 3220.0  2046.936
 3225.0  2054.664
 3230.0  2062.429
 3235.0  2070.157
 3240.0  2077.775
 3245.0  2085.212
 3250.0  2092.393
 3255.0  2099.292
 3260.0  2105.971
 3265.0  2112.492
 3270.0  2118.919
 3275.0  2125.314
 3280.0  2131.739
 3285.0  2138.257
 3290.0  2144.881
 3295.0  2151.559
 3300.0  2158.259
 3305.0  2164.946
 3310.0  2171.585
 3315.0  2178.144
 3320.0  2184.588
 3325.0  2191.063
 3330.0  2197.652
 3335.0  2204.221
 3340.0  2210.636
 3345.0  2216.764
 3350.0  2222.472
 3355.0  2227.627
 3360.0  2232.143
 3365.0  2236.152
 3370.0  2239.853
 3375.0  2243.442
 3380.0  2247.115
 3385.0  2251.069
 3390.0  2255.502
 3395.0  2260.836
 3400.0  2267.073
 3405.0  2273.772
 3410.0  2280.495
 3415.0  2286.803
 3420.0  2292.255
 3425.0  2296.413
 3430.0  2299.435
 3435.0  2301.906
 3440.0  2304.023
 3445.0  2305.987
 3450.0  2307.996
 3455.0  2310.250
 3460.0  2312.948
 3465.0  2316.115
 3470.0  2319.625
 3475.0  2323.450
 3480.0  2327.564
 3485.0  2331.938
 3490.0  2336.546
 3495.0  2341.359
 3500.0  2346.350
 3505.0  2276.002
 3510.0  2279.840
 3515.0  2283.287
 3520.0  2286.259
 3525.0  2288.677
 3530.0  2290.457
 3535.0  2291.867
 3540.0  2293.195
 3545.0  2294.391
 3550.0  2295.407
 3555.0  2296.194
 3560.0  2296.702
 3565.0  2296.882
 3570.0  2296.855
 3575.0  2296.777
 3580.0  2296.647
 3585.0  2296.467
 3590.0  2296.240
 3595.0  2295.965
 3600.0  2295.645
 3605.0  2294.264
 3610.0  2291.011
 3615.0  2286.188
 3620.0  2280.101
 3625.0  2273.054
 3630.0  2265.350
 3635.0  2257.295
