 2865.0   941.649
 2870.0   959.500
 2875.0   977.829
 2880.0   996.622
 2885.0  1015.863
 2890.0  1035.538
 2895.0  1055.631
 2900.0  1076.127
 2905.0  1097.651
 2910.0  1120.450
 2915.0  1143.938
 2920.0  1167.530
 2925.0  1190.640
 2930.0  1212.684
 2935.0  1233.077
 2940.0  1251.991
 2945.0  1270.074
 2950.0  1287.452
 2955.0  1304.252
 2960.0  1320.600
 2965.0  1336.621
 2970.0  1352.443
 2975.0  1367.707
 2980.0  1382.199
 2985.0  1396.262
 2990.0  1410.235
 2995.0  1424.462
 3000.0  1439.283
 3005.0  1455.040
 3010.0  1472.408
 3015.0  1491.350
 3020.0  1511.140
 3025.0  1531.050
 3030.0  1550.355
 3035.0  1568.328
 3040.0  1584.242
 3045.0  1598.262
 3050.0  1611.214
 3055.0  1623.361
 3060.0  1634.967
 3065.0  1646.297
 3070.0  1657.615
 3075.0  1669.184
 3080.0  1680.772
 3085.0  1692.068
 3090.0  1703.220
 3095.0  1714.376
 3100.0  1725.684
 3105.0  1737.293
 3110.0  1749.349
 3115.0  1761.985
 3120.0  1775.125
 3125.0  1788.610
 3130.0  1802.282
 3135.0  1815.981
 3140.0  1829.548
 3145.0  1842.824
 3150.0  1856.001
 3155.0  1869.286
 3160.0  1882.542
 3165.0  1895.630
 3170.0  1908.413
 3175.0  1920.752
 3180.0  1932.509
 3185.0  1943.796
 3190.0  1954.797
 3195.0  1965.487
 3200.0  1975.840
 3205.0  1985.831
 3210.0  1995.433
 3215.0  2004.622
 3220.0  2013.410
 3225.0  2021.854
 3230.0  2029.993
 3235.0  2037.864
 3240.0  2045.506
 3245.0  2052.957
 3250.0  2060.255
 3255.0  2067.391
 3260.0  2074.337
 3265.0  2081.108
 3270.0  2087.719
 3275.0  2094.183
 3280.0  2100.514
 3285.0  2106.727
 3290.0  2112.779
 3295.0  2118.651
 3300.0  2124.389
 3305.0  2130.038
 3310.0  2135.646
 3315.0  2141.259
 3320.0  2146.924
 3325.0  2152.540
 3330.0  2158.034
 3335.0  2163.490
 3340.0  2168.991
 3345.0  2174.621
 3350.0  2180.464
 3355.0  2186.604
 3360.0  2194.010
 3365.0  2202.946
 3370.0  2212.439
 3375.0  2221.516
 3380.0  2229.205
 3385.0  2234.531
 3390.0  2236.523
 3395.0  2236.482
 3400.0  2236.375
 3405.0  2236.229
 3410.0  2236.070
 3415.0  2235.924
 3420.0  2235.817
 3425.0  2235.776
 3430.0  2238.275
 3435.0  2244.884
 3440.0  2254.271
 3445.0  2265.104
 3450.0  2276.051
 3455.0  2285.779
 3460.0  2292.958
 3465.0  2298.305
 3470.0  2303.374
 3475.0  2308.082
 3480.0  2312.347
 3485.0  2316.085
 3490.0  2319.215
 3495.0  2321.652
 3500.0  2323.316
 3505.0  2241.355
 3510.0  2242.564
 3515.0  2244.007
 3520.0  2245.639
 3525.0  2247.412
 3530.0  2249.281
 3535.0  2251.540
 3540.0  2254.401
 3545.0  2257.692
 3550.0  2261.244
 3555.0  2264.886
 3560.0  2268.448
 3565.0  2271.759
 3570.0  2274.985
 3575.0  2278.332
 3580.0  2281.693
 3585.0  2284.960
 3590.0  2288.025
 3595.0  2290.780
 3600.0  2293.117
 3605.0  2295.166
 3610.0  2297.109
 3615.0  2298.919
 3620.0  2300.567
 3625.0  2302.026
 3630.0  2303.266
 3635.0  2304.261
