 2865.0   933.564
 2870.0   960.561
 2875.0   987.014
 2880.0  1012.901
 2885.0  1038.203
 2890.0  1062.896
 2895.0  1086.962
 2900.0  1110.378
 2905.0  1133.141
 2910.0  1155.303
 2915.0  1176.923
 2920.0  1198.059
 2925.0  1218.770
 2930.0  1239.115
 2935.0  1259.153
 2940.0  1278.861
 2945.0  1298.195
 2950.0  1317.181
 2955.0  1335.844
 2960.0  1354.211
 2965.0  1372.308
 2970.0  1390.160
 2975.0  1407.781
 2980.0  1425.160
 2985.0  1442.291
 2990.0  1459.165
 2995.0  1475.775
 3000.0  1492.113
 3005.0  1508.172
 3010.0  1523.884
 3015.0  1539.243
 3020.0  1554.334
 3025.0  1569.240
 3030.0  1584.045
 3035.0  1598.832
 3040.0  1613.686
 3045.0  1628.763
 3050.0  1644.041
 3055.0  1659.336
 3060.0  1674.464
 3065.0  1689.240
 3070.0  1703.481
 3075.0  1717.002
 3080.0  1729.608
 3085.0  1741.429
 3090.0  1752.770
 3095.0  1763.936
 3100.0  1775.232
 3105.0  1786.962
 3110.0  1799.432
 3115.0  1812.989
 3120.0  1827.501
 3125.0  1842.557
 3130.0  1857.744
 3135.0  1872.651
 3140.0  1886.865
 3145.0  1899.974
 3150.0  1912.078
 3155.0  1923.619
 3160.0  1934.702
 3165.0  1945.432
 3170.0  1955.914
 3175.0  1966.252
 3180.0  1976.551
 3185.0  1986.749
 3190.0  1996.738
 3195.0  2006.555
 3200.0  2016.237
 3205.0  2025.822
 3210.0  2035.347
 3215.0  2044.848
 3220.0  2054.475
 3225.0  2064.243
 3230.0  2073.996
 3235.0  2083.574
 3240.0  2092.818
 3245.0  2101.571
 3250.0  2109.673
 3255.0  2117.107
 3260.0  2124.050
 3265.0  2130.634
 3270.0  2136.992
 3275.0  2143.259
 3280.0  2149.565
 3285.0  2156.045
 3290.0  2162.742
 3295.0  2169.555
 3300.0  2176.394
 3305.0  2183.170
 3310.0  2189.792
 3315.0  2196.172
 3320.0  2202.219
 3325.0  2207.846
 3330.0  2213.116
 3335.0  2218.169
 3340.0  2223.146
 3345.0  2228.189
 3350.0  2233.437
 3355.0  2239.031
 3360.0  2245.162
 3365.0  2251.782
 3370.0  2258.670
 3375.0  2265.609
 3380.0  2272.379
 3385.0  2278.760
 3390.0  2284.534
 3395.0  2289.727
 3400.0  2294.573
 3405.0  2299.164
 3410.0  2303.594
 3415.0  2307.953
 3420.0  2312.335
 3425.0  2316.833
 3430.0  2321.333
 3435.0  2325.718
 3440.0  2330.068
 3445.0  2334.463
 3450.0  2338.986
 3455.0  2343.716
 3460.0  2348.734
 3465.0  2354.056
 3470.0  2359.634
 3475.0  2365.454
 3480.0  2371.505
 3485.0  2377.774
 3490.0  2384.249
 3495.0  2390.917
 3500.0  2397.766
 3505.0  2301.336
 3510.0  2303.508
 3515.0  2305.759
 3520.0  2308.086
 3525.0  2310.485
 3530.0  2312.951
 3535.0  2315.667
 3540.0  2318.703
 3545.0  2321.889
 3550.0  2325.052
 3555.0  2328.023
 3560.0  2330.630
 3565.0  2332.703
 3570.0  2334.274
 3575.0  2335.562
 3580.0  2336.676
 3585.0  2337.725
 3590.0  2338.819
 3595.0  2340.066
 3600.0  2341.576
 3605.0  2343.393
 3610.0  2345.472
 3615.0  2347.789
 3620.0  2350.319
 3625.0  2353.039
 3630.0  2355.925
 3635.0  2358.952
