 2865.0   821.840
 2870.0   842.357
 2875.0   862.819
 2880.0   883.227
 2885.0   903.580
 2890.0   923.878
 2895.0   944.121
 2900.0   964.308
 2905.0   984.635
 2910.0  1005.168
 2915.0  1025.712
 2920.0  1046.072
 2925.0  1066.052
 2930.0  1085.457
 2935.0  1104.093
 2940.0  1122.065
 2945.0  1139.610
 2950.0  1156.728
 2955.0  1173.421
 2960.0  1189.689
 2965.0  1205.534
 2970.0  1220.956
 2975.0  1235.965
 2980.0  1250.586
 2985.0  1264.843
 2990.0  1278.763
 2995.0  1292.370
 3000.0  1305.688
 3005.0  1318.744
 3010.0  1331.333
 3015.0  1343.379
 3020.0  1355.098
 3025.0  1366.706
 3030.0  1378.416
 3035.0  1390.446
 3040.0  1403.009
 3045.0  1416.118
 3050.0  1429.596
 3055.0  1443.381
 3060.0  1457.409
 3065.0  1471.616
 3070.0  1485.939
 3075.0  1500.314
 3080.0  1515.157
 3085.0  1530.663
 3090.0  1546.447
 3095.0  1562.118
 3100.0  1577.288
 3105.0  1591.570
 3110.0  1604.575
 3115.0  1616.235
 3120.0  1626.951
 3125.0  1637.033
 3130.0  1646.794
 3135.0  1656.545
 3140.0  1666.596
 3145.0  1677.260
 3150.0  1688.781
 3155.0  1700.972
 3160.0  1713.499
 3165.0  1726.030
 3170.0  1738.229
 3175.0  1749.763
 3180.0  1760.299
 3185.0  1769.945
 3190.0  1779.087
 3195.0  1787.805
 3200.0  1796.178
 3205.0  1804.284
 3210.0  1812.204
 3215.0  1820.016
 3220.0  1827.620
 3225.0  1834.923
 3230.0  1842.016
 3235.0  1848.991
 3240.0  1855.940
 3245.0  1862.955
 3250.0  1870.127
 3255.0  1877.408
 3260.0  1884.703
 3265.0  1892.027
 3270.0  1899.400
 3275.0  1906.837
 3280.0  1914.357
 3285.0  1921.976
 3290.0  1929.944
 3295.0  1938.331
 3300.0  1946.885
 3305.0  1955.353
 3310.0  1963.481
 3315.0  1971.018
 3320.0  1977.711
 3325.0  1983.589
 3330.0  1988.948
 3335.0  1993.936
 3340.0  1998.699
 3345.0  2003.386
 3350.0  2008.144
 3355.0  2013.121
 3360.0  2018.294
 3365.0  2023.525
 3370.0  2028.787
 3375.0  2034.054
 3380.0  2039.300
 3385.0  2044.497
 3390.0  2049.619
 3395.0  2054.732
 3400.0  2059.884
 3405.0  2065.017
 3410.0  2070.075
 3415.0  2075.001
 3420.0  2079.738
 3425.0  2084.231
 3430.0  2088.409
 3435.0  2092.310
 3440.0  2096.043
 3445.0  2099.714
 3450.0  2103.430
 3455.0  2107.298
 3460.0  2111.427
 3465.0  2115.799
 3470.0  2120.322
 3475.0  2124.993
 3480.0  2129.803
 3485.0  2134.748
 3490.0  2139.821
 3495.0  2145.017
 3500.0  2150.330
 3505.0  2076.963
 3510.0  2080.137
 3515.0  2083.298
 3520.0  2086.448
 3525.0  2089.585
 3530.0  2092.710
 3535.0  2095.854
 3540.0  2099.029
 3545.0  2102.202
 3550.0  2105.343
 3555.0  2108.419
 3560.0  2111.398
 3565.0  2114.250
 3570.0  2116.943
 3575.0  2119.500
 3580.0  2121.970
 3585.0  2124.402
 3590.0  2126.846
 3595.0  2129.350
 3600.0  2131.964
 3605.0  2134.675
 3610.0  2137.438
 3615.0  2140.251
 3620.0  2143.113
 3625.0  2146.023
 3630.0  2148.980
 3635.0  2151.982
