 2865.0   863.887
 2870.0   884.913
 2875.0   906.289
 2880.0   928.007
 2885.0   950.060
 2890.0   972.440
 2895.0   995.141
 2900.0  1018.154
 2905.0  1042.192
 2910.0  1067.513
 2915.0  1093.421
 2920.0  1119.225
 2925.0  1144.231
 2930.0  1167.745
 2935.0  1189.075
 2940.0  1208.518
 2945.0  1226.921
 2950.0  1244.407
 2955.0  1261.102
 2960.0  1277.131
 2965.0  1292.619
 2970.0  1307.691
 2975.0  1321.992
 2980.0  1335.333
 2985.0  1348.091
 2990.0  1360.643
 2995.0  1373.365
 3000.0  1386.633
 3005.0  1400.824
 3010.0  1416.250
 3015.0  1432.715
 3020.0  1449.834
 3025.0  1467.222
 3030.0  1484.495
 3035.0  1501.269
 3040.0  1517.157
 3045.0  1532.120
 3050.0  1546.503
 3055.0  1560.503
 3060.0  1574.316
 3065.0  1588.139
 3070.0  1602.169
 3075.0  1616.603
 3080.0  1631.919
 3085.0  1648.107
 3090.0  1664.627
 3095.0  1680.937
 3100.0  1696.499
 3105.0  1710.772
 3110.0  1723.217
 3115.0  1733.703
 3120.0  1742.818
 3125.0  1751.097
 3130.0  1759.074
 3135.0  1767.282
 3140.0  1776.257
 3145.0  1786.532
 3150.0  1798.958
 3155.0  1813.461
 3160.0  1829.184
 3165.0  1845.270
 3170.0  1860.863
 3175.0  1875.107
 3180.0  1887.145
 3185.0  1897.147
 3190.0  1906.078
 3195.0  1914.271
 3200.0  1922.062
 3205.0  1929.783
 3210.0  1937.769
 3215.0  1946.355
 3220.0  1955.695
 3225.0  1965.549
 3230.0  1975.662
 3235.0  1985.781
 3240.0  1995.650
 3245.0  2005.015
 3250.0  2013.620
 3255.0  2021.414
 3260.0  2028.642
 3265.0  2035.498
 3270.0  2042.173
 3275.0  2048.863
 3280.0  2055.760
 3285.0  2063.057
 3290.0  2071.005
 3295.0  2079.523
 3300.0  2088.306
 3305.0  2097.052
 3310.0  2105.455
 3315.0  2113.212
 3320.0  2120.020
 3325.0  2125.943
 3330.0  2131.344
 3335.0  2136.360
 3340.0  2141.131
 3345.0  2145.795
 3350.0  2150.492
 3355.0  2155.361
 3360.0  2160.240
 3365.0  2164.953
 3370.0  2169.614
 3375.0  2174.338
 3380.0  2179.240
 3385.0  2184.436
 3390.0  2190.039
 3395.0  2196.389
 3400.0  2203.536
 3405.0  2211.156
 3410.0  2218.927
 3415.0  2226.529
 3420.0  2233.639
 3425.0  2239.935
 3430.0  2245.453
 3435.0  2250.532
 3440.0  2255.304
 3445.0  2259.903
 3450.0  2264.459
 3455.0  2269.106
 3460.0  2273.977
 3465.0  2279.028
 3470.0  2284.131
 3475.0  2289.283
 3480.0  2294.485
 3485.0  2299.735
 3490.0  2305.033
 3495.0  2310.379
 3500.0  2315.771
 3505.0  2245.025
 3510.0  2248.529
 3515.0  2251.974
 3520.0  2255.358
 3525.0  2258.681
 3530.0  2261.940
 3535.0  2265.101
 3540.0  2268.155
 3545.0  2271.143
 3550.0  2274.102
 3555.0  2277.072
 3560.0  2280.092
 3565.0  2283.200
 3570.0  2286.501
 3575.0  2289.994
 3580.0  2293.565
 3585.0  2297.100
 3590.0  2300.485
 3595.0  2303.604
 3600.0  2306.344
 3605.0  2308.806
 3610.0  2311.153
 3615.0  2313.368
 3620.0  2315.431
 3625.0  2317.324
 3630.0  2319.027
 3635.0  2320.523
