 2865.0   996.451
 2870.0  1021.831
 2875.0  1046.756
 2880.0  1071.210
 2885.0  1095.179
 2890.0  1118.646
 2895.0  1141.598
 2900.0  1164.018
 2905.0  1185.809
 2910.0  1206.978
 2915.0  1227.662
 2920.0  1247.996
 2925.0  1268.119
 2930.0  1288.168
 2935.0  1308.280
 2940.0  1328.503
 2945.0  1348.733
 2950.0  1368.878
 2955.0  1388.847
 2960.0  1408.548
 2965.0  1427.889
 2970.0  1446.777
 2975.0  1465.294
 2980.0  1483.562
 2985.0  1501.546
 2990.0  1519.216
 2995.0  1536.539
 3000.0  1553.483
 3005.0  1570.014
 3010.0  1586.159
 3015.0  1601.970
 3020.0  1617.460
 3025.0  1632.638
 3030.0  1647.517
 3035.0  1662.107
 3040.0  1676.420
 3045.0  1690.221
 3050.0  1703.433
 3055.0  1716.306
 3060.0  1729.091
 3065.0  1742.037
 3070.0  1755.393
 3075.0  1769.410
 3080.0  1784.436
 3085.0  1800.386
 3090.0  1816.859
 3095.0  1833.454
 3100.0  1849.770
 3105.0  1865.406
 3110.0  1879.962
 3115.0  1893.451
 3120.0  1906.272
 3125.0  1918.605
 3130.0  1930.629
 3135.0  1942.525
 3140.0  1954.471
 3145.0  1966.646
 3150.0  1979.228
 3155.0  1992.117
 3160.0  2005.075
 3165.0  2017.865
 3170.0  2030.252
 3175.0  2041.996
 3180.0  2052.862
 3185.0  2062.838
 3190.0  2072.181
 3195.0  2081.061
 3200.0  2089.646
 3205.0  2098.104
 3210.0  2106.604
 3215.0  2115.314
 3220.0  2124.311
 3225.0  2133.472
 3230.0  2142.664
 3235.0  2151.752
 3240.0  2160.603
 3245.0  2169.084
 3250.0  2177.060
 3255.0  2184.537
 3260.0  2191.660
 3265.0  2198.506
 3270.0  2205.152
 3275.0  2211.675
 3280.0  2218.154
 3285.0  2224.665
 3290.0  2231.200
 3295.0  2237.689
 3300.0  2244.118
 3305.0  2250.471
 3310.0  2256.733
 3315.0  2262.889
 3320.0  2268.924
 3325.0  2274.820
 3330.0  2280.587
 3335.0  2286.254
 3340.0  2291.850
 3345.0  2297.404
 3350.0  2302.944
 3355.0  2308.500
 3360.0  2314.116
 3365.0  2319.783
 3370.0  2325.445
 3375.0  2331.048
 3380.0  2336.538
 3385.0  2341.860
 3390.0  2346.958
 3395.0  2351.843
 3400.0  2356.576
 3405.0  2361.177
 3410.0  2365.669
 3415.0  2370.073
 3420.0  2374.409
 3425.0  2378.700
 3430.0  2382.944
 3435.0  2387.126
 3440.0  2391.242
 3445.0  2395.291
 3450.0  2399.269
 3455.0  2403.175
 3460.0  2407.005
 3465.0  2410.767
 3470.0  2414.468
 3475.0  2418.106
 3480.0  2421.679
 3485.0  2425.186
 3490.0  2428.625
 3495.0  2431.994
 3500.0  2435.290
 3505.0  2373.835
 3510.0  2376.331
 3515.0  2378.635
 3520.0  2380.718
 3525.0  2382.552
 3530.0  2384.110
 3535.0  2385.545
 3540.0  2386.975
 3545.0  2388.323
 3550.0  2389.509
 3555.0  2390.453
 3560.0  2391.078
 3565.0  2391.304
 3570.0  2391.282
 3575.0  2391.219
 3580.0  2391.114
 3585.0  2390.968
 3590.0  2390.783
 3595.0  2390.559
 3600.0  2390.297
 3605.0  2388.884
 3610.0  2385.429
 3615.0  2380.265
 3620.0  2373.727
 3625.0  2366.149
 3630.0  2357.863
 3635.0  2349.205
