 2865.0   967.681
 2870.0   995.554
 2875.0  1022.767
 2880.0  1049.289
 2885.0  1075.088
 2890.0  1100.132
 2895.0  1124.390
 2900.0  1147.829
 2905.0  1170.252
 2910.0  1191.671
 2915.0  1212.367
 2920.0  1232.625
 2925.0  1252.725
 2930.0  1272.950
 2935.0  1293.584
 2940.0  1315.003
 2945.0  1337.082
 2950.0  1359.350
 2955.0  1381.335
 2960.0  1402.566
 2965.0  1422.572
 2970.0  1440.880
 2975.0  1457.351
 2980.0  1472.465
 2985.0  1486.680
 2990.0  1500.455
 2995.0  1514.247
 3000.0  1528.517
 3005.0  1543.721
 3010.0  1560.124
 3015.0  1577.424
 3020.0  1595.231
 3025.0  1613.156
 3030.0  1630.811
 3035.0  1647.807
 3040.0  1663.754
 3045.0  1678.611
 3050.0  1692.744
 3055.0  1706.376
 3060.0  1719.730
 3065.0  1733.030
 3070.0  1746.498
 3075.0  1760.357
 3080.0  1774.683
 3085.0  1789.302
 3090.0  1804.069
 3095.0  1818.837
 3100.0  1833.458
 3105.0  1847.787
 3110.0  1861.677
 3115.0  1875.213
 3120.0  1888.565
 3125.0  1901.708
 3130.0  1914.618
 3135.0  1927.272
 3140.0  1939.646
 3145.0  1951.716
 3150.0  1963.508
 3155.0  1975.064
 3160.0  1986.385
 3165.0  1997.472
 3170.0  2008.326
 3175.0  2018.948
 3180.0  2029.339
 3185.0  2039.591
 3190.0  2049.744
 3195.0  2059.722
 3200.0  2069.448
 3205.0  2078.847
 3210.0  2087.842
 3215.0  2096.357
 3220.0  2104.286
 3225.0  2111.690
 3230.0  2118.750
 3235.0  2125.641
 3240.0  2132.543
 3245.0  2139.633
 3250.0  2147.088
 3255.0  2155.077
 3260.0  2163.500
 3265.0  2172.142
 3270.0  2180.785
 3275.0  2189.212
 3280.0  2197.206
 3285.0  2204.551
 3290.0  2211.288
 3295.0  2217.658
 3300.0  2223.737
 3305.0  2229.604
 3310.0  2235.336
 3315.0  2241.010
 3320.0  2246.706
 3325.0  2252.324
 3330.0  2257.765
 3335.0  2263.106
 3340.0  2268.423
 3345.0  2273.789
 3350.0  2279.282
 3355.0  2284.976
 3360.0  2291.071
 3365.0  2297.570
 3370.0  2304.256
 3375.0  2310.912
 3380.0  2317.322
 3385.0  2323.268
 3390.0  2328.534
 3395.0  2333.078
 3400.0  2337.125
 3405.0  2340.861
 3410.0  2344.469
 3415.0  2348.136
 3420.0  2352.046
 3425.0  2356.384
 3430.0  2361.446
 3435.0  2367.189
 3440.0  2373.290
 3445.0  2379.426
 3450.0  2385.273
 3455.0  2390.509
 3460.0  2394.809
 3465.0  2398.458
 3470.0  2401.918
 3475.0  2405.136
 3480.0  2408.060
 3485.0  2410.638
 3490.0  2412.818
 3495.0  2414.545
 3500.0  2415.769
 3505.0  2360.018
 3510.0  2361.423
 3515.0  2362.952
 3520.0  2364.590
 3525.0  2366.325
 3530.0  2368.144
 3535.0  2370.182
 3540.0  2372.517
 3545.0  2375.050
 3550.0  2377.679
 3555.0  2380.302
 3560.0  2382.820
 3565.0  2385.132
 3570.0  2387.342
 3575.0  2389.580
 3580.0  2391.781
 3585.0  2393.880
 3590.0  2395.812
 3595.0  2397.514
 3600.0  2398.920
 3605.0  2400.132
 3610.0  2401.282
 3615.0  2402.343
 3620.0  2403.293
 3625.0  2404.106
 3630.0  2404.758
 3635.0  2405.225
