 2865.0   937.597
 2870.0   961.405
 2875.0   984.756
 2880.0  1007.633
 2885.0  1030.020
 2890.0  1051.901
 2895.0  1073.257
 2900.0  1094.074
 2905.0  1114.296
 2910.0  1133.946
 2915.0  1153.122
 2920.0  1171.924
 2925.0  1190.451
 2930.0  1208.801
 2935.0  1227.073
 2940.0  1245.265
 2945.0  1263.292
 2950.0  1281.132
 2955.0  1298.763
 2960.0  1316.164
 2965.0  1333.312
 2970.0  1350.186
 2975.0  1366.737
 2980.0  1382.977
 2985.0  1398.973
 2990.0  1414.791
 2995.0  1430.496
 3000.0  1446.156
 3005.0  1461.836
 3010.0  1477.725
 3015.0  1493.828
 3020.0  1509.934
 3025.0  1525.835
 3030.0  1541.322
 3035.0  1556.184
 3040.0  1570.213
 3045.0  1583.257
 3050.0  1595.492
 3055.0  1607.202
 3060.0  1618.670
 3065.0  1630.180
 3070.0  1642.014
 3075.0  1654.455
 3080.0  1667.544
 3085.0  1681.054
 3090.0  1694.866
 3095.0  1708.863
 3100.0  1722.925
 3105.0  1736.936
 3110.0  1750.777
 3115.0  1764.750
 3120.0  1779.062
 3125.0  1793.450
 3130.0  1807.649
 3135.0  1821.397
 3140.0  1834.430
 3145.0  1846.485
 3150.0  1857.596
 3155.0  1868.066
 3160.0  1878.035
 3165.0  1887.644
 3170.0  1897.034
 3175.0  1906.345
 3180.0  1915.717
 3185.0  1925.274
 3190.0  1934.938
 3195.0  1944.541
 3200.0  1953.919
 3205.0  1962.905
 3210.0  1971.335
 3215.0  1979.043
 3220.0  1985.908
 3225.0  1992.093
 3230.0  1997.854
 3235.0  2003.447
 3240.0  2009.129
 3245.0  2015.157
 3250.0  2021.787
 3255.0  2029.331
 3260.0  2037.696
 3265.0  2046.529
 3270.0  2055.478
 3275.0  2064.192
 3280.0  2072.316
 3285.0  2079.501
 3290.0  2085.768
 3295.0  2091.492
 3300.0  2096.845
 3305.0  2101.998
 3310.0  2107.124
 3315.0  2112.395
 3320.0  2117.981
 3325.0  2124.022
 3330.0  2130.412
 3335.0  2136.962
 3340.0  2143.484
 3345.0  2149.787
 3350.0  2155.683
 3355.0  2160.983
 3360.0  2165.739
 3365.0  2170.175
 3370.0  2174.357
 3375.0  2178.353
 3380.0  2182.228
 3385.0  2186.048
 3390.0  2189.880
 3395.0  2193.675
 3400.0  2197.359
 3405.0  2200.966
 3410.0  2204.526
 3415.0  2208.074
 3420.0  2211.640
 3425.0  2215.258
 3430.0  2218.889
 3435.0  2222.491
 3440.0  2226.093
 3445.0  2229.722
 3450.0  2233.404
 3455.0  2237.168
 3460.0  2241.040
 3465.0  2245.018
 3470.0  2249.082
 3475.0  2253.229
 3480.0  2257.458
 3485.0  2261.765
 3490.0  2266.148
 3495.0  2270.606
 3500.0  2275.136
 3505.0  2208.746
 3510.0  2210.644
 3515.0  2212.556
 3520.0  2214.480
 3525.0  2216.417
 3530.0  2218.366
 3535.0  2220.579
 3540.0  2223.140
 3545.0  2225.797
 3550.0  2228.300
 3555.0  2230.399
 3560.0  2231.842
 3565.0  2232.378
 3570.0  2232.353
 3575.0  2232.278
 3580.0  2232.155
 3585.0  2231.985
 3590.0  2231.769
 3595.0  2231.509
 3600.0  2231.206
 3605.0  2229.885
 3610.0  2226.767
 3615.0  2222.143
 3620.0  2216.306
 3625.0  2209.548
 3630.0  2202.161
 3635.0  2194.437
