 2865.0   970.144
 2870.0   993.930
 2875.0  1017.570
 2880.0  1041.062
 2885.0  1064.404
 2890.0  1087.596
 2895.0  1110.635
 2900.0  1133.520
 2905.0  1156.390
 2910.0  1179.294
 2915.0  1202.097
 2920.0  1224.666
 2925.0  1246.865
 2930.0  1268.561
 2935.0  1289.617
 2940.0  1310.220
 2945.0  1330.571
 2950.0  1350.560
 2955.0  1370.080
 2960.0  1389.020
 2965.0  1407.273
 2970.0  1424.728
 2975.0  1441.362
 2980.0  1457.309
 2985.0  1472.699
 2990.0  1487.661
 2995.0  1502.326
 3000.0  1516.822
 3005.0  1531.280
 3010.0  1545.476
 3015.0  1559.229
 3020.0  1572.726
 3025.0  1586.158
 3030.0  1599.713
 3035.0  1613.581
 3040.0  1627.951
 3045.0  1642.861
 3050.0  1658.168
 3055.0  1673.787
 3060.0  1689.632
 3065.0  1705.619
 3070.0  1721.663
 3075.0  1737.679
 3080.0  1754.114
 3085.0  1771.196
 3090.0  1788.505
 3095.0  1805.623
 3100.0  1822.133
 3105.0  1837.617
 3110.0  1851.656
 3115.0  1864.295
 3120.0  1876.015
 3125.0  1887.054
 3130.0  1897.647
 3135.0  1908.032
 3140.0  1918.444
 3145.0  1929.120
 3150.0  1939.939
 3155.0  1950.651
 3160.0  1961.299
 3165.0  1971.926
 3170.0  1982.576
 3175.0  1993.291
 3180.0  2004.114
 3185.0  2015.205
 3190.0  2026.580
 3195.0  2038.064
 3200.0  2049.486
 3205.0  2060.674
 3210.0  2071.453
 3215.0  2081.651
 3220.0  2091.463
 3225.0  2101.130
 3230.0  2110.551
 3235.0  2119.623
 3240.0  2128.246
 3245.0  2136.316
 3250.0  2143.732
 3255.0  2150.355
 3260.0  2156.288
 3265.0  2161.791
 3270.0  2167.127
 3275.0  2172.555
 3280.0  2178.338
 3285.0  2184.737
 3290.0  2192.136
 3295.0  2200.468
 3300.0  2209.309
 3305.0  2218.238
 3310.0  2226.832
 3315.0  2234.669
 3320.0  2241.327
 3325.0  2246.873
 3330.0  2251.791
 3335.0  2256.284
 3340.0  2260.556
 3345.0  2264.811
 3350.0  2269.252
 3355.0  2274.084
 3360.0  2279.469
 3365.0  2285.288
 3370.0  2291.322
 3375.0  2297.351
 3380.0  2303.157
 3385.0  2308.518
 3390.0  2313.216
 3395.0  2317.157
 3400.0  2320.551
 3405.0  2323.635
 3410.0  2326.645
 3415.0  2329.820
 3420.0  2333.395
 3425.0  2337.607
 3430.0  2343.148
 3435.0  2350.139
 3440.0  2357.964
 3445.0  2366.006
 3450.0  2373.649
 3455.0  2380.276
 3460.0  2385.270
 3465.0  2389.177
 3470.0  2392.887
 3475.0  2396.297
 3480.0  2399.305
 3485.0  2401.810
 3490.0  2403.708
 3495.0  2404.897
 3500.0  2405.277
 3505.0  2327.166
 3510.0  2330.139
 3515.0  2332.830
 3520.0  2335.189
 3525.0  2337.161
 3530.0  2338.695
 3535.0  2339.805
 3540.0  2340.626
 3545.0  2341.282
 3550.0  2341.898
 3555.0  2342.599
 3560.0  2343.509
 3565.0  2344.753
 3570.0  2347.520
 3575.0  2352.333
 3580.0  2358.316
 3585.0  2364.594
 3590.0  2370.293
 3595.0  2374.538
 3600.0  2376.454
 3605.0  2376.886
 3610.0  2377.260
 3615.0  2377.572
 3620.0  2377.820
 3625.0  2378.001
 3630.0  2378.112
 3635.0  2378.150
