 2865.0   962.523
 2870.0   985.654
 2875.0  1008.698
 2880.0  1031.655
 2885.0  1054.524
 2890.0  1077.304
 2895.0  1099.995
 2900.0  1122.597
 2905.0  1145.307
 2910.0  1168.194
 2915.0  1191.060
 2920.0  1213.708
 2925.0  1235.942
 2930.0  1257.564
 2935.0  1278.377
 2940.0  1298.566
 2945.0  1318.396
 2950.0  1337.790
 2955.0  1356.675
 2960.0  1374.976
 2965.0  1392.617
 2970.0  1409.522
 2975.0  1425.368
 2980.0  1440.157
 2985.0  1454.306
 2990.0  1468.233
 2995.0  1482.357
 3000.0  1497.094
 3005.0  1512.862
 3010.0  1530.122
 3015.0  1548.697
 3020.0  1568.047
 3025.0  1587.631
 3030.0  1606.909
 3035.0  1625.339
 3040.0  1642.382
 3045.0  1658.259
 3050.0  1673.573
 3055.0  1688.358
 3060.0  1702.648
 3065.0  1716.478
 3070.0  1729.880
 3075.0  1742.891
 3080.0  1755.264
 3085.0  1766.918
 3090.0  1778.127
 3095.0  1789.166
 3100.0  1800.308
 3105.0  1811.829
 3110.0  1824.004
 3115.0  1836.981
 3120.0  1850.585
 3125.0  1864.601
 3130.0  1878.817
 3135.0  1893.019
 3140.0  1906.992
 3145.0  1920.524
 3150.0  1933.763
 3155.0  1946.952
 3160.0  1960.020
 3165.0  1972.896
 3170.0  1985.508
 3175.0  1997.786
 3180.0  2009.658
 3185.0  2021.298
 3190.0  2032.847
 3195.0  2044.175
 3200.0  2055.157
 3205.0  2065.665
 3210.0  2075.572
 3215.0  2084.751
 3220.0  2093.167
 3225.0  2100.978
 3230.0  2108.348
 3235.0  2115.441
 3240.0  2122.420
 3245.0  2129.449
 3250.0  2136.691
 3255.0  2144.163
 3260.0  2151.723
 3265.0  2159.303
 3270.0  2166.830
 3275.0  2174.237
 3280.0  2181.451
 3285.0  2188.403
 3290.0  2195.123
 3295.0  2201.692
 3300.0  2208.116
 3305.0  2214.400
 3310.0  2220.549
 3315.0  2226.569
 3320.0  2232.465
 3325.0  2238.090
 3330.0  2243.396
 3335.0  2248.537
 3340.0  2253.668
 3345.0  2258.942
 3350.0  2264.513
 3355.0  2270.536
 3360.0  2277.605
 3365.0  2285.814
 3370.0  2294.562
 3375.0  2303.247
 3380.0  2311.271
 3385.0  2318.031
 3390.0  2322.928
 3395.0  2326.235
 3400.0  2328.810
 3405.0  2330.935
 3410.0  2332.889
 3415.0  2334.954
 3420.0  2337.409
 3425.0  2340.535
 3430.0  2344.754
 3435.0  2350.097
 3440.0  2356.258
 3445.0  2362.930
 3450.0  2369.808
 3455.0  2376.585
 3460.0  2382.955
 3465.0  2389.021
 3470.0  2395.087
 3475.0  2401.155
 3480.0  2407.225
 3485.0  2413.295
 3490.0  2419.367
 3495.0  2425.441
 3500.0  2431.515
 3505.0  2336.886
 3510.0  2340.361
 3515.0  2343.629
 3520.0  2346.668
 3525.0  2349.457
 3530.0  2351.972
 3535.0  2354.188
 3540.0  2356.150
 3545.0  2357.941
 3550.0  2359.647
 3555.0  2361.353
 3560.0  2363.143
 3565.0  2365.103
 3570.0  2367.269
 3575.0  2369.582
 3580.0  2371.984
 3585.0  2374.417
 3590.0  2376.823
 3595.0  2379.145
 3600.0  2381.324
 3605.0  2383.389
 3610.0  2385.403
 3615.0  2387.364
 3620.0  2389.270
 3625.0  2391.118
 3630.0  2392.906
 3635.0  2394.632
