 2865.0   959.888
 2870.0   989.571
 2875.0  1018.376
 2880.0  1046.245
 2885.0  1073.119
 2890.0  1098.940
 2895.0  1123.650
 2900.0  1147.189
 2905.0  1169.367
 2910.0  1190.263
 2915.0  1210.224
 2920.0  1229.598
 2925.0  1248.731
 2930.0  1267.970
 2935.0  1287.662
 2940.0  1308.002
 2945.0  1328.747
 2950.0  1349.585
 2955.0  1370.207
 2960.0  1390.303
 2965.0  1409.564
 2970.0  1427.679
 2975.0  1444.568
 2980.0  1460.534
 2985.0  1475.845
 2990.0  1490.768
 2995.0  1505.571
 3000.0  1520.522
 3005.0  1535.888
 3010.0  1551.759
 3015.0  1567.928
 3020.0  1584.217
 3025.0  1600.446
 3030.0  1616.439
 3035.0  1632.016
 3040.0  1646.999
 3045.0  1661.329
 3050.0  1675.161
 3055.0  1688.641
 3060.0  1701.914
 3065.0  1715.124
 3070.0  1728.417
 3075.0  1741.938
 3080.0  1755.669
 3085.0  1769.475
 3090.0  1783.327
 3095.0  1797.193
 3100.0  1811.045
 3105.0  1824.852
 3110.0  1838.585
 3115.0  1852.318
 3120.0  1866.105
 3125.0  1879.879
 3130.0  1893.575
 3135.0  1907.129
 3140.0  1920.475
 3145.0  1933.548
 3150.0  1946.494
 3155.0  1959.423
 3160.0  1972.221
 3165.0  1984.774
 3170.0  1996.967
 3175.0  2008.685
 3180.0  2019.813
 3185.0  2030.388
 3190.0  2040.556
 3195.0  2050.368
 3200.0  2059.873
 3205.0  2069.119
 3210.0  2078.157
 3215.0  2087.036
 3220.0  2095.779
 3225.0  2104.361
 3230.0  2112.761
 3235.0  2120.954
 3240.0  2128.917
 3245.0  2136.630
 3250.0  2144.067
 3255.0  2151.260
 3260.0  2158.255
 3265.0  2165.051
 3270.0  2171.650
 3275.0  2178.052
 3280.0  2184.257
 3285.0  2190.265
 3290.0  2195.985
 3295.0  2201.398
 3300.0  2206.615
 3305.0  2211.745
 3310.0  2216.899
 3315.0  2222.186
 3320.0  2227.718
 3325.0  2233.582
 3330.0  2239.716
 3335.0  2245.999
 3340.0  2252.313
 3345.0  2258.538
 3350.0  2264.555
 3355.0  2270.244
 3360.0  2275.621
 3365.0  2280.809
 3370.0  2285.846
 3375.0  2290.769
 3380.0  2295.617
 3385.0  2300.427
 3390.0  2305.236
 3395.0  2310.045
 3400.0  2314.819
 3405.0  2319.550
 3410.0  2324.227
 3415.0  2328.841
 3420.0  2333.382
 3425.0  2337.840
 3430.0  2342.268
 3435.0  2346.694
 3440.0  2351.072
 3445.0  2355.357
 3450.0  2359.503
 3455.0  2363.465
 3460.0  2367.196
 3465.0  2370.742
 3470.0  2374.173
 3475.0  2377.479
 3480.0  2380.652
 3485.0  2383.683
 3490.0  2386.562
 3495.0  2389.280
 3500.0  2391.830
 3505.0  2335.032
 3510.0  2337.726
 3515.0  2340.323
 3520.0  2342.818
 3525.0  2345.204
 3530.0  2347.477
 3535.0  2349.577
 3540.0  2351.499
 3545.0  2353.317
 3550.0  2355.105
 3555.0  2356.936
 3560.0  2358.883
 3565.0  2361.020
 3570.0  2363.552
 3575.0  2366.492
 3580.0  2369.632
 3585.0  2372.760
 3590.0  2375.667
 3595.0  2378.142
 3600.0  2379.975
 3605.0  2381.401
 3610.0  2382.762
 3615.0  2384.008
 3620.0  2385.089
 3625.0  2385.957
 3630.0  2386.562
 3635.0  2386.855
