 2865.0  1032.397
 2870.0  1051.793
 2875.0  1071.609
 2880.0  1091.834
 2885.0  1112.456
 2890.0  1133.464
 2895.0  1154.848
 2900.0  1176.596
 2905.0  1199.130
 2910.0  1222.618
 2915.0  1246.668
 2920.0  1270.887
 2925.0  1294.883
 2930.0  1318.264
 2935.0  1340.636
 2940.0  1362.463
 2945.0  1384.269
 2950.0  1405.755
 2955.0  1426.623
 2960.0  1446.574
 2965.0  1465.309
 2970.0  1482.530
 2975.0  1498.004
 2980.0  1512.038
 2985.0  1525.146
 2990.0  1537.841
 2995.0  1550.635
 3000.0  1564.043
 3005.0  1578.576
 3010.0  1594.531
 3015.0  1611.587
 3020.0  1629.333
 3025.0  1647.360
 3030.0  1665.258
 3035.0  1682.618
 3040.0  1699.028
 3045.0  1714.497
 3050.0  1729.411
 3055.0  1743.931
 3060.0  1758.215
 3065.0  1772.425
 3070.0  1786.719
 3075.0  1801.258
 3080.0  1816.023
 3085.0  1830.868
 3090.0  1845.757
 3095.0  1860.654
 3100.0  1875.523
 3105.0  1890.330
 3110.0  1905.037
 3115.0  1919.919
 3120.0  1935.099
 3125.0  1950.315
 3130.0  1965.307
 3135.0  1979.816
 3140.0  1993.580
 3145.0  2006.339
 3150.0  2018.158
 3155.0  2029.350
 3160.0  2040.026
 3165.0  2050.301
 3170.0  2060.286
 3175.0  2070.095
 3180.0  2079.840
 3185.0  2089.383
 3190.0  2098.590
 3195.0  2107.574
 3200.0  2116.447
 3205.0  2125.323
 3210.0  2134.317
 3215.0  2143.541
 3220.0  2153.266
 3225.0  2163.484
 3230.0  2173.888
 3235.0  2184.172
 3240.0  2194.029
 3245.0  2203.152
 3250.0  2211.235
 3255.0  2218.211
 3260.0  2224.407
 3265.0  2230.111
 3270.0  2235.610
 3275.0  2241.190
 3280.0  2247.140
 3285.0  2253.746
 3290.0  2261.347
 3295.0  2269.835
 3300.0  2278.827
 3305.0  2287.938
 3310.0  2296.786
 3315.0  2304.985
 3320.0  2312.154
 3325.0  2318.368
 3330.0  2324.059
 3335.0  2329.369
 3340.0  2334.440
 3345.0  2339.415
 3350.0  2344.437
 3355.0  2349.648
 3360.0  2355.070
 3365.0  2360.583
 3370.0  2366.117
 3375.0  2371.605
 3380.0  2376.978
 3385.0  2382.166
 3390.0  2387.101
 3395.0  2391.785
 3400.0  2396.290
 3405.0  2400.653
 3410.0  2404.909
 3415.0  2409.095
 3420.0  2413.247
 3425.0  2417.402
 3430.0  2421.681
 3435.0  2426.093
 3440.0  2430.505
 3445.0  2434.788
 3450.0  2438.809
 3455.0  2442.438
 3460.0  2445.544
 3465.0  2448.286
 3470.0  2450.887
 3475.0  2453.314
 3480.0  2455.532
 3485.0  2457.505
 3490.0  2459.199
 3495.0  2460.580
 3500.0  2461.612
 3505.0  2400.929
 3510.0  2403.029
 3515.0  2405.203
 3520.0  2407.447
 3525.0  2409.758
 3530.0  2412.133
 3535.0  2414.686
 3540.0  2417.465
 3545.0  2420.363
 3550.0  2423.276
 3555.0  2426.099
 3560.0  2428.724
 3565.0  2431.048
 3570.0  2433.137
 3575.0  2435.125
 3580.0  2437.010
 3585.0  2438.786
 3590.0  2440.450
 3595.0  2441.997
 3600.0  2443.424
 3605.0  2444.762
 3610.0  2446.040
 3615.0  2447.248
 3620.0  2448.378
 3625.0  2449.420
 3630.0  2450.366
 3635.0  2451.205
