 2865.0   988.538
 2870.0  1009.025
 2875.0  1029.620
 2880.0  1050.324
 2885.0  1071.136
 2890.0  1092.054
 2895.0  1113.078
 2900.0  1134.207
 2905.0  1155.540
 2910.0  1177.111
 2915.0  1198.825
 2920.0  1220.584
 2925.0  1242.292
 2930.0  1263.853
 2935.0  1285.170
 2940.0  1306.519
 2945.0  1328.078
 2950.0  1349.607
 2955.0  1370.864
 2960.0  1391.608
 2965.0  1411.597
 2970.0  1430.590
 2975.0  1448.430
 2980.0  1465.326
 2985.0  1481.583
 2990.0  1497.507
 2995.0  1513.404
 3000.0  1529.581
 3005.0  1546.343
 3010.0  1564.124
 3015.0  1582.798
 3020.0  1601.840
 3025.0  1620.722
 3030.0  1638.915
 3035.0  1655.892
 3040.0  1671.126
 3045.0  1684.546
 3050.0  1696.717
 3055.0  1708.059
 3060.0  1718.996
 3065.0  1729.949
 3070.0  1741.340
 3075.0  1753.591
 3080.0  1766.791
 3085.0  1780.615
 3090.0  1794.861
 3095.0  1809.328
 3100.0  1823.815
 3105.0  1838.121
 3110.0  1852.045
 3115.0  1865.734
 3120.0  1879.418
 3125.0  1893.020
 3130.0  1906.463
 3135.0  1919.670
 3140.0  1932.565
 3145.0  1945.071
 3150.0  1957.255
 3155.0  1969.224
 3160.0  1980.954
 3165.0  1992.421
 3170.0  2003.604
 3175.0  2014.479
 3180.0  2025.023
 3185.0  2035.278
 3190.0  2045.298
 3195.0  2055.070
 3200.0  2064.587
 3205.0  2073.837
 3210.0  2082.811
 3215.0  2091.500
 3220.0  2099.976
 3225.0  2108.287
 3230.0  2116.390
 3235.0  2124.241
 3240.0  2131.796
 3245.0  2139.010
 3250.0  2145.840
 3255.0  2152.151
 3260.0  2157.963
 3265.0  2163.470
 3270.0  2168.862
 3275.0  2174.331
 3280.0  2180.069
 3285.0  2186.266
 3290.0  2193.094
 3295.0  2200.458
 3300.0  2208.152
 3305.0  2215.973
 3310.0  2223.715
 3315.0  2231.173
 3320.0  2238.143
 3325.0  2244.712
 3330.0  2251.107
 3335.0  2257.326
 3340.0  2263.370
 3345.0  2269.237
 3350.0  2274.927
 3355.0  2280.441
 3360.0  2285.748
 3365.0  2290.850
 3370.0  2295.793
 3375.0  2300.623
 3380.0  2305.386
 3385.0  2310.127
 3390.0  2314.892
 3395.0  2319.752
 3400.0  2324.689
 3405.0  2329.619
 3410.0  2334.458
 3415.0  2339.122
 3420.0  2343.527
 3425.0  2347.588
 3430.0  2351.316
 3435.0  2354.812
 3440.0  2358.129
 3445.0  2361.316
 3450.0  2364.427
 3455.0  2367.511
 3460.0  2370.621
 3465.0  2373.742
 3470.0  2376.825
 3475.0  2379.869
 3480.0  2382.873
 3485.0  2385.837
 3490.0  2388.759
 3495.0  2391.639
 3500.0  2394.476
 3505.0  2328.515
 3510.0  2331.446
 3515.0  2334.329
 3520.0  2337.165
 3525.0  2339.951
 3530.0  2342.686
 3535.0  2345.444
 3540.0  2348.251
 3545.0  2351.037
 3550.0  2353.734
 3555.0  2356.272
 3560.0  2358.582
 3565.0  2360.593
 3570.0  2362.317
 3575.0  2363.849
 3580.0  2365.246
 3585.0  2366.566
 3590.0  2367.868
 3595.0  2369.209
 3600.0  2370.648
 3605.0  2372.167
 3610.0  2373.709
 3615.0  2375.273
 3620.0  2376.859
 3625.0  2378.467
 3630.0  2380.096
 3635.0  2381.746
