 2865.0   981.238
 2870.0  1006.661
 2875.0  1031.822
 2880.0  1056.714
 2885.0  1081.334
 2890.0  1105.676
 2895.0  1129.737
 2900.0  1153.512
 2905.0  1177.086
 2910.0  1200.500
 2915.0  1223.681
 2920.0  1246.553
 2925.0  1269.043
 2930.0  1291.077
 2935.0  1312.581
 2940.0  1333.683
 2945.0  1354.509
 2950.0  1374.982
 2955.0  1395.027
 2960.0  1414.568
 2965.0  1433.528
 2970.0  1451.832
 2975.0  1469.338
 2980.0  1486.100
 2985.0  1502.334
 2990.0  1518.256
 2995.0  1534.081
 3000.0  1550.025
 3005.0  1566.305
 3010.0  1583.044
 3015.0  1600.094
 3020.0  1617.257
 3025.0  1634.338
 3030.0  1651.139
 3035.0  1667.466
 3040.0  1683.120
 3045.0  1697.972
 3050.0  1712.171
 3055.0  1725.950
 3060.0  1739.536
 3065.0  1753.160
 3070.0  1767.053
 3075.0  1781.442
 3080.0  1796.500
 3085.0  1812.085
 3090.0  1827.960
 3095.0  1843.887
 3100.0  1859.627
 3105.0  1874.945
 3110.0  1889.601
 3115.0  1903.635
 3120.0  1917.288
 3125.0  1930.625
 3130.0  1943.710
 3135.0  1956.611
 3140.0  1969.391
 3145.0  1982.116
 3150.0  1994.870
 3155.0  2007.627
 3160.0  2020.285
 3165.0  2032.744
 3170.0  2044.905
 3175.0  2056.667
 3180.0  2067.929
 3185.0  2078.710
 3190.0  2089.129
 3195.0  2099.233
 3200.0  2109.075
 3205.0  2118.703
 3210.0  2128.168
 3215.0  2137.519
 3220.0  2146.700
 3225.0  2155.656
 3230.0  2164.436
 3235.0  2173.091
 3240.0  2181.671
 3245.0  2190.226
 3250.0  2198.806
 3255.0  2207.573
 3260.0  2216.538
 3265.0  2225.521
 3270.0  2234.346
 3275.0  2242.832
 3280.0  2250.803
 3285.0  2258.081
 3290.0  2264.594
 3295.0  2270.528
 3300.0  2276.083
 3305.0  2281.461
 3310.0  2286.863
 3315.0  2292.490
 3320.0  2298.544
 3325.0  2305.141
 3330.0  2312.151
 3335.0  2319.409
 3340.0  2326.747
 3345.0  2334.002
 3350.0  2341.007
 3355.0  2347.596
 3360.0  2353.835
 3365.0  2359.904
 3370.0  2365.811
 3375.0  2371.562
 3380.0  2377.165
 3385.0  2382.626
 3390.0  2387.952
 3395.0  2393.058
 3400.0  2397.918
 3405.0  2402.625
 3410.0  2407.275
 3415.0  2411.960
 3420.0  2416.777
 3425.0  2421.818
 3430.0  2427.198
 3435.0  2432.877
 3440.0  2438.716
 3445.0  2444.578
 3450.0  2450.324
 3455.0  2455.816
 3460.0  2460.915
 3465.0  2465.702
 3470.0  2470.343
 3475.0  2474.827
 3480.0  2479.145
 3485.0  2483.285
 3490.0  2487.237
 3495.0  2490.992
 3500.0  2494.539
 3505.0  2418.331
 3510.0  2421.120
 3515.0  2423.934
 3520.0  2426.771
 3525.0  2429.631
 3530.0  2432.515
 3535.0  2435.471
 3540.0  2438.518
 3545.0  2441.606
 3550.0  2444.686
 3555.0  2447.709
 3560.0  2450.626
 3565.0  2453.386
 3570.0  2456.063
 3575.0  2458.727
 3580.0  2461.335
 3585.0  2463.839
 3590.0  2466.193
 3595.0  2468.352
 3600.0  2470.271
 3605.0  2472.016
 3610.0  2473.678
 3615.0  2475.239
 3620.0  2476.685
 3625.0  2477.998
 3630.0  2479.164
 3635.0  2480.165
