 2865.0   980.009
 2870.0  1000.662
 2875.0  1021.661
 2880.0  1042.998
 2885.0  1064.667
 2890.0  1086.659
 2895.0  1108.967
 2900.0  1131.584
 2905.0  1155.064
 2910.0  1179.610
 2915.0  1204.688
 2920.0  1229.763
 2925.0  1254.300
 2930.0  1277.763
 2935.0  1299.618
 2940.0  1320.059
 2945.0  1339.694
 2950.0  1358.612
 2955.0  1376.901
 2960.0  1394.647
 2965.0  1411.939
 2970.0  1428.864
 2975.0  1445.082
 2980.0  1460.426
 2985.0  1475.251
 2990.0  1489.909
 2995.0  1504.752
 3000.0  1520.134
 3005.0  1536.407
 3010.0  1554.237
 3015.0  1573.561
 3020.0  1593.641
 3025.0  1613.739
 3030.0  1633.117
 3035.0  1651.035
 3040.0  1666.756
 3045.0  1680.319
 3050.0  1692.543
 3055.0  1703.861
 3060.0  1714.705
 3065.0  1725.505
 3070.0  1736.695
 3075.0  1748.706
 3080.0  1761.526
 3085.0  1774.780
 3090.0  1788.355
 3095.0  1802.139
 3100.0  1816.021
 3105.0  1829.887
 3110.0  1843.627
 3115.0  1857.274
 3120.0  1870.942
 3125.0  1884.631
 3130.0  1898.345
 3135.0  1912.084
 3140.0  1925.852
 3145.0  1939.650
 3150.0  1953.658
 3155.0  1967.936
 3160.0  1982.302
 3165.0  1996.574
 3170.0  2010.574
 3175.0  2024.118
 3180.0  2037.027
 3185.0  2049.532
 3190.0  2061.896
 3195.0  2073.982
 3200.0  2085.654
 3205.0  2096.775
 3210.0  2107.210
 3215.0  2116.822
 3220.0  2125.683
 3225.0  2134.009
 3230.0  2141.879
 3235.0  2149.370
 3240.0  2156.563
 3245.0  2163.535
 3250.0  2170.365
 3255.0  2176.868
 3260.0  2182.927
 3265.0  2188.728
 3270.0  2194.455
 3275.0  2200.295
 3280.0  2206.430
 3285.0  2213.048
 3290.0  2220.401
 3295.0  2228.434
 3300.0  2236.867
 3305.0  2245.424
 3310.0  2253.824
 3315.0  2261.789
 3320.0  2269.041
 3325.0  2275.548
 3330.0  2281.576
 3335.0  2287.295
 3340.0  2292.874
 3345.0  2298.482
 3350.0  2304.287
 3355.0  2310.459
 3360.0  2317.551
 3365.0  2325.606
 3370.0  2334.026
 3375.0  2342.216
 3380.0  2349.579
 3385.0  2355.517
 3390.0  2359.434
 3395.0  2361.735
 3400.0  2363.396
 3405.0  2364.676
 3410.0  2365.835
 3415.0  2367.133
 3420.0  2368.830
 3425.0  2371.186
 3430.0  2375.583
 3435.0  2382.639
 3440.0  2391.468
 3445.0  2401.183
 3450.0  2410.899
 3455.0  2419.727
 3460.0  2426.783
 3465.0  2432.535
 3470.0  2438.011
 3475.0  2443.157
 3480.0  2447.921
 3485.0  2452.252
 3490.0  2456.096
 3495.0  2459.401
 3500.0  2462.115
 3505.0  2369.087
 3510.0  2372.160
 3515.0  2375.144
 3520.0  2378.035
 3525.0  2380.829
 3530.0  2383.520
 3535.0  2386.052
 3540.0  2388.413
 3545.0  2390.675
 3550.0  2392.907
 3555.0  2395.178
 3560.0  2397.559
 3565.0  2400.119
 3570.0  2403.116
 3575.0  2406.582
 3580.0  2410.248
 3585.0  2413.847
 3590.0  2417.111
 3595.0  2419.773
 3600.0  2421.564
 3605.0  2422.803
 3610.0  2423.963
 3615.0  2425.003
 3620.0  2425.881
 3625.0  2426.559
 3630.0  2426.995
 3635.0  2427.150
