 2865.0   926.964
 2870.0   953.263
 2875.0   979.017
 2880.0  1004.206
 2885.0  1028.806
 2890.0  1052.798
 2895.0  1076.158
 2900.0  1098.865
 2905.0  1120.972
 2910.0  1142.550
 2915.0  1163.604
 2920.0  1184.140
 2925.0  1204.162
 2930.0  1223.676
 2935.0  1242.686
 2940.0  1261.083
 2945.0  1278.851
 2950.0  1296.141
 2955.0  1313.103
 2960.0  1329.885
 2965.0  1346.637
 2970.0  1363.508
 2975.0  1380.539
 2980.0  1397.609
 2985.0  1414.631
 2990.0  1431.518
 2995.0  1448.182
 3000.0  1464.535
 3005.0  1480.489
 3010.0  1496.135
 3015.0  1511.590
 3020.0  1526.809
 3025.0  1541.749
 3030.0  1556.364
 3035.0  1570.610
 3040.0  1584.444
 3045.0  1597.675
 3050.0  1610.301
 3055.0  1622.550
 3060.0  1634.653
 3065.0  1646.840
 3070.0  1659.341
 3075.0  1672.387
 3080.0  1686.050
 3085.0  1700.162
 3090.0  1714.589
 3095.0  1729.198
 3100.0  1743.857
 3105.0  1758.432
 3110.0  1772.790
 3115.0  1787.147
 3120.0  1801.694
 3125.0  1816.260
 3130.0  1830.673
 3135.0  1844.761
 3140.0  1858.353
 3145.0  1871.277
 3150.0  1883.668
 3155.0  1895.754
 3160.0  1907.499
 3165.0  1918.868
 3170.0  1929.826
 3175.0  1940.338
 3180.0  1950.370
 3185.0  1959.838
 3190.0  1968.781
 3195.0  1977.344
 3200.0  1985.673
 3205.0  1993.914
 3210.0  2002.213
 3215.0  2010.715
 3220.0  2019.499
 3225.0  2028.462
 3230.0  2037.477
 3235.0  2046.416
 3240.0  2055.152
 3245.0  2063.557
 3250.0  2071.504
 3255.0  2078.958
 3260.0  2086.038
 3265.0  2092.855
 3270.0  2099.515
 3275.0  2106.129
 3280.0  2112.803
 3285.0  2119.647
 3290.0  2126.686
 3295.0  2133.832
 3300.0  2141.023
 3305.0  2148.200
 3310.0  2155.301
 3315.0  2162.265
 3320.0  2169.033
 3325.0  2175.592
 3330.0  2181.998
 3335.0  2188.288
 3340.0  2194.500
 3345.0  2200.671
 3350.0  2206.838
 3355.0  2213.040
 3360.0  2219.334
 3365.0  2225.706
 3370.0  2232.086
 3375.0  2238.404
 3380.0  2244.588
 3385.0  2250.570
 3390.0  2256.279
 3395.0  2261.731
 3400.0  2267.007
 3405.0  2272.129
 3410.0  2277.120
 3415.0  2282.001
 3420.0  2286.797
 3425.0  2291.528
 3430.0  2296.180
 3435.0  2300.730
 3440.0  2305.193
 3445.0  2309.583
 3450.0  2313.914
 3455.0  2318.202
 3460.0  2322.460
 3465.0  2326.686
 3470.0  2330.868
 3475.0  2335.005
 3480.0  2339.097
 3485.0  2343.142
 3490.0  2347.140
 3495.0  2351.090
 3500.0  2354.991
 3505.0  2276.584
 3510.0  2277.057
 3515.0  2277.684
 3520.0  2278.448
 3525.0  2279.329
 3530.0  2280.307
 3535.0  2282.194
 3540.0  2285.503
 3545.0  2289.763
 3550.0  2294.506
 3555.0  2299.260
 3560.0  2303.557
 3565.0  2306.926
 3570.0  2309.545
 3575.0  2311.932
 3580.0  2314.134
 3585.0  2316.195
 3590.0  2318.162
 3595.0  2320.080
 3600.0  2321.995
 3605.0  2323.901
 3610.0  2325.757
 3615.0  2327.563
 3620.0  2329.315
 3625.0  2331.010
 3630.0  2332.647
 3635.0  2334.222
