 2865.0   955.403
 2870.0   986.020
 2875.0  1015.742
 2880.0  1044.512
 2885.0  1072.272
 2890.0  1098.962
 2895.0  1124.526
 2900.0  1148.903
 2905.0  1172.049
 2910.0  1194.092
 2915.0  1215.233
 2920.0  1235.673
 2925.0  1255.612
 2930.0  1275.250
 2935.0  1294.790
 2940.0  1314.191
 2945.0  1333.278
 2950.0  1352.043
 2955.0  1370.479
 2960.0  1388.578
 2965.0  1406.334
 2970.0  1423.740
 2975.0  1440.702
 2980.0  1457.209
 2985.0  1473.379
 2990.0  1489.326
 2995.0  1505.167
 3000.0  1521.019
 3005.0  1536.996
 3010.0  1553.158
 3015.0  1569.422
 3020.0  1585.690
 3025.0  1601.864
 3030.0  1617.848
 3035.0  1633.545
 3040.0  1648.857
 3045.0  1663.665
 3050.0  1678.024
 3055.0  1692.101
 3060.0  1706.059
 3065.0  1720.064
 3070.0  1734.282
 3075.0  1748.877
 3080.0  1764.151
 3085.0  1780.061
 3090.0  1796.257
 3095.0  1812.390
 3100.0  1828.109
 3105.0  1843.067
 3110.0  1856.911
 3115.0  1869.560
 3120.0  1881.349
 3125.0  1892.564
 3130.0  1903.486
 3135.0  1914.399
 3140.0  1925.587
 3145.0  1937.332
 3150.0  1950.002
 3155.0  1963.474
 3160.0  1977.298
 3165.0  1991.021
 3170.0  2004.193
 3175.0  2016.363
 3180.0  2027.079
 3185.0  2036.318
 3190.0  2044.580
 3195.0  2052.200
 3200.0  2059.512
 3205.0  2066.853
 3210.0  2074.556
 3215.0  2082.958
 3220.0  2092.322
 3225.0  2102.459
 3230.0  2113.026
 3235.0  2123.675
 3240.0  2134.063
 3245.0  2143.843
 3250.0  2152.670
 3255.0  2160.703
 3260.0  2168.350
 3265.0  2175.639
 3270.0  2182.601
 3275.0  2189.266
 3280.0  2195.662
 3285.0  2201.818
 3290.0  2207.686
 3295.0  2213.244
 3300.0  2218.567
 3305.0  2223.729
 3310.0  2228.804
 3315.0  2233.867
 3320.0  2238.993
 3325.0  2244.085
 3330.0  2249.045
 3335.0  2253.946
 3340.0  2258.860
 3345.0  2263.860
 3350.0  2269.017
 3355.0  2274.403
 3360.0  2280.144
 3365.0  2286.226
 3370.0  2292.513
 3375.0  2298.871
 3380.0  2305.164
 3385.0  2311.256
 3390.0  2317.014
 3395.0  2322.473
 3400.0  2327.776
 3405.0  2332.943
 3410.0  2337.993
 3415.0  2342.947
 3420.0  2347.826
 3425.0  2352.648
 3430.0  2357.401
 3435.0  2362.064
 3440.0  2366.649
 3445.0  2371.168
 3450.0  2375.634
 3455.0  2380.057
 3460.0  2384.451
 3465.0  2388.813
 3470.0  2393.132
 3475.0  2397.410
 3480.0  2401.644
 3485.0  2405.834
 3490.0  2409.979
 3495.0  2414.079
 3500.0  2418.134
 3505.0  2345.759
 3510.0  2349.046
 3515.0  2352.305
 3520.0  2355.534
 3525.0  2358.735
 3530.0  2361.906
 3535.0  2365.246
 3540.0  2368.822
 3545.0  2372.437
 3550.0  2375.893
 3555.0  2378.992
 3560.0  2381.538
 3565.0  2383.333
 3570.0  2384.516
 3575.0  2385.424
 3580.0  2386.160
 3585.0  2386.825
 3590.0  2387.522
 3595.0  2388.351
 3600.0  2389.417
 3605.0  2390.777
 3610.0  2392.407
 3615.0  2394.279
 3620.0  2396.363
 3625.0  2398.631
 3630.0  2401.056
 3635.0  2403.608
