 2865.0   878.375
 2870.0   904.163
 2875.0   929.486
 2880.0   954.327
 2885.0   978.671
 2890.0  1002.502
 2895.0  1025.804
 2900.0  1048.561
 2905.0  1070.759
 2910.0  1092.431
 2915.0  1113.634
 2920.0  1134.425
 2925.0  1154.860
 2930.0  1174.996
 2935.0  1194.890
 2940.0  1214.492
 2945.0  1233.748
 2950.0  1252.703
 2955.0  1271.403
 2960.0  1289.893
 2965.0  1308.221
 2970.0  1326.430
 2975.0  1344.781
 2980.0  1363.321
 2985.0  1381.783
 2990.0  1399.900
 2995.0  1417.403
 3000.0  1434.026
 3005.0  1449.500
 3010.0  1463.661
 3015.0  1476.764
 3020.0  1489.170
 3025.0  1501.241
 3030.0  1513.339
 3035.0  1525.825
 3040.0  1539.061
 3045.0  1553.176
 3050.0  1567.908
 3055.0  1583.026
 3060.0  1598.301
 3065.0  1613.504
 3070.0  1628.405
 3075.0  1642.776
 3080.0  1656.661
 3085.0  1670.287
 3090.0  1683.697
 3095.0  1696.932
 3100.0  1710.037
 3105.0  1723.054
 3110.0  1736.025
 3115.0  1748.904
 3120.0  1761.639
 3125.0  1774.266
 3130.0  1786.819
 3135.0  1799.333
 3140.0  1811.843
 3145.0  1824.385
 3150.0  1837.181
 3155.0  1850.276
 3160.0  1863.434
 3165.0  1876.420
 3170.0  1888.998
 3175.0  1900.933
 3180.0  1911.989
 3185.0  1922.142
 3190.0  1931.644
 3195.0  1940.674
 3200.0  1949.414
 3205.0  1958.046
 3210.0  1966.748
 3215.0  1975.704
 3220.0  1984.993
 3225.0  1994.484
 3230.0  2004.033
 3235.0  2013.499
 3240.0  2022.740
 3245.0  2031.612
 3250.0  2039.975
 3255.0  2047.725
 3260.0  2054.980
 3265.0  2061.923
 3270.0  2068.738
 3275.0  2075.608
 3280.0  2082.718
 3285.0  2090.251
 3290.0  2098.528
 3295.0  2107.504
 3300.0  2116.814
 3305.0  2126.092
 3310.0  2134.974
 3315.0  2143.094
 3320.0  2150.088
 3325.0  2155.927
 3330.0  2161.014
 3335.0  2165.633
 3340.0  2170.067
 3345.0  2174.597
 3350.0  2179.508
 3355.0  2185.081
 3360.0  2191.676
 3365.0  2199.208
 3370.0  2207.296
 3375.0  2215.558
 3380.0  2223.614
 3385.0  2231.081
 3390.0  2237.579
 3395.0  2243.207
 3400.0  2248.392
 3405.0  2253.243
 3410.0  2257.869
 3415.0  2262.379
 3420.0  2266.882
 3425.0  2271.486
 3430.0  2276.113
 3435.0  2280.639
 3440.0  2285.109
 3445.0  2289.568
 3450.0  2294.061
 3455.0  2298.633
 3460.0  2303.328
 3465.0  2308.136
 3470.0  2313.016
 3475.0  2317.967
 3480.0  2322.987
 3485.0  2328.075
 3490.0  2333.229
 3495.0  2338.448
 3500.0  2343.731
 3505.0  2274.718
 3510.0  2278.672
 3515.0  2282.509
 3520.0  2286.224
 3525.0  2289.811
 3530.0  2293.265
 3535.0  2296.563
 3540.0  2299.711
 3545.0  2302.747
 3550.0  2305.707
 3555.0  2308.630
 3560.0  2311.552
 3565.0  2314.510
 3570.0  2317.603
 3575.0  2320.830
 3580.0  2324.081
 3585.0  2327.246
 3590.0  2330.214
 3595.0  2332.874
 3600.0  2335.116
 3605.0  2337.071
 3610.0  2338.926
 3615.0  2340.650
 3620.0  2342.217
 3625.0  2343.598
 3630.0  2344.765
 3635.0  2345.690
