 2865.0   969.781
 2870.0   998.058
 2875.0  1025.666
 2880.0  1052.571
 2885.0  1078.742
 2890.0  1104.147
 2895.0  1128.752
 2900.0  1152.526
 2905.0  1175.240
 2910.0  1196.895
 2915.0  1217.807
 2920.0  1238.292
 2925.0  1258.666
 2930.0  1279.244
 2935.0  1300.342
 2940.0  1322.264
 2945.0  1344.832
 2950.0  1367.639
 2955.0  1390.276
 2960.0  1412.335
 2965.0  1433.407
 2970.0  1453.085
 2975.0  1471.574
 2980.0  1489.372
 2985.0  1506.513
 2990.0  1523.031
 2995.0  1538.956
 3000.0  1554.324
 3005.0  1569.166
 3010.0  1583.271
 3015.0  1596.581
 3020.0  1609.356
 3025.0  1621.859
 3030.0  1634.349
 3035.0  1647.090
 3040.0  1660.341
 3045.0  1673.968
 3050.0  1687.700
 3055.0  1701.591
 3060.0  1715.696
 3065.0  1730.069
 3070.0  1744.765
 3075.0  1759.840
 3080.0  1775.939
 3085.0  1793.247
 3090.0  1811.123
 3095.0  1828.927
 3100.0  1846.017
 3105.0  1861.754
 3110.0  1875.497
 3115.0  1887.247
 3120.0  1897.722
 3125.0  1907.355
 3130.0  1916.581
 3135.0  1925.835
 3140.0  1935.549
 3145.0  1946.159
 3150.0  1957.769
 3155.0  1970.053
 3160.0  1982.801
 3165.0  1995.804
 3170.0  2008.852
 3175.0  2021.734
 3180.0  2034.242
 3185.0  2046.578
 3190.0  2058.998
 3195.0  2071.371
 3200.0  2083.567
 3205.0  2095.455
 3210.0  2106.906
 3215.0  2117.788
 3220.0  2128.216
 3225.0  2138.372
 3230.0  2148.225
 3235.0  2157.746
 3240.0  2166.903
 3245.0  2175.668
 3250.0  2184.009
 3255.0  2191.936
 3260.0  2199.510
 3265.0  2206.780
 3270.0  2213.794
 3275.0  2220.601
 3280.0  2227.250
 3285.0  2233.789
 3290.0  2240.071
 3295.0  2246.014
 3300.0  2251.762
 3305.0  2257.458
 3310.0  2263.248
 3315.0  2269.275
 3320.0  2275.684
 3325.0  2282.671
 3330.0  2290.192
 3335.0  2298.022
 3340.0  2305.941
 3345.0  2313.725
 3350.0  2321.153
 3355.0  2328.002
 3360.0  2334.242
 3365.0  2340.082
 3370.0  2345.661
 3375.0  2351.114
 3380.0  2356.580
 3385.0  2362.195
 3390.0  2368.096
 3395.0  2374.415
 3400.0  2381.078
 3405.0  2387.915
 3410.0  2394.756
 3415.0  2401.432
 3420.0  2407.772
 3425.0  2413.607
 3430.0  2419.018
 3435.0  2424.211
 3440.0  2429.194
 3445.0  2433.977
 3450.0  2438.571
 3455.0  2442.986
 3460.0  2447.233
 3465.0  2451.337
 3470.0  2455.314
 3475.0  2459.155
 3480.0  2462.850
 3485.0  2466.389
 3490.0  2469.765
 3495.0  2472.968
 3500.0  2475.988
 3505.0  2405.244
 3510.0  2406.808
 3515.0  2408.447
 3520.0  2410.155
 3525.0  2411.929
 3530.0  2413.762
 3535.0  2415.619
 3540.0  2417.497
 3545.0  2419.448
 3550.0  2421.521
 3555.0  2423.766
 3560.0  2426.233
 3565.0  2428.972
 3570.0  2432.485
 3575.0  2436.964
 3580.0  2441.990
 3585.0  2447.146
 3590.0  2452.014
 3595.0  2456.178
 3600.0  2459.218
 3605.0  2461.530
 3610.0  2463.732
 3615.0  2465.750
 3620.0  2467.507
 3625.0  2468.927
 3630.0  2469.933
 3635.0  2470.450
