 2865.0   836.135
 2870.0   859.841
 2875.0   883.038
 2880.0   905.704
 2885.0   927.818
 2890.0   949.358
 2895.0   970.303
 2900.0   990.631
 2905.0  1010.324
 2910.0  1029.428
 2915.0  1048.019
 2920.0  1066.173
 2925.0  1083.966
 2930.0  1101.472
 2935.0  1118.767
 2940.0  1135.701
 2945.0  1152.166
 2950.0  1168.307
 2955.0  1184.267
 2960.0  1200.191
 2965.0  1216.224
 2970.0  1232.508
 2975.0  1249.325
 2980.0  1266.641
 2985.0  1284.128
 2990.0  1301.458
 2995.0  1318.302
 3000.0  1334.333
 3005.0  1349.223
 3010.0  1362.820
 3015.0  1375.427
 3020.0  1387.394
 3025.0  1399.072
 3030.0  1410.812
 3035.0  1422.965
 3040.0  1435.880
 3045.0  1449.808
 3050.0  1464.537
 3055.0  1479.729
 3060.0  1495.045
 3065.0  1510.143
 3070.0  1524.687
 3075.0  1538.335
 3080.0  1551.039
 3085.0  1563.111
 3090.0  1574.757
 3095.0  1586.182
 3100.0  1597.592
 3105.0  1609.190
 3110.0  1621.183
 3115.0  1633.689
 3120.0  1646.571
 3125.0  1659.643
 3130.0  1672.722
 3135.0  1685.626
 3140.0  1698.170
 3145.0  1710.170
 3150.0  1721.615
 3155.0  1732.676
 3160.0  1743.453
 3165.0  1754.040
 3170.0  1764.537
 3175.0  1775.039
 3180.0  1785.644
 3185.0  1796.517
 3190.0  1807.629
 3195.0  1818.781
 3200.0  1829.774
 3205.0  1840.411
 3210.0  1850.493
 3215.0  1859.821
 3220.0  1868.508
 3225.0  1876.814
 3230.0  1884.760
 3235.0  1892.367
 3240.0  1899.657
 3245.0  1906.652
 3250.0  1913.371
 3255.0  1919.649
 3260.0  1925.433
 3265.0  1930.921
 3270.0  1936.313
 3275.0  1941.805
 3280.0  1947.596
 3285.0  1953.884
 3290.0  1960.845
 3295.0  1968.387
 3300.0  1976.306
 3305.0  1984.398
 3310.0  1992.459
 3315.0  2000.286
 3320.0  2007.673
 3325.0  2014.733
 3330.0  2021.690
 3335.0  2028.515
 3340.0  2035.176
 3345.0  2041.642
 3350.0  2047.882
 3355.0  2053.866
 3360.0  2059.585
 3365.0  2065.077
 3370.0  2070.384
 3375.0  2075.548
 3380.0  2080.609
 3385.0  2085.609
 3390.0  2090.588
 3395.0  2095.554
 3400.0  2100.474
 3405.0  2105.331
 3410.0  2110.110
 3415.0  2114.793
 3420.0  2119.363
 3425.0  2123.805
 3430.0  2128.000
 3435.0  2131.931
 3440.0  2135.727
 3445.0  2139.519
 3450.0  2143.437
 3455.0  2147.611
 3460.0  2152.172
 3465.0  2157.144
 3470.0  2162.453
 3475.0  2168.077
 3480.0  2173.996
 3485.0  2180.190
 3490.0  2186.638
 3495.0  2193.319
 3500.0  2200.213
 3505.0  2125.529
 3510.0  2129.226
 3515.0  2132.889
 3520.0  2136.516
 3525.0  2140.107
 3530.0  2143.663
 3535.0  2147.263
 3540.0  2150.937
 3545.0  2154.604
 3550.0  2158.185
 3555.0  2161.598
 3560.0  2164.765
 3565.0  2167.605
 3570.0  2170.073
 3575.0  2172.254
 3580.0  2174.258
 3585.0  2176.197
 3590.0  2178.183
 3595.0  2180.326
 3600.0  2182.737
 3605.0  2185.421
 3610.0  2188.301
 3615.0  2191.363
 3620.0  2194.595
 3625.0  2197.985
 3630.0  2201.520
 3635.0  2205.188
