 2865.0   980.530
 2870.0  1002.626
 2875.0  1024.939
 2880.0  1047.465
 2885.0  1070.202
 2890.0  1093.147
 2895.0  1116.296
 2900.0  1139.648
 2905.0  1163.825
 2910.0  1189.040
 2915.0  1214.681
 2920.0  1240.131
 2925.0  1264.775
 2930.0  1287.998
 2935.0  1309.186
 2940.0  1328.445
 2945.0  1346.479
 2950.0  1363.566
 2955.0  1379.988
 2960.0  1396.025
 2965.0  1411.956
 2970.0  1428.062
 2975.0  1444.090
 2980.0  1459.712
 2985.0  1475.095
 2990.0  1490.407
 2995.0  1505.814
 3000.0  1521.483
 3005.0  1537.582
 3010.0  1554.337
 3015.0  1571.683
 3020.0  1589.347
 3025.0  1607.055
 3030.0  1624.536
 3035.0  1641.515
 3040.0  1657.719
 3045.0  1673.280
 3050.0  1688.505
 3055.0  1703.385
 3060.0  1717.913
 3065.0  1732.081
 3070.0  1745.881
 3075.0  1759.304
 3080.0  1772.138
 3085.0  1784.336
 3090.0  1796.146
 3095.0  1807.815
 3100.0  1819.587
 3105.0  1831.711
 3110.0  1844.432
 3115.0  1857.799
 3120.0  1871.624
 3125.0  1885.798
 3130.0  1900.215
 3135.0  1914.765
 3140.0  1929.342
 3145.0  1943.836
 3150.0  1958.577
 3155.0  1973.769
 3160.0  1989.122
 3165.0  2004.345
 3170.0  2019.147
 3175.0  2033.237
 3180.0  2046.323
 3185.0  2058.599
 3190.0  2070.438
 3195.0  2081.825
 3200.0  2092.744
 3205.0  2103.180
 3210.0  2113.116
 3215.0  2122.536
 3220.0  2131.452
 3225.0  2139.928
 3230.0  2148.025
 3235.0  2155.804
 3240.0  2163.326
 3245.0  2170.653
 3250.0  2177.847
 3255.0  2184.942
 3260.0  2191.906
 3265.0  2198.705
 3270.0  2205.302
 3275.0  2211.661
 3280.0  2217.746
 3285.0  2223.521
 3290.0  2228.849
 3295.0  2233.737
 3300.0  2238.366
 3305.0  2242.920
 3310.0  2247.580
 3315.0  2252.528
 3320.0  2257.947
 3325.0  2263.863
 3330.0  2270.152
 3335.0  2276.771
 3340.0  2283.677
 3345.0  2290.828
 3350.0  2298.179
 3355.0  2305.689
 3360.0  2314.388
 3365.0  2324.677
 3370.0  2335.564
 3375.0  2346.061
 3380.0  2355.176
 3385.0  2361.919
 3390.0  2365.300
 3395.0  2366.432
 3400.0  2367.185
 3405.0  2367.710
 3410.0  2368.156
 3415.0  2368.673
 3420.0  2369.409
 3425.0  2370.515
 3430.0  2373.332
 3435.0  2378.626
 3440.0  2385.686
 3445.0  2393.800
 3450.0  2402.258
 3455.0  2410.347
 3460.0  2417.356
 3465.0  2423.535
 3470.0  2429.605
 3475.0  2435.561
 3480.0  2441.400
 3485.0  2447.119
 3490.0  2452.714
 3495.0  2458.182
 3500.0  2463.518
 3505.0  2376.069
 3510.0  2378.294
 3515.0  2380.441
 3520.0  2382.503
 3525.0  2384.478
 3530.0  2386.360
 3535.0  2388.084
 3540.0  2389.642
 3545.0  2391.109
 3550.0  2392.562
 3555.0  2394.078
 3560.0  2395.731
 3565.0  2397.599
 3570.0  2399.825
 3575.0  2402.413
 3580.0  2405.232
 3585.0  2408.149
 3590.0  2411.034
 3595.0  2413.753
 3600.0  2416.177
 3605.0  2418.371
 3610.0  2420.487
 3615.0  2422.518
 3620.0  2424.457
 3625.0  2426.296
 3630.0  2428.028
 3635.0  2429.647
