 2865.0   987.424
 2870.0  1013.540
 2875.0  1039.076
 2880.0  1064.008
 2885.0  1088.309
 2890.0  1111.955
 2895.0  1134.919
 2900.0  1157.176
 2905.0  1178.513
 2910.0  1198.920
 2915.0  1218.680
 2920.0  1238.074
 2925.0  1257.384
 2930.0  1276.890
 2935.0  1296.875
 2940.0  1317.649
 2945.0  1339.067
 2950.0  1360.726
 2955.0  1382.224
 2960.0  1403.158
 2965.0  1423.125
 2970.0  1441.723
 2975.0  1458.859
 2980.0  1474.930
 2985.0  1490.264
 2990.0  1505.191
 2995.0  1520.039
 3000.0  1535.137
 3005.0  1550.815
 3010.0  1567.219
 3015.0  1584.108
 3020.0  1601.231
 3025.0  1618.336
 3030.0  1635.172
 3035.0  1651.487
 3040.0  1667.030
 3045.0  1681.738
 3050.0  1695.835
 3055.0  1709.508
 3060.0  1722.942
 3065.0  1736.319
 3070.0  1749.826
 3075.0  1763.648
 3080.0  1777.902
 3085.0  1792.466
 3090.0  1807.160
 3095.0  1821.805
 3100.0  1836.220
 3105.0  1850.227
 3110.0  1863.645
 3115.0  1876.349
 3120.0  1888.475
 3125.0  1900.237
 3130.0  1911.846
 3135.0  1923.516
 3140.0  1935.459
 3145.0  1947.887
 3150.0  1961.243
 3155.0  1975.495
 3160.0  1990.140
 3165.0  2004.679
 3170.0  2018.611
 3175.0  2031.435
 3180.0  2042.650
 3185.0  2052.299
 3190.0  2060.963
 3195.0  2068.951
 3200.0  2076.572
 3205.0  2084.135
 3210.0  2091.950
 3215.0  2100.325
 3220.0  2109.378
 3225.0  2118.878
 3230.0  2128.616
 3235.0  2138.383
 3240.0  2147.968
 3245.0  2157.162
 3250.0  2165.756
 3255.0  2173.887
 3260.0  2181.812
 3265.0  2189.496
 3270.0  2196.904
 3275.0  2204.004
 3280.0  2210.760
 3285.0  2217.138
 3290.0  2223.058
 3295.0  2228.552
 3300.0  2233.760
 3305.0  2238.818
 3310.0  2243.864
 3315.0  2249.036
 3320.0  2254.471
 3325.0  2260.189
 3330.0  2266.076
 3335.0  2272.073
 3340.0  2278.118
 3345.0  2284.150
 3350.0  2290.109
 3355.0  2295.934
 3360.0  2301.683
 3365.0  2307.431
 3370.0  2313.142
 3375.0  2318.778
 3380.0  2324.304
 3385.0  2329.683
 3390.0  2334.878
 3395.0  2339.828
 3400.0  2344.550
 3405.0  2349.130
 3410.0  2353.653
 3415.0  2358.205
 3420.0  2362.870
 3425.0  2367.734
 3430.0  2372.973
 3435.0  2378.575
 3440.0  2384.339
 3445.0  2390.068
 3450.0  2395.561
 3455.0  2400.619
 3460.0  2405.042
 3465.0  2409.000
 3470.0  2412.774
 3475.0  2416.334
 3480.0  2419.648
 3485.0  2422.686
 3490.0  2425.416
 3495.0  2427.809
 3500.0  2429.834
 3505.0  2369.878
 3510.0  2372.863
 3515.0  2375.550
 3520.0  2377.881
 3525.0  2379.795
 3530.0  2381.233
 3535.0  2382.352
 3540.0  2383.353
 3545.0  2384.234
 3550.0  2384.998
 3555.0  2385.645
 3560.0  2386.177
 3565.0  2386.594
 3570.0  2386.950
 3575.0  2387.288
 3580.0  2387.595
 3585.0  2387.858
 3590.0  2388.062
 3595.0  2388.194
 3600.0  2388.242
 3605.0  2387.292
 3610.0  2384.625
 3615.0  2380.516
 3620.0  2375.239
 3625.0  2369.071
 3630.0  2362.286
 3635.0  2355.159
