 2865.0   965.817
 2870.0   984.615
 2875.0  1003.914
 2880.0  1023.698
 2885.0  1043.951
 2890.0  1064.659
 2895.0  1085.804
 2900.0  1107.372
 2905.0  1130.157
 2910.0  1154.464
 2915.0  1179.540
 2920.0  1204.630
 2925.0  1228.980
 2930.0  1251.838
 2935.0  1272.448
 2940.0  1291.066
 2945.0  1308.575
 2950.0  1325.165
 2955.0  1341.026
 2960.0  1356.350
 2965.0  1371.324
 2970.0  1386.140
 2975.0  1400.342
 2980.0  1413.632
 2985.0  1426.435
 2990.0  1439.177
 2995.0  1452.284
 3000.0  1466.183
 3005.0  1481.299
 3010.0  1498.404
 3015.0  1517.464
 3020.0  1537.695
 3025.0  1558.314
 3030.0  1578.537
 3035.0  1597.580
 3040.0  1614.661
 3045.0  1629.954
 3050.0  1644.304
 3055.0  1657.928
 3060.0  1671.044
 3065.0  1683.869
 3070.0  1696.622
 3075.0  1709.519
 3080.0  1722.323
 3085.0  1734.764
 3090.0  1747.013
 3095.0  1759.241
 3100.0  1771.620
 3105.0  1784.320
 3110.0  1797.513
 3115.0  1811.424
 3120.0  1825.992
 3125.0  1840.954
 3130.0  1856.047
 3135.0  1871.010
 3140.0  1885.579
 3145.0  1899.494
 3150.0  1912.832
 3155.0  1925.870
 3160.0  1938.634
 3165.0  1951.153
 3170.0  1963.455
 3175.0  1975.569
 3180.0  1987.523
 3185.0  1999.598
 3190.0  2011.872
 3195.0  2024.063
 3200.0  2035.889
 3205.0  2047.068
 3210.0  2057.319
 3215.0  2066.360
 3220.0  2074.206
 3225.0  2081.227
 3230.0  2087.673
 3235.0  2093.796
 3240.0  2099.846
 3245.0  2106.076
 3250.0  2112.735
 3255.0  2119.896
 3260.0  2127.363
 3265.0  2134.984
 3270.0  2142.611
 3275.0  2150.093
 3280.0  2157.279
 3285.0  2164.020
 3290.0  2170.286
 3295.0  2176.219
 3300.0  2181.924
 3305.0  2187.504
 3310.0  2193.065
 3315.0  2198.711
 3320.0  2204.547
 3325.0  2210.536
 3330.0  2216.576
 3335.0  2222.668
 3340.0  2228.815
 3345.0  2235.020
 3350.0  2241.287
 3355.0  2247.618
 3360.0  2254.530
 3365.0  2262.195
 3370.0  2270.097
 3375.0  2277.718
 3380.0  2284.544
 3385.0  2290.057
 3390.0  2293.742
 3395.0  2295.952
 3400.0  2297.552
 3405.0  2298.790
 3410.0  2299.913
 3415.0  2301.168
 3420.0  2302.804
 3425.0  2305.067
 3430.0  2309.145
 3435.0  2315.571
 3440.0  2323.615
 3445.0  2332.548
 3450.0  2341.639
 3455.0  2350.158
 3460.0  2357.375
 3465.0  2363.596
 3470.0  2369.602
 3475.0  2375.373
 3480.0  2380.890
 3485.0  2386.135
 3490.0  2391.090
 3495.0  2395.734
 3500.0  2400.051
 3505.0  2301.215
 3510.0  2304.369
 3515.0  2307.428
 3520.0  2310.386
 3525.0  2313.240
 3530.0  2315.985
 3535.0  2318.556
 3540.0  2320.944
 3545.0  2323.225
 3550.0  2325.476
 3555.0  2327.773
 3560.0  2330.192
 3565.0  2332.811
 3570.0  2335.917
 3575.0  2339.548
 3580.0  2343.408
 3585.0  2347.198
 3590.0  2350.621
 3595.0  2353.380
 3600.0  2355.175
 3605.0  2356.358
 3610.0  2357.455
 3615.0  2358.431
 3620.0  2359.251
 3625.0  2359.880
 3630.0  2360.283
 3635.0  2360.425
