 2865.0   853.800
 2870.0   873.904
 2875.0   894.166
 2880.0   914.584
 2885.0   935.158
 2890.0   955.884
 2895.0   976.761
 2900.0   997.789
 2905.0  1019.451
 2910.0  1041.914
 2915.0  1064.697
 2920.0  1087.320
 2925.0  1109.302
 2930.0  1130.162
 2935.0  1149.418
 2940.0  1167.054
 2945.0  1183.574
 2950.0  1199.289
 2955.0  1214.506
 2960.0  1229.535
 2965.0  1244.683
 2970.0  1260.261
 2975.0  1276.218
 2980.0  1292.262
 2985.0  1308.341
 2990.0  1324.403
 2995.0  1340.393
 3000.0  1356.260
 3005.0  1371.950
 3010.0  1387.634
 3015.0  1403.418
 3020.0  1419.151
 3025.0  1434.682
 3030.0  1449.860
 3035.0  1464.534
 3040.0  1478.552
 3045.0  1491.690
 3050.0  1504.035
 3055.0  1515.906
 3060.0  1527.621
 3065.0  1539.499
 3070.0  1551.859
 3075.0  1565.020
 3080.0  1579.418
 3085.0  1594.946
 3090.0  1611.104
 3095.0  1627.396
 3100.0  1643.323
 3105.0  1658.387
 3110.0  1672.090
 3115.0  1684.454
 3120.0  1695.993
 3125.0  1706.947
 3130.0  1717.555
 3135.0  1728.059
 3140.0  1738.697
 3145.0  1749.710
 3150.0  1761.136
 3155.0  1772.775
 3160.0  1784.509
 3165.0  1796.222
 3170.0  1807.798
 3175.0  1819.118
 3180.0  1830.067
 3185.0  1840.899
 3190.0  1851.811
 3195.0  1862.600
 3200.0  1873.067
 3205.0  1883.007
 3210.0  1892.220
 3215.0  1900.504
 3220.0  1907.758
 3225.0  1914.212
 3230.0  1920.154
 3235.0  1925.877
 3240.0  1931.671
 3245.0  1937.827
 3250.0  1944.635
 3255.0  1952.310
 3260.0  1960.696
 3265.0  1969.527
 3270.0  1978.536
 3275.0  1987.457
 3280.0  1996.025
 3285.0  2003.971
 3290.0  2011.301
 3295.0  2018.269
 3300.0  2024.988
 3305.0  2031.567
 3310.0  2038.119
 3315.0  2044.756
 3320.0  2051.589
 3325.0  2058.796
 3330.0  2066.337
 3335.0  2074.000
 3340.0  2081.569
 3345.0  2088.832
 3350.0  2095.574
 3355.0  2101.582
 3360.0  2106.852
 3365.0  2111.627
 3370.0  2116.062
 3375.0  2120.315
 3380.0  2124.540
 3385.0  2128.895
 3390.0  2133.535
 3395.0  2138.465
 3400.0  2143.550
 3405.0  2148.740
 3410.0  2153.982
 3415.0  2159.225
 3420.0  2164.416
 3425.0  2169.504
 3430.0  2174.475
 3435.0  2179.372
 3440.0  2184.227
 3445.0  2189.069
 3450.0  2193.931
 3455.0  2198.844
 3460.0  2203.839
 3465.0  2208.907
 3470.0  2214.019
 3475.0  2219.173
 3480.0  2224.370
 3485.0  2229.609
 3490.0  2234.889
 3495.0  2240.210
 3500.0  2245.571
 3505.0  2175.749
 3510.0  2178.703
 3515.0  2181.710
 3520.0  2184.770
 3525.0  2187.879
 3530.0  2191.037
 3535.0  2194.328
 3540.0  2197.783
 3545.0  2201.322
 3550.0  2204.865
 3555.0  2208.331
 3560.0  2211.641
 3565.0  2214.715
 3570.0  2217.595
 3575.0  2220.379
 3580.0  2223.064
 3585.0  2225.650
 3590.0  2228.133
 3595.0  2230.513
 3600.0  2232.787
 3605.0  2234.975
 3610.0  2237.093
 3615.0  2239.135
 3620.0  2241.095
 3625.0  2242.968
 3630.0  2244.750
 3635.0  2246.434
