 2865.0  1042.433
 2870.0  1067.117
 2875.0  1091.591
 2880.0  1115.852
 2885.0  1139.897
 2890.0  1163.722
 2895.0  1187.326
 2900.0  1210.704
 2905.0  1233.916
 2910.0  1256.988
 2915.0  1279.869
 2920.0  1302.509
 2925.0  1324.858
 2930.0  1346.865
 2935.0  1368.480
 2940.0  1389.934
 2945.0  1411.358
 2950.0  1432.555
 2955.0  1453.326
 2960.0  1473.472
 2965.0  1492.795
 2970.0  1511.096
 2975.0  1528.202
 2980.0  1544.289
 2985.0  1559.684
 2990.0  1574.715
 2995.0  1589.708
 3000.0  1604.990
 3005.0  1620.890
 3010.0  1637.611
 3015.0  1654.936
 3020.0  1672.558
 3025.0  1690.172
 3030.0  1707.472
 3035.0  1724.152
 3040.0  1739.906
 3045.0  1754.627
 3050.0  1768.585
 3055.0  1782.038
 3060.0  1795.245
 3065.0  1808.466
 3070.0  1821.957
 3075.0  1835.978
 3080.0  1850.651
 3085.0  1865.793
 3090.0  1881.204
 3095.0  1896.686
 3100.0  1912.040
 3105.0  1927.066
 3110.0  1941.565
 3115.0  1955.612
 3120.0  1969.421
 3125.0  1982.997
 3130.0  1996.345
 3135.0  2009.470
 3140.0  2022.379
 3145.0  2035.076
 3150.0  2047.621
 3155.0  2060.037
 3160.0  2072.274
 3165.0  2084.283
 3170.0  2096.015
 3175.0  2107.419
 3180.0  2118.448
 3185.0  2129.103
 3190.0  2139.446
 3195.0  2149.517
 3200.0  2159.357
 3205.0  2169.004
 3210.0  2178.499
 3215.0  2187.881
 3220.0  2197.106
 3225.0  2206.129
 3230.0  2214.991
 3235.0  2223.733
 3240.0  2232.396
 3245.0  2241.019
 3250.0  2249.644
 3255.0  2258.550
 3260.0  2267.794
 3265.0  2277.084
 3270.0  2286.130
 3275.0  2294.640
 3280.0  2302.323
 3285.0  2308.886
 3290.0  2314.340
 3295.0  2319.060
 3300.0  2323.302
 3305.0  2327.325
 3310.0  2331.384
 3315.0  2335.738
 3320.0  2340.643
 3325.0  2346.218
 3330.0  2352.301
 3335.0  2358.726
 3340.0  2365.331
 3345.0  2371.951
 3350.0  2378.422
 3355.0  2384.581
 3360.0  2390.602
 3365.0  2396.694
 3370.0  2402.739
 3375.0  2408.623
 3380.0  2414.228
 3385.0  2419.440
 3390.0  2424.142
 3395.0  2428.271
 3400.0  2431.952
 3405.0  2435.351
 3410.0  2438.633
 3415.0  2441.964
 3420.0  2445.509
 3425.0  2449.435
 3430.0  2453.945
 3435.0  2458.977
 3440.0  2464.304
 3445.0  2469.696
 3450.0  2474.923
 3455.0  2479.756
 3460.0  2483.965
 3465.0  2487.712
 3470.0  2491.290
 3475.0  2494.677
 3480.0  2497.846
 3485.0  2500.772
 3490.0  2503.431
 3495.0  2505.798
 3500.0  2507.846
 3505.0  2436.503
 3510.0  2440.296
 3515.0  2443.801
 3520.0  2446.976
 3525.0  2449.779
 3530.0  2452.171
 3535.0  2454.169
 3540.0  2455.878
 3545.0  2457.390
 3550.0  2458.798
 3555.0  2460.192
 3560.0  2461.666
 3565.0  2463.310
 3570.0  2465.367
 3575.0  2467.840
 3580.0  2470.462
 3585.0  2472.966
 3590.0  2475.085
 3595.0  2476.552
 3600.0  2477.100
 3605.0  2477.033
 3610.0  2476.791
 3615.0  2476.308
 3620.0  2475.521
 3625.0  2474.363
 3630.0  2472.772
 3635.0  2470.683
