 2865.0  1066.740
 2870.0  1086.016
 2875.0  1105.891
 2880.0  1126.342
 2885.0  1147.350
 2890.0  1168.891
 2895.0  1190.946
 2900.0  1213.493
 2905.0  1237.149
 2910.0  1262.170
 2915.0  1287.998
 2920.0  1314.072
 2925.0  1339.831
 2930.0  1364.716
 2935.0  1388.165
 2940.0  1410.297
 2945.0  1431.686
 2950.0  1452.465
 2955.0  1472.765
 2960.0  1492.716
 2965.0  1512.449
 2970.0  1532.095
 2975.0  1551.718
 2980.0  1571.230
 2985.0  1590.535
 2990.0  1609.537
 2995.0  1628.139
 3000.0  1646.247
 3005.0  1663.763
 3010.0  1680.643
 3015.0  1696.981
 3020.0  1712.892
 3025.0  1728.489
 3030.0  1743.886
 3035.0  1759.197
 3040.0  1774.536
 3045.0  1789.787
 3050.0  1804.813
 3055.0  1819.694
 3060.0  1834.512
 3065.0  1849.347
 3070.0  1864.278
 3075.0  1879.388
 3080.0  1894.795
 3085.0  1910.470
 3090.0  1926.266
 3095.0  1942.038
 3100.0  1957.639
 3105.0  1972.924
 3110.0  1987.745
 3115.0  2002.163
 3120.0  2016.337
 3125.0  2030.271
 3130.0  2043.972
 3135.0  2057.443
 3140.0  2070.691
 3145.0  2083.719
 3150.0  2096.566
 3155.0  2109.248
 3160.0  2121.738
 3165.0  2134.009
 3170.0  2146.033
 3175.0  2157.781
 3180.0  2169.227
 3185.0  2180.407
 3190.0  2191.370
 3195.0  2202.107
 3200.0  2212.611
 3205.0  2222.873
 3210.0  2232.886
 3215.0  2242.641
 3220.0  2252.203
 3225.0  2261.614
 3230.0  2270.831
 3235.0  2279.809
 3240.0  2288.504
 3245.0  2296.874
 3250.0  2304.875
 3255.0  2312.407
 3260.0  2319.499
 3265.0  2326.299
 3270.0  2332.953
 3275.0  2339.610
 3280.0  2346.417
 3285.0  2353.522
 3290.0  2361.071
 3295.0  2368.988
 3300.0  2377.080
 3305.0  2385.156
 3310.0  2393.024
 3315.0  2400.492
 3320.0  2407.370
 3325.0  2413.652
 3330.0  2419.537
 3335.0  2425.139
 3340.0  2430.568
 3345.0  2435.939
 3350.0  2441.362
 3355.0  2446.952
 3360.0  2452.702
 3365.0  2458.513
 3370.0  2464.351
 3375.0  2470.182
 3380.0  2475.976
 3385.0  2481.697
 3390.0  2487.314
 3395.0  2493.010
 3400.0  2498.877
 3405.0  2504.745
 3410.0  2510.442
 3415.0  2515.799
 3420.0  2520.646
 3425.0  2524.812
 3430.0  2528.325
 3435.0  2531.417
 3440.0  2534.219
 3445.0  2536.863
 3450.0  2539.479
 3455.0  2542.200
 3460.0  2545.157
 3465.0  2548.312
 3470.0  2551.541
 3475.0  2554.841
 3480.0  2558.209
 3485.0  2561.645
 3490.0  2565.145
 3495.0  2568.707
 3500.0  2572.331
 3505.0  2502.776
 3510.0  2505.565
 3515.0  2508.278
 3520.0  2510.912
 3525.0  2513.463
 3530.0  2515.928
 3535.0  2518.351
 3540.0  2520.757
 3545.0  2523.108
 3550.0  2525.369
 3555.0  2527.505
 3560.0  2529.479
 3565.0  2531.256
 3570.0  2532.818
 3575.0  2534.210
 3580.0  2535.491
 3585.0  2536.719
 3590.0  2537.953
 3595.0  2539.251
 3600.0  2540.671
 3605.0  2542.204
 3610.0  2543.796
 3615.0  2545.445
 3620.0  2547.150
 3625.0  2548.907
 3630.0  2550.713
 3635.0  2552.567
