 2865.0  1109.158
 2870.0  1137.163
 2875.0  1164.561
 2880.0  1191.328
 2885.0  1217.437
 2890.0  1242.863
 2895.0  1267.580
 2900.0  1291.561
 2905.0  1314.741
 2910.0  1337.162
 2915.0  1358.957
 2920.0  1380.262
 2925.0  1401.211
 2930.0  1421.941
 2935.0  1442.584
 2940.0  1463.036
 2945.0  1483.149
 2950.0  1502.994
 2955.0  1522.643
 2960.0  1542.169
 2965.0  1561.644
 2970.0  1581.140
 2975.0  1600.757
 2980.0  1620.466
 2985.0  1640.143
 2990.0  1659.664
 2995.0  1678.905
 3000.0  1697.743
 3005.0  1716.053
 3010.0  1733.719
 3015.0  1750.826
 3020.0  1767.554
 3025.0  1784.086
 3030.0  1800.603
 3035.0  1817.286
 3040.0  1834.316
 3045.0  1852.009
 3050.0  1870.311
 3055.0  1888.848
 3060.0  1907.246
 3065.0  1925.132
 3070.0  1942.132
 3075.0  1957.872
 3080.0  1972.139
 3085.0  1985.261
 3090.0  1997.675
 3095.0  2009.819
 3100.0  2022.131
 3105.0  2035.050
 3110.0  2049.012
 3115.0  2064.593
 3120.0  2081.638
 3125.0  2099.492
 3130.0  2117.498
 3135.0  2135.003
 3140.0  2151.349
 3145.0  2165.882
 3150.0  2178.693
 3155.0  2190.497
 3160.0  2201.577
 3165.0  2212.214
 3170.0  2222.692
 3175.0  2233.293
 3180.0  2244.299
 3185.0  2255.769
 3190.0  2267.472
 3195.0  2279.255
 3200.0  2290.965
 3205.0  2302.450
 3210.0  2313.556
 3215.0  2324.132
 3220.0  2334.295
 3225.0  2344.243
 3230.0  2353.936
 3235.0  2363.335
 3240.0  2372.403
 3245.0  2381.100
 3250.0  2389.389
 3255.0  2397.012
 3260.0  2403.946
 3265.0  2410.503
 3270.0  2416.996
 3275.0  2423.735
 3280.0  2431.032
 3285.0  2439.200
 3290.0  2448.931
 3295.0  2460.265
 3300.0  2472.537
 3305.0  2485.083
 3310.0  2497.236
 3315.0  2508.333
 3320.0  2517.706
 3325.0  2525.692
 3330.0  2533.109
 3335.0  2540.015
 3340.0  2546.471
 3345.0  2552.538
 3350.0  2558.274
 3355.0  2563.740
 3360.0  2568.806
 3365.0  2573.411
 3370.0  2577.720
 3375.0  2581.900
 3380.0  2586.115
 3385.0  2590.533
 3390.0  2595.318
 3395.0  2600.564
 3400.0  2606.169
 3405.0  2612.001
 3410.0  2617.930
 3415.0  2623.826
 3420.0  2629.559
 3425.0  2634.997
 3430.0  2640.328
 3435.0  2645.735
 3440.0  2651.083
 3445.0  2656.238
 3450.0  2661.065
 3455.0  2665.428
 3460.0  2669.192
 3465.0  2672.541
 3470.0  2675.720
 3475.0  2678.687
 3480.0  2681.401
 3485.0  2683.821
 3490.0  2685.905
 3495.0  2687.612
 3500.0  2688.901
 3505.0  2613.133
 3510.0  2617.910
 3515.0  2622.135
 3520.0  2625.669
 3525.0  2628.375
 3530.0  2630.117
 3535.0  2631.171
 3540.0  2631.966
 3545.0  2632.589
 3550.0  2633.129
 3555.0  2633.674
 3560.0  2634.314
 3565.0  2635.136
 3570.0  2636.363
 3575.0  2638.010
 3580.0  2639.854
 3585.0  2641.674
 3590.0  2643.249
 3595.0  2644.356
 3600.0  2644.775
 3605.0  2643.737
 3610.0  2640.791
 3615.0  2636.189
 3620.0  2630.184
 3625.0  2623.029
 3630.0  2614.976
 3635.0  2606.276
