 2865.0  1081.816
 2870.0  1110.101
 2875.0  1137.857
 2880.0  1165.065
 2885.0  1191.707
 2890.0  1217.763
 2895.0  1243.215
 2900.0  1268.044
 2905.0  1292.198
 2910.0  1315.707
 2915.0  1338.670
 2920.0  1361.191
 2925.0  1383.371
 2930.0  1405.311
 2935.0  1427.113
 2940.0  1448.874
 2945.0  1470.541
 2950.0  1491.997
 2955.0  1513.123
 2960.0  1533.799
 2965.0  1553.907
 2970.0  1573.328
 2975.0  1592.150
 2980.0  1610.535
 2985.0  1628.480
 2990.0  1645.978
 2995.0  1663.027
 3000.0  1679.620
 3005.0  1695.754
 3010.0  1711.280
 3015.0  1726.179
 3020.0  1740.638
 3025.0  1754.843
 3030.0  1768.982
 3035.0  1783.241
 3040.0  1797.808
 3045.0  1812.607
 3050.0  1827.446
 3055.0  1842.341
 3060.0  1857.304
 3065.0  1872.352
 3070.0  1887.497
 3075.0  1902.755
 3080.0  1918.249
 3085.0  1934.008
 3090.0  1949.906
 3095.0  1965.818
 3100.0  1981.617
 3105.0  1997.177
 3110.0  2012.372
 3115.0  2027.309
 3120.0  2042.142
 3125.0  2056.814
 3130.0  2071.268
 3135.0  2085.446
 3140.0  2099.294
 3145.0  2112.752
 3150.0  2125.842
 3155.0  2138.635
 3160.0  2151.152
 3165.0  2163.415
 3170.0  2175.447
 3175.0  2187.267
 3180.0  2198.899
 3185.0  2210.460
 3190.0  2221.979
 3195.0  2233.344
 3200.0  2244.441
 3205.0  2255.158
 3210.0  2265.381
 3215.0  2274.999
 3220.0  2283.957
 3225.0  2292.377
 3230.0  2300.408
 3235.0  2308.199
 3240.0  2315.901
 3245.0  2323.662
 3250.0  2331.633
 3255.0  2339.921
 3260.0  2348.431
 3265.0  2357.003
 3270.0  2365.480
 3275.0  2373.701
 3280.0  2381.509
 3285.0  2388.745
 3290.0  2395.400
 3295.0  2401.644
 3300.0  2407.588
 3305.0  2413.340
 3310.0  2419.012
 3315.0  2424.713
 3320.0  2430.552
 3325.0  2436.481
 3330.0  2442.387
 3335.0  2448.282
 3340.0  2454.176
 3345.0  2460.081
 3350.0  2466.010
 3355.0  2471.972
 3360.0  2478.149
 3365.0  2484.591
 3370.0  2491.113
 3375.0  2497.533
 3380.0  2503.664
 3385.0  2509.324
 3390.0  2514.329
 3395.0  2518.643
 3400.0  2522.471
 3405.0  2525.988
 3410.0  2529.369
 3415.0  2532.788
 3420.0  2536.420
 3425.0  2540.440
 3430.0  2545.045
 3435.0  2550.164
 3440.0  2555.566
 3445.0  2561.023
 3450.0  2566.305
 3455.0  2571.182
 3460.0  2575.424
 3465.0  2579.197
 3470.0  2582.799
 3475.0  2586.204
 3480.0  2589.386
 3485.0  2592.319
 3490.0  2594.976
 3495.0  2597.331
 3500.0  2599.358
 3505.0  2492.885
 3510.0  2495.788
 3515.0  2498.642
 3520.0  2501.447
 3525.0  2504.201
 3530.0  2506.903
 3535.0  2509.573
 3540.0  2512.220
 3545.0  2514.827
 3550.0  2517.380
 3555.0  2519.861
 3560.0  2522.255
 3565.0  2524.546
 3570.0  2526.892
 3575.0  2529.366
 3580.0  2531.823
 3585.0  2534.118
 3590.0  2536.106
 3595.0  2537.643
 3600.0  2538.584
 3605.0  2539.156
 3610.0  2539.674
 3615.0  2540.127
 3620.0  2540.501
 3625.0  2540.784
 3630.0  2540.963
 3635.0  2541.025
