 2865.0   888.698
 2870.0   912.365
 2875.0   935.835
 2880.0   959.106
 2885.0   982.174
 2890.0  1005.036
 2895.0  1027.691
 2900.0  1050.136
 2905.0  1072.453
 2910.0  1094.677
 2915.0  1116.733
 2920.0  1138.543
 2925.0  1160.033
 2930.0  1181.125
 2935.0  1201.743
 2940.0  1221.889
 2945.0  1241.642
 2950.0  1261.049
 2955.0  1280.159
 2960.0  1299.016
 2965.0  1317.669
 2970.0  1336.164
 2975.0  1354.651
 2980.0  1373.145
 2985.0  1391.489
 2990.0  1409.523
 2995.0  1427.092
 3000.0  1444.038
 3005.0  1460.202
 3010.0  1475.530
 3015.0  1490.181
 3020.0  1504.322
 3025.0  1518.118
 3030.0  1531.735
 3035.0  1545.340
 3040.0  1559.098
 3045.0  1572.844
 3050.0  1586.377
 3055.0  1599.806
 3060.0  1613.244
 3065.0  1626.802
 3070.0  1640.590
 3075.0  1654.721
 3080.0  1669.469
 3085.0  1684.832
 3090.0  1700.510
 3095.0  1716.201
 3100.0  1731.605
 3105.0  1746.420
 3110.0  1760.345
 3115.0  1773.347
 3120.0  1785.712
 3125.0  1797.627
 3130.0  1809.276
 3135.0  1820.845
 3140.0  1832.519
 3145.0  1844.482
 3150.0  1856.882
 3155.0  1869.605
 3160.0  1882.442
 3165.0  1895.183
 3170.0  1907.619
 3175.0  1919.542
 3180.0  1930.743
 3185.0  1941.263
 3190.0  1951.334
 3195.0  1961.034
 3200.0  1970.442
 3205.0  1979.636
 3210.0  1988.694
 3215.0  1997.693
 3220.0  2006.604
 3225.0  2015.354
 3230.0  2023.956
 3235.0  2032.422
 3240.0  2040.765
 3245.0  2048.997
 3250.0  2057.131
 3255.0  2065.262
 3260.0  2073.414
 3265.0  2081.493
 3270.0  2089.405
 3275.0  2097.055
 3280.0  2104.350
 3285.0  2111.194
 3290.0  2117.464
 3295.0  2123.229
 3300.0  2128.688
 3305.0  2134.037
 3310.0  2139.473
 3315.0  2145.195
 3320.0  2151.398
 3325.0  2158.283
 3330.0  2165.762
 3335.0  2173.605
 3340.0  2181.580
 3345.0  2189.457
 3350.0  2197.006
 3355.0  2203.995
 3360.0  2210.566
 3365.0  2216.990
 3370.0  2223.227
 3375.0  2229.240
 3380.0  2234.990
 3385.0  2240.438
 3390.0  2245.548
 3395.0  2250.194
 3400.0  2254.399
 3405.0  2258.340
 3410.0  2262.195
 3415.0  2266.142
 3420.0  2270.359
 3425.0  2275.024
 3430.0  2280.294
 3435.0  2286.092
 3440.0  2292.247
 3445.0  2298.588
 3450.0  2304.944
 3455.0  2311.144
 3460.0  2317.015
 3465.0  2322.624
 3470.0  2328.147
 3475.0  2333.583
 3480.0  2338.928
 3485.0  2344.181
 3490.0  2349.339
 3495.0  2354.400
 3500.0  2359.362
 3505.0  2285.422
 3510.0  2290.226
 3515.0  2294.804
 3520.0  2299.138
 3525.0  2303.209
 3530.0  2307.000
 3535.0  2310.701
 3540.0  2314.420
 3545.0  2318.014
 3550.0  2321.342
 3555.0  2324.262
 3560.0  2326.630
 3565.0  2328.306
 3570.0  2329.405
 3575.0  2330.215
 3580.0  2330.851
 3585.0  2331.431
 3590.0  2332.070
 3595.0  2332.885
 3600.0  2333.991
 3605.0  2335.629
 3610.0  2337.909
 3615.0  2340.745
 3620.0  2344.054
 3625.0  2347.751
 3630.0  2351.753
 3635.0  2355.976
