 2865.0   804.579
 2870.0   827.372
 2875.0   849.713
 2880.0   871.585
 2885.0   892.971
 2890.0   913.853
 2895.0   934.216
 2900.0   954.041
 2905.0   973.163
 2910.0   991.571
 2915.0  1009.474
 2920.0  1027.082
 2925.0  1044.607
 2930.0  1062.258
 2935.0  1080.246
 2940.0  1098.714
 2945.0  1117.525
 2950.0  1136.464
 2955.0  1155.318
 2960.0  1173.875
 2965.0  1191.919
 2970.0  1209.238
 2975.0  1225.862
 2980.0  1242.011
 2985.0  1257.763
 2990.0  1273.193
 2995.0  1288.377
 3000.0  1303.390
 3005.0  1318.309
 3010.0  1333.193
 3015.0  1348.001
 3020.0  1362.656
 3025.0  1377.080
 3030.0  1391.196
 3035.0  1404.927
 3040.0  1418.196
 3045.0  1430.745
 3050.0  1442.575
 3055.0  1454.001
 3060.0  1465.334
 3065.0  1476.886
 3070.0  1488.969
 3075.0  1501.897
 3080.0  1516.321
 3085.0  1532.222
 3090.0  1548.904
 3095.0  1565.673
 3100.0  1581.834
 3105.0  1596.690
 3110.0  1609.548
 3115.0  1620.549
 3120.0  1630.498
 3125.0  1639.697
 3130.0  1648.443
 3135.0  1657.038
 3140.0  1665.780
 3145.0  1674.970
 3150.0  1684.435
 3155.0  1693.851
 3160.0  1703.293
 3165.0  1712.833
 3170.0  1722.546
 3175.0  1732.505
 3180.0  1742.785
 3185.0  1753.885
 3190.0  1765.918
 3195.0  1778.381
 3200.0  1790.768
 3205.0  1802.573
 3210.0  1813.291
 3215.0  1822.418
 3220.0  1829.977
 3225.0  1836.560
 3230.0  1842.513
 3235.0  1848.184
 3240.0  1853.920
 3245.0  1860.066
 3250.0  1866.970
 3255.0  1874.790
 3260.0  1883.308
 3265.0  1892.309
 3270.0  1901.575
 3275.0  1910.890
 3280.0  1920.038
 3285.0  1928.802
 3290.0  1937.507
 3295.0  1946.458
 3300.0  1955.404
 3305.0  1964.094
 3310.0  1972.280
 3315.0  1979.710
 3320.0  1986.134
 3325.0  1991.690
 3330.0  1996.746
 3335.0  2001.398
 3340.0  2005.742
 3345.0  2009.873
 3350.0  2013.888
 3355.0  2017.884
 3360.0  2021.654
 3365.0  2025.055
 3370.0  2028.275
 3375.0  2031.503
 3380.0  2034.928
 3385.0  2038.738
 3390.0  2043.122
 3395.0  2048.657
 3400.0  2055.467
 3405.0  2063.057
 3410.0  2070.933
 3415.0  2078.601
 3420.0  2085.567
 3425.0  2091.337
 3430.0  2096.004
 3435.0  2100.114
 3440.0  2103.854
 3445.0  2107.413
 3450.0  2110.977
 3455.0  2114.734
 3460.0  2118.870
 3465.0  2123.349
 3470.0  2128.002
 3475.0  2132.822
 3480.0  2137.801
 3485.0  2142.933
 3490.0  2148.209
 3495.0  2153.623
 3500.0  2159.168
 3505.0  2085.010
 3510.0  2088.101
 3515.0  2091.330
 3520.0  2094.687
 3525.0  2098.165
 3530.0  2101.755
 3535.0  2105.622
 3540.0  2109.841
 3545.0  2114.270
 3550.0  2118.764
 3555.0  2123.181
 3560.0  2127.376
 3565.0  2131.207
 3570.0  2134.829
 3575.0  2138.436
 3580.0  2141.941
 3585.0  2145.260
 3590.0  2148.306
 3595.0  2150.995
 3600.0  2153.241
 3605.0  2155.198
 3610.0  2157.053
 3615.0  2158.767
 3620.0  2160.304
 3625.0  2161.625
 3630.0  2162.692
 3635.0  2163.468
