 2865.0   919.988
 2870.0   946.187
 2875.0   971.848
 2880.0   996.951
 2885.0  1021.474
 2890.0  1045.397
 2895.0  1068.697
 2900.0  1091.354
 2905.0  1113.307
 2910.0  1134.588
 2915.0  1155.314
 2920.0  1175.603
 2925.0  1195.572
 2930.0  1215.338
 2935.0  1235.019
 2940.0  1254.796
 2945.0  1274.634
 2950.0  1294.319
 2955.0  1313.640
 2960.0  1332.386
 2965.0  1350.346
 2970.0  1367.307
 2975.0  1383.167
 2980.0  1398.137
 2985.0  1412.472
 2990.0  1426.430
 2995.0  1440.267
 3000.0  1454.242
 3005.0  1468.611
 3010.0  1483.485
 3015.0  1498.674
 3020.0  1513.982
 3025.0  1529.211
 3030.0  1544.164
 3035.0  1558.645
 3040.0  1572.456
 3045.0  1585.530
 3050.0  1598.044
 3055.0  1610.166
 3060.0  1622.065
 3065.0  1633.909
 3070.0  1645.868
 3075.0  1658.111
 3080.0  1670.592
 3085.0  1683.147
 3090.0  1695.767
 3095.0  1708.439
 3100.0  1721.155
 3105.0  1733.902
 3110.0  1746.671
 3115.0  1759.613
 3120.0  1772.787
 3125.0  1786.047
 3130.0  1799.245
 3135.0  1812.234
 3140.0  1824.866
 3145.0  1836.993
 3150.0  1848.800
 3155.0  1860.495
 3160.0  1871.967
 3165.0  1883.104
 3170.0  1893.795
 3175.0  1903.931
 3180.0  1913.399
 3185.0  1922.245
 3190.0  1930.631
 3195.0  1938.624
 3200.0  1946.290
 3205.0  1953.696
 3210.0  1960.907
 3215.0  1967.990
 3220.0  1974.882
 3225.0  1981.517
 3230.0  1987.954
 3235.0  1994.252
 3240.0  2000.471
 3245.0  2006.671
 3250.0  2012.911
 3255.0  2019.106
 3260.0  2025.174
 3265.0  2031.183
 3270.0  2037.198
 3275.0  2043.287
 3280.0  2049.517
 3285.0  2055.954
 3290.0  2062.897
 3295.0  2070.390
 3300.0  2078.123
 3305.0  2085.784
 3310.0  2093.060
 3315.0  2099.639
 3320.0  2105.211
 3325.0  2109.835
 3330.0  2113.899
 3335.0  2117.581
 3340.0  2121.059
 3345.0  2124.511
 3350.0  2128.114
 3355.0  2132.045
 3360.0  2136.302
 3365.0  2140.730
 3370.0  2145.283
 3375.0  2149.914
 3380.0  2154.574
 3385.0  2159.217
 3390.0  2163.796
 3395.0  2168.479
 3400.0  2173.365
 3405.0  2178.300
 3410.0  2183.132
 3415.0  2187.708
 3420.0  2191.874
 3425.0  2195.477
 3430.0  2198.511
 3435.0  2201.162
 3440.0  2203.564
 3445.0  2205.854
 3450.0  2208.167
 3455.0  2210.639
 3460.0  2213.405
 3465.0  2216.450
 3470.0  2219.662
 3475.0  2223.033
 3480.0  2226.553
 3485.0  2230.214
 3490.0  2234.006
 3495.0  2237.920
 3500.0  2241.948
 3505.0  2157.281
 3510.0  2158.538
 3515.0  2159.815
 3520.0  2161.112
 3525.0  2162.428
 3530.0  2163.763
 3535.0  2165.120
 3540.0  2166.501
 3545.0  2167.905
 3550.0  2169.328
 3555.0  2170.770
 3560.0  2172.228
 3565.0  2173.700
 3570.0  2175.250
 3575.0  2176.901
 3580.0  2178.592
 3585.0  2180.260
 3590.0  2181.840
 3595.0  2183.271
 3600.0  2184.490
 3605.0  2185.559
 3610.0  2186.575
 3615.0  2187.523
 3620.0  2188.394
 3625.0  2189.172
 3630.0  2189.848
 3635.0  2190.407
