 2865.0   941.396
 2870.0   967.413
 2875.0   992.947
 2880.0  1017.981
 2885.0  1042.499
 2890.0  1066.483
 2895.0  1089.916
 2900.0  1112.782
 2905.0  1135.030
 2910.0  1156.683
 2915.0  1177.838
 2920.0  1198.591
 2925.0  1219.038
 2930.0  1239.275
 2935.0  1259.398
 2940.0  1279.496
 2945.0  1299.520
 2950.0  1319.359
 2955.0  1338.899
 2960.0  1358.029
 2965.0  1376.637
 2970.0  1394.609
 2975.0  1412.020
 2980.0  1429.021
 2985.0  1445.614
 2990.0  1461.801
 2995.0  1477.588
 3000.0  1492.975
 3005.0  1507.967
 3010.0  1522.361
 3015.0  1536.109
 3020.0  1549.443
 3025.0  1562.596
 3030.0  1575.800
 3035.0  1589.289
 3040.0  1603.295
 3045.0  1617.898
 3050.0  1632.926
 3055.0  1648.232
 3060.0  1663.670
 3065.0  1679.096
 3070.0  1694.361
 3075.0  1709.321
 3080.0  1724.263
 3085.0  1739.414
 3090.0  1754.537
 3095.0  1769.399
 3100.0  1783.762
 3105.0  1797.391
 3110.0  1810.051
 3115.0  1821.571
 3120.0  1832.163
 3125.0  1842.167
 3130.0  1851.922
 3135.0  1861.768
 3140.0  1872.042
 3145.0  1883.086
 3150.0  1895.243
 3155.0  1908.351
 3160.0  1921.991
 3165.0  1935.742
 3170.0  1949.185
 3175.0  1961.899
 3180.0  1973.465
 3185.0  1984.034
 3190.0  1994.081
 3195.0  2003.678
 3200.0  2012.895
 3205.0  2021.805
 3210.0  2030.476
 3215.0  2038.980
 3220.0  2047.319
 3225.0  2055.446
 3230.0  2063.358
 3235.0  2071.054
 3240.0  2078.532
 3245.0  2085.791
 3250.0  2092.829
 3255.0  2099.503
 3260.0  2105.781
 3265.0  2111.826
 3270.0  2117.800
 3275.0  2123.866
 3280.0  2130.186
 3285.0  2136.923
 3290.0  2144.435
 3295.0  2152.712
 3300.0  2161.369
 3305.0  2170.018
 3310.0  2178.273
 3315.0  2185.749
 3320.0  2192.058
 3325.0  2197.304
 3330.0  2201.964
 3335.0  2206.207
 3340.0  2210.205
 3345.0  2214.130
 3350.0  2218.153
 3355.0  2222.444
 3360.0  2226.928
 3365.0  2231.427
 3370.0  2235.962
 3375.0  2240.555
 3380.0  2245.226
 3385.0  2249.998
 3390.0  2254.891
 3395.0  2259.957
 3400.0  2265.197
 3405.0  2270.561
 3410.0  2275.999
 3415.0  2281.459
 3420.0  2286.891
 3425.0  2292.243
 3430.0  2297.697
 3435.0  2303.356
 3440.0  2309.057
 3445.0  2314.640
 3450.0  2319.940
 3455.0  2324.795
 3460.0  2329.044
 3465.0  2332.854
 3470.0  2336.481
 3475.0  2339.890
 3480.0  2343.047
 3485.0  2345.917
 3490.0  2348.465
 3495.0  2350.658
 3500.0  2352.460
 3505.0  2299.308
 3510.0  2301.938
 3515.0  2304.489
 3520.0  2306.958
 3525.0  2309.341
 3530.0  2311.633
 3535.0  2313.787
 3540.0  2315.796
 3545.0  2317.719
 3550.0  2319.614
 3555.0  2321.537
 3560.0  2323.546
 3565.0  2325.701
 3570.0  2328.246
 3575.0  2331.218
 3580.0  2334.361
 3585.0  2337.418
 3590.0  2340.134
 3595.0  2342.251
 3600.0  2343.514
 3605.0  2344.235
 3610.0  2344.889
 3615.0  2345.460
 3620.0  2345.931
 3625.0  2346.287
 3630.0  2346.513
 3635.0  2346.591
