 2865.0  1003.794
 2870.0  1028.138
 2875.0  1052.213
 2880.0  1076.013
 2885.0  1099.534
 2890.0  1122.769
 2895.0  1145.715
 2900.0  1168.366
 2905.0  1190.753
 2910.0  1212.899
 2915.0  1234.787
 2920.0  1256.398
 2925.0  1277.715
 2930.0  1298.721
 2935.0  1319.398
 2940.0  1339.844
 2945.0  1360.120
 2950.0  1380.145
 2955.0  1399.841
 2960.0  1419.127
 2965.0  1437.926
 2970.0  1456.157
 2975.0  1473.706
 2980.0  1490.630
 2985.0  1507.105
 2990.0  1523.305
 2995.0  1539.407
 3000.0  1555.587
 3005.0  1572.020
 3010.0  1588.767
 3015.0  1605.693
 3020.0  1622.678
 3025.0  1639.602
 3030.0  1656.345
 3035.0  1672.788
 3040.0  1688.812
 3045.0  1704.422
 3050.0  1719.736
 3055.0  1734.802
 3060.0  1749.665
 3065.0  1764.373
 3070.0  1778.972
 3075.0  1793.509
 3080.0  1808.008
 3085.0  1822.439
 3090.0  1836.764
 3095.0  1850.948
 3100.0  1864.954
 3105.0  1878.746
 3110.0  1892.288
 3115.0  1905.510
 3120.0  1918.429
 3125.0  1931.134
 3130.0  1943.717
 3135.0  1956.269
 3140.0  1968.881
 3145.0  1981.643
 3150.0  1994.807
 3155.0  2008.375
 3160.0  2022.067
 3165.0  2035.602
 3170.0  2048.697
 3175.0  2061.073
 3180.0  2072.447
 3185.0  2082.757
 3190.0  2092.291
 3195.0  2101.298
 3200.0  2110.024
 3205.0  2118.718
 3210.0  2127.628
 3215.0  2137.001
 3220.0  2147.157
 3225.0  2157.985
 3230.0  2169.092
 3235.0  2180.083
 3240.0  2190.564
 3245.0  2200.141
 3250.0  2208.419
 3255.0  2215.439
 3260.0  2221.675
 3265.0  2227.377
 3270.0  2232.798
 3275.0  2238.191
 3280.0  2243.808
 3285.0  2249.901
 3290.0  2256.599
 3295.0  2263.731
 3300.0  2271.095
 3305.0  2278.489
 3310.0  2285.712
 3315.0  2292.563
 3320.0  2298.841
 3325.0  2304.543
 3330.0  2309.877
 3335.0  2314.949
 3340.0  2319.870
 3345.0  2324.748
 3350.0  2329.692
 3355.0  2334.810
 3360.0  2340.061
 3365.0  2345.337
 3370.0  2350.641
 3375.0  2355.979
 3380.0  2361.357
 3385.0  2366.778
 3390.0  2372.248
 3395.0  2377.918
 3400.0  2383.837
 3405.0  2389.851
 3410.0  2395.808
 3415.0  2401.555
 3420.0  2406.942
 3425.0  2411.815
 3430.0  2416.137
 3435.0  2420.064
 3440.0  2423.734
 3445.0  2427.286
 3450.0  2430.858
 3455.0  2434.591
 3460.0  2438.621
 3465.0  2442.922
 3470.0  2447.369
 3475.0  2451.958
 3480.0  2456.683
 3485.0  2461.537
 3490.0  2466.516
 3495.0  2471.614
 3500.0  2476.825
 3505.0  2403.174
 3510.0  2406.111
 3515.0  2408.835
 3520.0  2411.318
 3525.0  2413.531
 3530.0  2415.445
 3535.0  2417.121
 3540.0  2418.647
 3545.0  2420.040
 3550.0  2421.317
 3555.0  2422.492
 3560.0  2423.582
 3565.0  2424.604
 3570.0  2425.644
 3575.0  2426.728
 3580.0  2427.781
 3585.0  2428.730
 3590.0  2429.500
 3595.0  2430.016
 3600.0  2430.205
 3605.0  2429.069
 3610.0  2425.866
 3615.0  2420.903
 3620.0  2414.485
 3625.0  2406.920
 3630.0  2398.513
 3635.0  2389.571
