 2865.0   946.362
 2870.0   968.942
 2875.0   991.324
 2880.0  1013.506
 2885.0  1035.483
 2890.0  1057.255
 2895.0  1078.817
 2900.0  1100.166
 2905.0  1121.387
 2910.0  1142.514
 2915.0  1163.472
 2920.0  1184.183
 2925.0  1204.574
 2930.0  1224.567
 2935.0  1244.087
 2940.0  1263.152
 2945.0  1281.850
 2950.0  1300.211
 2955.0  1318.263
 2960.0  1336.037
 2965.0  1353.562
 2970.0  1370.867
 2975.0  1387.925
 2980.0  1404.708
 2985.0  1421.246
 2990.0  1437.570
 2995.0  1453.711
 3000.0  1469.699
 3005.0  1485.564
 3010.0  1501.286
 3015.0  1516.834
 3020.0  1532.226
 3025.0  1547.475
 3030.0  1562.599
 3035.0  1577.612
 3040.0  1592.530
 3045.0  1607.341
 3050.0  1622.028
 3055.0  1636.602
 3060.0  1651.073
 3065.0  1665.452
 3070.0  1679.750
 3075.0  1693.976
 3080.0  1708.248
 3085.0  1722.597
 3090.0  1736.903
 3095.0  1751.049
 3100.0  1764.915
 3105.0  1778.382
 3110.0  1791.332
 3115.0  1803.707
 3120.0  1815.615
 3125.0  1827.181
 3130.0  1838.531
 3135.0  1849.793
 3140.0  1861.092
 3145.0  1872.554
 3150.0  1884.333
 3155.0  1896.366
 3160.0  1908.460
 3165.0  1920.419
 3170.0  1932.048
 3175.0  1943.153
 3180.0  1953.539
 3185.0  1963.222
 3190.0  1972.418
 3195.0  1981.232
 3200.0  1989.769
 3205.0  1998.132
 3210.0  2006.428
 3215.0  2014.759
 3220.0  2023.045
 3225.0  2031.166
 3230.0  2039.175
 3235.0  2047.124
 3240.0  2055.064
 3245.0  2063.048
 3250.0  2071.127
 3255.0  2079.571
 3260.0  2088.425
 3265.0  2097.402
 3270.0  2106.214
 3275.0  2114.573
 3280.0  2122.193
 3285.0  2128.786
 3290.0  2134.445
 3295.0  2139.547
 3300.0  2144.235
 3305.0  2148.650
 3310.0  2152.935
 3315.0  2157.231
 3320.0  2161.679
 3325.0  2166.117
 3330.0  2170.364
 3335.0  2174.537
 3340.0  2178.755
 3345.0  2183.134
 3350.0  2187.793
 3355.0  2192.848
 3360.0  2198.518
 3365.0  2204.809
 3370.0  2211.518
 3375.0  2218.445
 3380.0  2225.389
 3385.0  2232.147
 3390.0  2238.518
 3395.0  2244.795
 3400.0  2251.258
 3405.0  2257.689
 3410.0  2263.871
 3415.0  2269.588
 3420.0  2274.620
 3425.0  2278.752
 3430.0  2282.042
 3435.0  2284.814
 3440.0  2287.246
 3445.0  2289.519
 3450.0  2291.810
 3455.0  2294.299
 3460.0  2297.165
 3465.0  2300.393
 3470.0  2303.839
 3475.0  2307.490
 3480.0  2311.334
 3485.0  2315.355
 3490.0  2319.542
 3495.0  2323.880
 3500.0  2328.356
 3505.0  2268.397
 3510.0  2272.546
 3515.0  2276.362
 3520.0  2279.797
 3525.0  2282.799
 3530.0  2285.320
 3535.0  2287.356
 3540.0  2289.028
 3545.0  2290.473
 3550.0  2291.827
 3555.0  2293.227
 3560.0  2294.809
 3565.0  2296.709
 3570.0  2299.203
 3575.0  2302.300
 3580.0  2305.735
 3585.0  2309.245
 3590.0  2312.564
 3595.0  2315.429
 3600.0  2317.575
 3605.0  2319.248
 3610.0  2320.838
 3615.0  2322.298
 3620.0  2323.580
 3625.0  2324.638
 3630.0  2325.424
 3635.0  2325.891
