 2865.0   948.722
 2870.0   973.053
 2875.0   996.890
 2880.0  1020.213
 2885.0  1043.002
 2890.0  1065.239
 2895.0  1086.904
 2900.0  1107.977
 2905.0  1128.342
 2910.0  1148.008
 2915.0  1167.142
 2920.0  1185.913
 2925.0  1204.490
 2930.0  1223.041
 2935.0  1241.735
 2940.0  1260.699
 2945.0  1279.829
 2950.0  1298.940
 2955.0  1317.849
 2960.0  1336.372
 2965.0  1354.325
 2970.0  1371.524
 2975.0  1387.753
 2980.0  1403.132
 2985.0  1417.984
 2990.0  1432.632
 2995.0  1447.397
 3000.0  1462.603
 3005.0  1478.572
 3010.0  1495.724
 3015.0  1513.929
 3020.0  1532.688
 3025.0  1551.502
 3030.0  1569.873
 3035.0  1587.300
 3040.0  1603.284
 3045.0  1617.947
 3050.0  1631.844
 3055.0  1645.121
 3060.0  1657.924
 3065.0  1670.401
 3070.0  1682.698
 3075.0  1694.963
 3080.0  1706.974
 3085.0  1718.538
 3090.0  1729.838
 3095.0  1741.059
 3100.0  1752.384
 3105.0  1763.998
 3110.0  1776.084
 3115.0  1788.681
 3120.0  1801.647
 3125.0  1814.902
 3130.0  1828.363
 3135.0  1841.947
 3140.0  1855.575
 3145.0  1869.162
 3150.0  1883.064
 3155.0  1897.473
 3160.0  1912.062
 3165.0  1926.506
 3170.0  1940.479
 3175.0  1953.656
 3180.0  1965.711
 3185.0  1976.785
 3190.0  1987.283
 3195.0  1997.276
 3200.0  2006.830
 3205.0  2016.016
 3210.0  2024.902
 3215.0  2033.557
 3220.0  2041.915
 3225.0  2049.914
 3230.0  2057.633
 3235.0  2065.147
 3240.0  2072.534
 3245.0  2079.872
 3250.0  2087.236
 3255.0  2094.633
 3260.0  2101.999
 3265.0  2109.303
 3270.0  2116.518
 3275.0  2123.613
 3280.0  2130.560
 3285.0  2137.330
 3290.0  2143.886
 3295.0  2150.249
 3300.0  2156.472
 3305.0  2162.611
 3310.0  2168.720
 3315.0  2174.852
 3320.0  2181.064
 3325.0  2187.449
 3330.0  2193.992
 3335.0  2200.578
 3340.0  2207.095
 3345.0  2213.430
 3350.0  2219.468
 3355.0  2225.097
 3360.0  2230.441
 3365.0  2235.665
 3370.0  2240.714
 3375.0  2245.534
 3380.0  2250.068
 3385.0  2254.262
 3390.0  2258.062
 3395.0  2261.335
 3400.0  2264.129
 3405.0  2266.655
 3410.0  2269.124
 3415.0  2271.749
 3420.0  2274.740
 3425.0  2278.311
 3430.0  2282.914
 3435.0  2288.623
 3440.0  2295.080
 3445.0  2301.926
 3450.0  2308.802
 3455.0  2315.351
 3460.0  2321.213
 3465.0  2326.540
 3470.0  2331.715
 3475.0  2336.730
 3480.0  2341.574
 3485.0  2346.238
 3490.0  2350.713
 3495.0  2354.988
 3500.0  2359.056
 3505.0  2277.108
 3510.0  2280.340
 3515.0  2283.426
 3520.0  2286.355
 3525.0  2289.115
 3530.0  2291.695
 3535.0  2294.004
 3540.0  2296.038
 3545.0  2297.919
 3550.0  2299.768
 3555.0  2301.707
 3560.0  2303.858
 3565.0  2306.341
 3570.0  2309.683
 3575.0  2313.998
 3580.0  2318.786
 3585.0  2323.549
 3590.0  2327.787
 3595.0  2331.001
 3600.0  2332.692
 3605.0  2333.418
 3610.0  2334.061
 3615.0  2334.611
 3620.0  2335.057
 3625.0  2335.389
 3630.0  2335.596
 3635.0  2335.667
