 2865.0   955.495
 2870.0   980.725
 2875.0  1005.444
 2880.0  1029.631
 2885.0  1053.266
 2890.0  1076.330
 2895.0  1098.803
 2900.0  1120.664
 2905.0  1141.727
 2910.0  1161.977
 2915.0  1181.657
 2920.0  1201.005
 2925.0  1220.262
 2930.0  1239.669
 2935.0  1259.465
 2940.0  1279.854
 2945.0  1300.690
 2950.0  1321.690
 2955.0  1342.574
 2960.0  1363.060
 2965.0  1382.865
 2970.0  1401.708
 2975.0  1419.947
 2980.0  1437.984
 2985.0  1455.613
 2990.0  1472.624
 2995.0  1488.808
 3000.0  1503.957
 3005.0  1517.860
 3010.0  1530.207
 3015.0  1541.186
 3020.0  1551.344
 3025.0  1561.227
 3030.0  1571.382
 3035.0  1582.354
 3040.0  1594.690
 3045.0  1608.844
 3050.0  1624.591
 3055.0  1641.454
 3060.0  1658.959
 3065.0  1676.631
 3070.0  1693.995
 3075.0  1710.576
 3080.0  1726.636
 3085.0  1742.688
 3090.0  1758.632
 3095.0  1774.369
 3100.0  1789.802
 3105.0  1804.830
 3110.0  1819.355
 3115.0  1833.503
 3120.0  1847.424
 3125.0  1861.053
 3130.0  1874.324
 3135.0  1887.174
 3140.0  1899.537
 3145.0  1911.349
 3150.0  1922.490
 3155.0  1933.009
 3160.0  1943.102
 3165.0  1952.961
 3170.0  1962.781
 3175.0  1972.756
 3180.0  1983.078
 3185.0  1994.013
 3190.0  2005.480
 3195.0  2017.150
 3200.0  2028.698
 3205.0  2039.797
 3210.0  2050.121
 3215.0  2059.343
 3220.0  2067.467
 3225.0  2074.862
 3230.0  2081.752
 3235.0  2088.358
 3240.0  2094.905
 3245.0  2101.616
 3250.0  2108.712
 3255.0  2116.248
 3260.0  2124.044
 3265.0  2131.979
 3270.0  2139.929
 3275.0  2147.772
 3280.0  2155.384
 3285.0  2162.644
 3290.0  2169.553
 3295.0  2176.234
 3300.0  2182.738
 3305.0  2189.118
 3310.0  2195.425
 3315.0  2201.713
 3320.0  2208.034
 3325.0  2214.337
 3330.0  2220.560
 3335.0  2226.736
 3340.0  2232.899
 3345.0  2239.082
 3350.0  2245.320
 3355.0  2251.645
 3360.0  2258.207
 3365.0  2265.024
 3370.0  2271.940
 3375.0  2278.795
 3380.0  2285.431
 3385.0  2291.690
 3390.0  2297.413
 3395.0  2302.546
 3400.0  2307.242
 3405.0  2311.658
 3410.0  2315.949
 3415.0  2320.272
 3420.0  2324.781
 3425.0  2329.634
 3430.0  2335.123
 3435.0  2341.220
 3440.0  2347.592
 3445.0  2353.911
 3450.0  2359.845
 3455.0  2365.063
 3460.0  2369.237
 3465.0  2372.710
 3470.0  2376.002
 3475.0  2379.042
 3480.0  2381.759
 3485.0  2384.083
 3490.0  2385.944
 3495.0  2387.270
 3500.0  2387.991
 3505.0  2308.573
 3510.0  2313.684
 3515.0  2318.320
 3520.0  2322.394
 3525.0  2325.818
 3530.0  2328.506
 3535.0  2330.518
 3540.0  2332.088
 3545.0  2333.387
 3550.0  2334.586
 3555.0  2335.855
 3560.0  2337.366
 3565.0  2339.289
 3570.0  2342.190
 3575.0  2346.192
 3580.0  2350.808
 3585.0  2355.550
 3590.0  2359.932
 3595.0  2363.464
 3600.0  2365.660
 3605.0  2366.986
 3610.0  2368.210
 3615.0  2369.294
 3620.0  2370.202
 3625.0  2370.896
 3630.0  2371.340
 3635.0  2371.496
