 2865.0   862.721
 2870.0   888.790
 2875.0   914.292
 2880.0   939.202
 2885.0   963.495
 2890.0   987.147
 2895.0  1010.134
 2900.0  1032.431
 2905.0  1054.139
 2910.0  1075.351
 2915.0  1096.031
 2920.0  1116.144
 2925.0  1135.655
 2930.0  1154.527
 2935.0  1172.725
 2940.0  1190.027
 2945.0  1206.431
 2950.0  1222.232
 2955.0  1237.729
 2960.0  1253.217
 2965.0  1268.993
 2970.0  1285.353
 2975.0  1302.670
 2980.0  1320.809
 2985.0  1339.307
 2990.0  1357.703
 2995.0  1375.533
 3000.0  1392.334
 3005.0  1407.645
 3010.0  1421.260
 3015.0  1433.609
 3020.0  1445.183
 3025.0  1456.468
 3030.0  1467.955
 3035.0  1480.132
 3040.0  1493.487
 3045.0  1508.400
 3050.0  1524.624
 3055.0  1541.712
 3060.0  1559.214
 3065.0  1576.684
 3070.0  1593.673
 3075.0  1609.734
 3080.0  1625.081
 3085.0  1640.199
 3090.0  1655.043
 3095.0  1669.570
 3100.0  1683.736
 3105.0  1697.497
 3110.0  1710.810
 3115.0  1723.796
 3120.0  1736.558
 3125.0  1749.022
 3130.0  1761.114
 3135.0  1772.759
 3140.0  1783.883
 3145.0  1794.412
 3150.0  1804.133
 3155.0  1813.084
 3160.0  1821.565
 3165.0  1829.875
 3170.0  1838.315
 3175.0  1847.183
 3180.0  1856.779
 3185.0  1867.580
 3190.0  1879.510
 3195.0  1892.042
 3200.0  1904.649
 3205.0  1916.803
 3210.0  1927.977
 3215.0  1937.644
 3220.0  1945.767
 3225.0  1952.908
 3230.0  1959.437
 3235.0  1965.724
 3240.0  1972.137
 3245.0  1979.046
 3250.0  1986.821
 3255.0  1995.901
 3260.0  2006.159
 3265.0  2017.119
 3270.0  2028.305
 3275.0  2039.240
 3280.0  2049.448
 3285.0  2058.452
 3290.0  2066.337
 3295.0  2073.615
 3300.0  2080.453
 3305.0  2087.020
 3310.0  2093.483
 3315.0  2100.009
 3320.0  2106.765
 3325.0  2113.932
 3330.0  2121.423
 3335.0  2129.001
 3340.0  2136.427
 3345.0  2143.466
 3350.0  2149.880
 3355.0  2155.433
 3360.0  2160.106
 3365.0  2164.185
 3370.0  2167.881
 3375.0  2171.409
 3380.0  2174.984
 3385.0  2178.818
 3390.0  2183.126
 3395.0  2188.098
 3400.0  2193.633
 3405.0  2199.506
 3410.0  2205.494
 3415.0  2211.373
 3420.0  2216.917
 3425.0  2221.903
 3430.0  2226.276
 3435.0  2230.240
 3440.0  2233.962
 3445.0  2237.610
 3450.0  2241.348
 3455.0  2245.345
 3460.0  2249.767
 3465.0  2254.621
 3470.0  2259.791
 3475.0  2265.258
 3480.0  2271.003
 3485.0  2277.007
 3490.0  2283.251
 3495.0  2289.717
 3500.0  2296.385
 3505.0  2218.487
 3510.0  2222.518
 3515.0  2226.581
 3520.0  2230.675
 3525.0  2234.799
 3530.0  2238.954
 3535.0  2243.317
 3540.0  2247.949
 3545.0  2252.672
 3550.0  2257.310
 3555.0  2261.686
 3560.0  2265.623
 3565.0  2268.945
 3570.0  2271.740
 3575.0  2274.255
 3580.0  2276.550
 3585.0  2278.685
 3590.0  2280.721
 3595.0  2282.717
 3600.0  2284.733
 3605.0  2286.757
 3610.0  2288.734
 3615.0  2290.663
 3620.0  2292.540
 3625.0  2294.364
 3630.0  2296.133
 3635.0  2297.845
