 2865.0   917.274
 2870.0   941.007
 2875.0   964.435
 2880.0   987.551
 2885.0  1010.349
 2890.0  1032.822
 2895.0  1054.963
 2900.0  1076.765
 2905.0  1098.359
 2910.0  1119.805
 2915.0  1140.991
 2920.0  1161.803
 2925.0  1182.131
 2930.0  1201.860
 2935.0  1220.878
 2940.0  1239.230
 2945.0  1257.064
 2950.0  1274.420
 2955.0  1291.341
 2960.0  1307.869
 2965.0  1324.046
 2970.0  1339.914
 2975.0  1355.392
 2980.0  1370.431
 2985.0  1385.126
 2990.0  1399.569
 2995.0  1413.853
 3000.0  1428.070
 3005.0  1442.315
 3010.0  1456.582
 3015.0  1470.791
 3020.0  1484.915
 3025.0  1498.930
 3030.0  1512.810
 3035.0  1526.529
 3040.0  1540.063
 3045.0  1553.384
 3050.0  1566.508
 3055.0  1579.478
 3060.0  1592.334
 3065.0  1605.120
 3070.0  1617.877
 3075.0  1630.647
 3080.0  1643.421
 3085.0  1656.159
 3090.0  1668.857
 3095.0  1681.510
 3100.0  1694.112
 3105.0  1706.659
 3110.0  1719.146
 3115.0  1731.665
 3120.0  1744.250
 3125.0  1756.812
 3130.0  1769.263
 3135.0  1781.515
 3140.0  1793.478
 3145.0  1805.063
 3150.0  1816.208
 3155.0  1826.980
 3160.0  1837.492
 3165.0  1847.855
 3170.0  1858.180
 3175.0  1868.579
 3180.0  1879.162
 3185.0  1890.348
 3190.0  1902.179
 3195.0  1914.199
 3200.0  1925.952
 3205.0  1936.984
 3210.0  1946.839
 3215.0  1955.061
 3220.0  1961.760
 3225.0  1967.548
 3230.0  1972.720
 3235.0  1977.576
 3240.0  1982.412
 3245.0  1987.527
 3250.0  1993.217
 3255.0  1999.547
 3260.0  2006.287
 3265.0  2013.300
 3270.0  2020.445
 3275.0  2027.585
 3280.0  2034.581
 3285.0  2041.294
 3290.0  2047.886
 3295.0  2054.540
 3300.0  2061.143
 3305.0  2067.582
 3310.0  2073.745
 3315.0  2079.520
 3320.0  2084.793
 3325.0  2089.502
 3330.0  2093.762
 3335.0  2097.734
 3340.0  2101.578
 3345.0  2105.452
 3350.0  2109.517
 3355.0  2113.932
 3360.0  2118.886
 3365.0  2124.312
 3370.0  2129.986
 3375.0  2135.684
 3380.0  2141.181
 3385.0  2146.253
 3390.0  2150.675
 3395.0  2154.399
 3400.0  2157.650
 3405.0  2160.620
 3410.0  2163.500
 3415.0  2166.479
 3420.0  2169.751
 3425.0  2173.504
 3430.0  2178.211
 3435.0  2183.910
 3440.0  2190.137
 3445.0  2196.431
 3450.0  2202.329
 3455.0  2207.369
 3460.0  2211.089
 3465.0  2213.959
 3470.0  2216.694
 3475.0  2219.200
 3480.0  2221.382
 3485.0  2223.144
 3490.0  2224.392
 3495.0  2225.031
 3500.0  2224.966
 3505.0  2121.581
 3510.0  2123.151
 3515.0  2124.754
 3520.0  2126.391
 3525.0  2128.059
 3530.0  2129.758
 3535.0  2131.635
 3540.0  2133.741
 3545.0  2135.933
 3550.0  2138.066
 3555.0  2139.994
 3560.0  2141.574
 3565.0  2142.660
 3570.0  2143.438
 3575.0  2144.168
 3580.0  2144.826
 3585.0  2145.383
 3590.0  2145.814
 3595.0  2146.092
 3600.0  2146.191
 3605.0  2146.091
 3610.0  2145.797
 3615.0  2145.318
 3620.0  2144.661
 3625.0  2143.835
 3630.0  2142.848
 3635.0  2141.709
