 2865.0  1023.810
 2870.0  1050.593
 2875.0  1076.963
 2880.0  1102.909
 2885.0  1128.420
 2890.0  1153.485
 2895.0  1178.092
 2900.0  1202.229
 2905.0  1225.912
 2910.0  1249.174
 2915.0  1272.030
 2920.0  1294.495
 2925.0  1316.584
 2930.0  1338.313
 2935.0  1359.695
 2940.0  1380.827
 2945.0  1401.738
 2950.0  1422.350
 2955.0  1442.581
 2960.0  1462.353
 2965.0  1481.586
 2970.0  1500.198
 2975.0  1518.129
 2980.0  1535.455
 2985.0  1552.309
 2990.0  1568.822
 2995.0  1585.125
 3000.0  1601.350
 3005.0  1617.628
 3010.0  1634.002
 3015.0  1650.370
 3020.0  1666.651
 3025.0  1682.760
 3030.0  1698.615
 3035.0  1714.133
 3040.0  1729.232
 3045.0  1743.741
 3050.0  1757.691
 3055.0  1771.298
 3060.0  1784.781
 3065.0  1798.355
 3070.0  1812.239
 3075.0  1826.651
 3080.0  1841.785
 3085.0  1857.524
 3090.0  1873.616
 3095.0  1889.805
 3100.0  1905.839
 3105.0  1921.464
 3110.0  1936.425
 3115.0  1950.728
 3120.0  1964.616
 3125.0  1978.189
 3130.0  1991.549
 3135.0  2004.796
 3140.0  2018.032
 3145.0  2031.358
 3150.0  2045.210
 3155.0  2059.642
 3160.0  2074.187
 3165.0  2088.375
 3170.0  2101.740
 3175.0  2113.811
 3180.0  2124.121
 3185.0  2132.675
 3190.0  2140.065
 3195.0  2146.705
 3200.0  2153.009
 3205.0  2159.392
 3210.0  2166.267
 3215.0  2174.048
 3220.0  2183.090
 3225.0  2193.195
 3230.0  2203.943
 3235.0  2214.915
 3240.0  2225.691
 3245.0  2235.852
 3250.0  2244.978
 3255.0  2253.233
 3260.0  2261.088
 3265.0  2268.588
 3270.0  2275.775
 3275.0  2282.695
 3280.0  2289.390
 3285.0  2295.904
 3290.0  2302.129
 3295.0  2308.007
 3300.0  2313.655
 3305.0  2319.192
 3310.0  2324.738
 3315.0  2330.409
 3320.0  2336.326
 3325.0  2342.582
 3330.0  2349.106
 3335.0  2355.770
 3340.0  2362.444
 3345.0  2369.000
 3350.0  2375.307
 3355.0  2381.237
 3360.0  2386.810
 3365.0  2392.159
 3370.0  2397.330
 3375.0  2402.366
 3380.0  2407.313
 3385.0  2412.214
 3390.0  2417.114
 3395.0  2422.013
 3400.0  2426.872
 3405.0  2431.681
 3410.0  2436.425
 3415.0  2441.093
 3420.0  2445.673
 3425.0  2450.151
 3430.0  2454.535
 3435.0  2458.844
 3440.0  2463.078
 3445.0  2467.238
 3450.0  2471.325
 3455.0  2475.340
 3460.0  2479.285
 3465.0  2483.164
 3470.0  2486.982
 3475.0  2490.737
 3480.0  2494.427
 3485.0  2498.050
 3490.0  2501.604
 3495.0  2505.089
 3500.0  2508.501
 3505.0  2437.858
 3510.0  2442.817
 3515.0  2447.284
 3520.0  2451.160
 3525.0  2454.348
 3530.0  2456.749
 3535.0  2458.665
 3540.0  2460.439
 3545.0  2462.030
 3550.0  2463.396
 3555.0  2464.496
 3560.0  2465.291
 3565.0  2465.738
 3570.0  2465.986
 3575.0  2466.205
 3580.0  2466.393
 3585.0  2466.545
 3590.0  2466.658
 3595.0  2466.729
 3600.0  2466.753
 3605.0  2465.488
 3610.0  2461.943
 3615.0  2456.490
 3620.0  2449.503
 3625.0  2441.355
 3630.0  2432.419
 3635.0  2423.068
