-1.100            
-.6000       
0.0000   
0.3000       
0.0000       
0            
0.3395       
2.35         
1.15         
1610         
225          
.000000026   
1026         
96           
2439         
0            
4300         
9320        
13860        
21660        
25000        
2972         
mkiii       
1            
0            
0            
0            
0            
0            
0            
0            
7417         
6020         
178          
-3           
770          
740          
8028         
242          
2512         
.998         
-10          
1732         
250          
0            
64           
256          
0            
64           
56           
2226         
Sept 13/03   
