 2865.0  1486.435
 2870.0  1518.504
 2875.0  1549.679
 2880.0  1579.906
 2885.0  1609.130
 2890.0  1637.296
 2895.0  1664.350
 2900.0  1690.239
 2905.0  1715.195
 2910.0  1739.430
 2915.0  1762.855
 2920.0  1785.382
 2925.0  1806.921
 2930.0  1827.383
 2935.0  1846.680
 2940.0  1864.989
 2945.0  1882.547
 2950.0  1899.354
 2955.0  1915.408
 2960.0  1930.709
 2965.0  1945.256
 2970.0  1959.049
 2975.0  1971.981
 2980.0  1984.085
 2985.0  1995.578
 2990.0  2006.672
 2995.0  2017.583
 3000.0  2028.525
 3005.0  2039.711
 3010.0  2051.488
 3015.0  2063.779
 3020.0  2076.168
 3025.0  2088.241
 3030.0  2099.582
 3035.0  2109.775
 3040.0  2118.405
 3045.0  2125.343
 3050.0  2131.075
 3055.0  2136.111
 3060.0  2140.960
 3065.0  2146.130
 3070.0  2152.131
 3075.0  2159.470
 3080.0  2169.464
 3085.0  2182.385
 3090.0  2197.178
 3095.0  2212.788
 3100.0  2228.159
 3105.0  2242.236
 3110.0  2253.963
 3115.0  2263.638
 3120.0  2272.419
 3125.0  2280.548
 3130.0  2288.264
 3135.0  2295.811
 3140.0  2303.427
 3145.0  2311.355
 3150.0  2319.498
 3155.0  2327.611
 3160.0  2335.708
 3165.0  2343.806
 3170.0  2351.920
 3175.0  2360.065
 3180.0  2368.257
 3185.0  2376.708
 3190.0  2385.474
 3195.0  2394.340
 3200.0  2403.088
 3205.0  2411.501
 3210.0  2419.364
 3215.0  2426.458
 3220.0  2432.811
 3225.0  2438.677
 3230.0  2444.183
 3235.0  2449.455
 3240.0  2454.620
 3245.0  2459.804
 3250.0  2465.135
 3255.0  2470.737
 3260.0  2476.539
 3265.0  2482.374
 3270.0  2488.076
 3275.0  2493.480
 3280.0  2498.419
 3285.0  2502.726
 3290.0  2506.438
 3295.0  2509.770
 3300.0  2512.830
 3305.0  2515.724
 3310.0  2518.559
 3315.0  2521.441
 3320.0  2524.477
 3325.0  2528.027
 3330.0  2532.117
 3335.0  2536.351
 3340.0  2540.333
 3345.0  2543.667
 3350.0  2545.958
 3355.0  2546.810
 3360.0  2546.672
 3365.0  2546.318
 3370.0  2545.834
 3375.0  2545.306
 3380.0  2544.821
 3385.0  2544.467
 3390.0  2544.330
 3395.0  2545.143
 3400.0  2547.240
 3405.0  2550.107
 3410.0  2553.231
 3415.0  2556.098
 3420.0  2558.195
 3425.0  2559.008
 3430.0  2558.484
 3435.0  2557.133
 3440.0  2555.286
 3445.0  2553.273
 3450.0  2551.426
 3455.0  2550.075
 3460.0  2549.552
 3465.0  2549.691
 3470.0  2550.122
 3475.0  2550.859
 3480.0  2551.918
 3485.0  2553.315
 3490.0  2555.066
 3495.0  2557.188
 3500.0  2559.695
 3505.0  2256.755
 3510.0  2253.821
 3515.0  2251.371
 3520.0  2249.500
 3525.0  2248.306
 3530.0  2247.887
 3535.0  2248.145
 3540.0  2248.813
 3545.0  2249.727
 3550.0  2250.722
 3555.0  2251.635
 3560.0  2252.303
 3565.0  2252.562
 3570.0  2252.424
 3575.0  2252.030
 3580.0  2251.411
 3585.0  2250.595
 3590.0  2249.614
 3595.0  2248.497
 3600.0  2247.274
 3605.0  2245.501
 3610.0  2242.800
 3615.0  2239.301
 3620.0  2235.134
 3625.0  2230.431
 3630.0  2225.321
 3635.0  2219.935
