 2865.0  1407.389
 2870.0  1439.384
 2875.0  1470.206
 2880.0  1499.740
 2885.0  1527.875
 2890.0  1554.496
 2895.0  1579.491
 2900.0  1602.747
 2905.0  1624.295
 2910.0  1644.419
 2915.0  1663.393
 2920.0  1681.486
 2925.0  1698.972
 2930.0  1716.120
 2935.0  1733.203
 2940.0  1750.415
 2945.0  1767.601
 2950.0  1784.508
 2955.0  1800.881
 2960.0  1816.469
 2965.0  1831.017
 2970.0  1844.272
 2975.0  1856.279
 2980.0  1867.387
 2985.0  1877.804
 2990.0  1887.736
 2995.0  1897.390
 3000.0  1906.971
 3005.0  1916.685
 3010.0  1926.553
 3015.0  1936.401
 3020.0  1946.148
 3025.0  1955.712
 3030.0  1965.012
 3035.0  1973.967
 3040.0  1982.496
 3045.0  1990.434
 3050.0  1997.822
 3055.0  2004.884
 3060.0  2011.845
 3065.0  2018.930
 3070.0  2026.362
 3075.0  2034.367
 3080.0  2043.062
 3085.0  2052.315
 3090.0  2061.972
 3095.0  2071.882
 3100.0  2081.892
 3105.0  2091.849
 3110.0  2101.602
 3115.0  2111.349
 3120.0  2121.292
 3125.0  2131.283
 3130.0  2141.173
 3135.0  2150.816
 3140.0  2160.062
 3145.0  2168.763
 3150.0  2176.799
 3155.0  2184.286
 3160.0  2191.434
 3165.0  2198.453
 3170.0  2205.553
 3175.0  2212.943
 3180.0  2220.833
 3185.0  2229.675
 3190.0  2239.451
 3195.0  2249.663
 3200.0  2259.816
 3205.0  2269.414
 3210.0  2277.960
 3215.0  2284.959
 3220.0  2290.717
 3225.0  2295.925
 3230.0  2300.667
 3235.0  2305.028
 3240.0  2309.089
 3245.0  2312.936
 3250.0  2316.650
 3255.0  2320.094
 3260.0  2323.171
 3265.0  2326.033
 3270.0  2328.828
 3275.0  2331.707
 3280.0  2334.818
 3285.0  2338.313
 3290.0  2342.641
 3295.0  2347.853
 3300.0  2353.495
 3305.0  2359.113
 3310.0  2364.256
 3315.0  2368.469
 3320.0  2371.299
 3325.0  2373.077
 3330.0  2374.503
 3335.0  2375.685
 3340.0  2376.731
 3345.0  2377.747
 3350.0  2378.841
 3355.0  2380.121
 3360.0  2381.566
 3365.0  2383.080
 3370.0  2384.650
 3375.0  2386.266
 3380.0  2387.917
 3385.0  2389.591
 3390.0  2391.276
 3395.0  2393.141
 3400.0  2395.253
 3405.0  2397.450
 3410.0  2399.568
 3415.0  2401.446
 3420.0  2402.922
 3425.0  2403.832
 3430.0  2404.386
 3435.0  2404.892
 3440.0  2405.335
 3445.0  2405.704
 3450.0  2405.983
 3455.0  2406.161
 3460.0  2406.223
 3465.0  2406.129
 3470.0  2405.857
 3475.0  2405.420
 3480.0  2404.832
 3485.0  2404.105
 3490.0  2403.254
 3495.0  2402.291
 3500.0  2401.231
 3505.0  2153.198
 3510.0  2151.409
 3515.0  2149.611
 3520.0  2147.804
 3525.0  2145.989
 3530.0  2144.165
 3535.0  2142.355
 3540.0  2140.566
 3545.0  2138.776
 3550.0  2136.962
 3555.0  2135.101
 3560.0  2133.171
 3565.0  2131.150
 3570.0  2129.031
 3575.0  2126.827
 3580.0  2124.543
 3585.0  2122.185
 3590.0  2119.759
 3595.0  2117.271
 3600.0  2114.725
 3605.0  2112.111
 3610.0  2109.415
 3615.0  2106.640
 3620.0  2103.789
 3625.0  2100.864
 3630.0  2097.869
 3635.0  2094.807
