0   
-0.01637
0.03818
0.20944
-0.17612
0.0          
0.34150      
2.35000      
1.14600      
1600         
270   
0.0000000260 
1023         
14           
2430         
0            
4350         
10250        
14100        
21500        
25800        
2972         
mkiii       
1            
0            
0            
0            
0            
0            
0            
0            
-295            
2            
242          
-3.00000     
770          
740          
8028         
178          
2505         
0.99280      
8.00000      
1732         
250          
0            
0            
256          
0            
64           
0            
2224         
July 19/11   
