0.00000      
0.00000      
0.00000      
0.00000      
0.00000      
0.0          
0.34150      
2.35000      
1.14600      
1700         
430          
0.0000000260 
1021         
14           
2430         
0            
4350         
10250        
14100        
21500        
25800        
2972         
mkiii       
1            
0            
0            
0            
0            
0            
0            
0            
0            
0            
242          
-3.00000     
770          
740          
8028         
178          
2505         
0.99280      
8.00000      
1732         
250          
0.200        
0            
256          
0            
64           
0            
2217         
Oct 7/2006   
