0.00000      
-0.01637     
0.03818      
0.20944      
-0.17612     
0.0          
0.34150      
2.35000      
1.14600      
1595         
260          
0.0000000260 
1023         
14           
2430         
0            
4350         
10250        
14100        
21500        
25800        
2972         
mkiii       
1            
0            
0            
0            
0            
0            
0            
0            
0            
2            
242          
-3.00000     
770          
740          
8028         
178          
2505         
0.990        
18           
1732         
250          
0.2          
0            
256          
0            
64           
0            
2224         
Sept 21/10   
