 2865   972.027
 2870   996.218
 2875  1019.969
 2880  1043.264
 2885  1066.088
 2890  1088.426
 2895  1110.264
 2900  1131.585
 2905  1152.266
 2910  1172.301
 2915  1191.855
 2920  1211.094
 2925  1230.182
 2930  1249.284
 2935  1268.565
 2940  1288.119
 2945  1307.829
 2950  1327.549
 2955  1347.130
 2960  1366.424
 2965  1385.284
 2970  1403.562
 2975  1421.309
 2980  1438.693
 2985  1455.734
 2990  1472.455
 2995  1488.878
 3000  1505.026
 3005  1520.920
 3010  1536.580
 3015  1552.005
 3020  1567.182
 3025  1582.099
 3030  1596.745
 3035  1611.108
 3040  1625.175
 3045  1638.724
 3050  1651.702
 3055  1664.353
 3060  1676.923
 3065  1689.654
 3070  1702.792
 3075  1716.580
 3080  1731.402
 3085  1747.188
 3090  1763.505
 3095  1779.921
 3100  1796.002
 3105  1811.315
 3110  1825.428
 3115  1838.336
 3120  1850.471
 3125  1862.062
 3130  1873.333
 3135  1884.512
 3140  1895.825
 3145  1907.499
 3150  1919.750
 3155  1932.451
 3160  1945.311
 3165  1958.036
 3170  1970.335
 3175  1981.917
 3180  1992.489
 3185  2002.067
 3190  2010.978
 3195  2019.399
 3200  2027.504
 3205  2035.471
 3210  2043.474
 3215  2051.690
 3220  2060.188
 3225  2068.834
 3230  2077.501
 3235  2086.062
 3240  2094.389
 3245  2102.355
 3250  2109.833
 3255  2116.810
 3260  2123.420
 3265  2129.755
 3270  2135.910
 3275  2141.976
 3280  2148.046
 3285  2154.214
 3290  2160.452
 3295  2166.671
 3300  2172.866
 3305  2179.031
 3310  2185.163
 3315  2191.257
 3320  2197.308
 3325  2203.390
 3330  2209.533
 3335  2215.664
 3340  2221.713
 3345  2227.606
 3350  2233.273
 3355  2238.642
 3360  2243.690
 3365  2248.489
 3370  2253.106
 3375  2257.609
 3380  2262.066
 3385  2266.544
 3390  2271.111
 3395  2275.798
 3400  2280.555
 3405  2285.328
 3410  2290.065
 3415  2294.712
 3420  2299.215
 3425  2303.521
 3430  2307.700
 3435  2311.828
 3440  2315.866
 3445  2319.773
 3450  2323.509
 3455  2327.034
 3460  2330.309
 3465  2333.389
 3470  2336.350
 3475  2339.177
 3480  2341.859
 3485  2344.382
 3490  2346.734
 3495  2348.902
 3500  2350.871
 3505  2296.412
 3510  2299.181
 3515  2301.695
 3520  2303.911
 3525  2305.782
 3530  2307.263
 3535  2308.479
 3540  2309.585
 3545  2310.575
 3550  2311.445
 3555  2312.191
 3560  2312.807
 3565  2313.288
 3570  2313.697
 3575  2314.087
 3580  2314.441
 3585  2314.745
 3590  2314.982
 3595  2315.136
 3600  2315.190
 3605  2313.937
 3610  2310.421
 3615  2305.006
 3620  2298.057
 3625  2289.937
 3630  2281.011
 3635  2271.643
