 2865.0   931.246
 2870.0   957.195
 2875.0   982.549
 2880.0  1007.278
 2885.0  1031.356
 2890.0  1054.756
 2895.0  1077.448
 2900.0  1099.407
 2905.0  1120.443
 2910.0  1140.561
 2915.0  1160.024
 2920.0  1179.092
 2925.0  1198.028
 2930.0  1217.092
 2935.0  1236.548
 2940.0  1256.696
 2945.0  1277.404
 2950.0  1298.285
 2955.0  1318.949
 2960.0  1339.008
 2965.0  1358.073
 2970.0  1375.756
 2975.0  1392.103
 2980.0  1407.551
 2985.0  1422.297
 2990.0  1436.538
 2995.0  1450.473
 3000.0  1464.298
 3005.0  1478.210
 3010.0  1492.059
 3015.0  1505.621
 3020.0  1518.990
 3025.0  1532.261
 3030.0  1545.527
 3035.0  1558.881
 3040.0  1572.417
 3045.0  1586.196
 3050.0  1600.153
 3055.0  1614.200
 3060.0  1628.245
 3065.0  1642.199
 3070.0  1655.972
 3075.0  1669.473
 3080.0  1682.744
 3085.0  1695.881
 3090.0  1708.880
 3095.0  1721.735
 3100.0  1734.440
 3105.0  1746.992
 3110.0  1759.383
 3115.0  1771.591
 3120.0  1783.615
 3125.0  1795.487
 3130.0  1807.241
 3135.0  1818.908
 3140.0  1830.520
 3145.0  1842.109
 3150.0  1853.779
 3155.0  1865.536
 3160.0  1877.268
 3165.0  1888.861
 3170.0  1900.204
 3175.0  1911.184
 3180.0  1921.687
 3185.0  1931.782
 3190.0  1941.610
 3195.0  1951.172
 3200.0  1960.467
 3205.0  1969.496
 3210.0  1978.258
 3215.0  1986.754
 3220.0  1994.956
 3225.0  2002.870
 3230.0  2010.548
 3235.0  2018.043
 3240.0  2025.408
 3245.0  2032.695
 3250.0  2039.956
 3255.0  2047.176
 3260.0  2054.309
 3265.0  2061.354
 3270.0  2068.311
 3275.0  2075.182
 3280.0  2081.966
 3285.0  2088.665
 3290.0  2095.407
 3295.0  2102.237
 3300.0  2109.031
 3305.0  2115.661
 3310.0  2122.002
 3315.0  2127.928
 3320.0  2133.314
 3325.0  2138.052
 3330.0  2142.260
 3335.0  2146.151
 3340.0  2149.937
 3345.0  2153.832
 3350.0  2158.048
 3355.0  2162.798
 3360.0  2168.525
 3365.0  2175.231
 3370.0  2182.468
 3375.0  2189.788
 3380.0  2196.743
 3385.0  2202.885
 3390.0  2207.766
 3395.0  2211.489
 3400.0  2214.603
 3405.0  2217.331
 3410.0  2219.896
 3415.0  2222.523
 3420.0  2225.434
 3425.0  2228.853
 3430.0  2233.012
 3435.0  2237.835
 3440.0  2243.084
 3445.0  2248.518
 3450.0  2253.900
 3455.0  2258.991
 3460.0  2263.551
 3465.0  2267.701
 3470.0  2271.709
 3475.0  2275.565
 3480.0  2279.256
 3485.0  2282.771
 3490.0  2286.098
 3495.0  2289.225
 3500.0  2292.140
 3505.0  2230.688
 3510.0  2233.462
 3515.0  2236.171
 3520.0  2238.814
 3525.0  2241.388
 3530.0  2243.891
 3535.0  2246.341
 3540.0  2248.750
 3545.0  2251.107
 3550.0  2253.398
 3555.0  2255.611
 3560.0  2257.734
 3565.0  2259.755
 3570.0  2261.672
 3575.0  2263.502
 3580.0  2265.262
 3585.0  2266.966
 3590.0  2268.630
 3595.0  2270.269
 3600.0  2271.898
 3605.0  2273.514
 3610.0  2275.105
 3615.0  2276.669
 3620.0  2278.206
 3625.0  2279.715
 3630.0  2281.195
 3635.0  2282.646
