0            
0            
0            
0            
0            
0            
0.341        
2.35         
1.1495       
1620         
80           
.000000027   
1020         
14           
2423         
0            
4370         
10250        
14150        
21800        
26400        
2972         
mkiii       
1            
0            
0            
0            
0            
0            
0            
0            
0            
0            
242          
-3           
770          
740          
8028         
178          
2526         
0.9953       
8.2          
1733         
250          
.4           
64           
256          
0            
0            
-20          
2194         
Feb 14/18    
EXTRAS       
1            
0            
0            
35000        
120000       
1            
1            
0            
0            
06-21-2018
