0.00000      
0.02920      
0.21490      
0.38400      
0.49190      
0.0          
0.3440       
2.35000      
1.14600      
1645         
260          
0.000000023  
1020         
14           
2430         
0            
4350         
10250        
14100        
21500        
25800        
2972         
mkiii       
1            
0            
0            
0            
0            
0            
0            
0            
0            
0            
242          
-3.00000     
770          
740          
8028         
178          
2505         
0.991        
22           
1732         
250          
0.4          
0            
256          
0            
64           
20           
2260         
Apr 26/13    
