0
0
0
0
0
0
0.3415      
2.35000      
1.14600      
1610         
250          
0.000000026
1021         
14           
2430         
0            
4350         
10250        
14100        
21500        
25800        
2972         
mkiii       
1            
0            
0            
0            
0            
0            
0            
0            
7            
2            
242          
-3.00000     
770          
740          
8028         
178          
2505         
0.9920       
8.00000      
1732         
250          
0            
0            
256          
0            
64           
0            
2224         
Sept 4       
