 2865.0  6835.634
 2870.0  6869.581
 2875.0  6901.796
 2880.0  6931.850
 2885.0  6959.312
 2890.0  6983.754
 2895.0  7004.744
 2900.0  7021.854
 2905.0  7036.796
 2910.0  7051.192
 2915.0  7064.475
 2920.0  7076.079
 2925.0  7085.436
 2930.0  7091.979
 2935.0  7095.141
 2940.0  7096.349
 2945.0  7097.398
 2950.0  7098.280
 2955.0  7098.984
 2960.0  7099.499
 2965.0  7099.816
 2970.0  7099.924
 2975.0  7099.850
 2980.0  7099.661
 2985.0  7099.401
 2990.0  7099.119
 2995.0  7098.859
 3000.0  7098.670
 3005.0  7098.596
 3010.0  7100.024
 3015.0  7103.923
 3020.0  7109.711
 3025.0  7116.810
 3030.0  7124.640
 3035.0  7132.621
 3040.0  7140.174
 3045.0  7147.843
 3050.0  7156.382
 3055.0  7165.529
 3060.0  7175.021
 3065.0  7184.593
 3070.0  7193.983
 3075.0  7202.927
 3080.0  7212.313
 3085.0  7222.673
 3090.0  7233.210
 3095.0  7243.129
 3100.0  7251.632
 3105.0  7257.924
 3110.0  7261.207
 3115.0  7262.471
 3120.0  7263.337
 3125.0  7263.957
 3130.0  7264.484
 3135.0  7265.071
 3140.0  7265.871
 3145.0  7267.034
 3150.0  7269.131
 3155.0  7272.441
 3160.0  7276.686
 3165.0  7281.587
 3170.0  7286.865
 3175.0  7292.242
 3180.0  7297.439
 3185.0  7303.078
 3190.0  7309.639
 3195.0  7316.626
 3200.0  7323.544
 3205.0  7329.900
 3210.0  7335.198
 3215.0  7338.944
 3220.0  7341.717
 3225.0  7344.355
 3230.0  7346.752
 3235.0  7348.802
 3240.0  7350.398
 3245.0  7351.433
 3250.0  7351.802
 3255.0  7351.399
 3260.0  7350.361
 3265.0  7348.941
 3270.0  7347.393
 3275.0  7345.973
 3280.0  7344.935
 3285.0  7344.532
 3290.0  7345.516
 3295.0  7348.053
 3300.0  7351.522
 3305.0  7355.302
 3310.0  7358.771
 3315.0  7361.308
 3320.0  7362.292
 3325.0  7361.606
 3330.0  7359.760
 3335.0  7357.070
 3340.0  7353.855
 3345.0  7350.432
 3350.0  7347.118
 3355.0  7344.230
 3360.0  7341.613
 3365.0  7338.936
 3370.0  7336.245
 3375.0  7333.589
 3380.0  7331.018
 3385.0  7328.579
 3390.0  7326.321
 3395.0  7324.264
 3400.0  7322.360
 3405.0  7320.558
 3410.0  7318.806
 3415.0  7317.052
 3420.0  7315.244
 3425.0  7313.331
 3430.0  7311.436
 3435.0  7309.646
 3440.0  7307.849
 3445.0  7305.939
 3450.0  7303.805
 3455.0  7301.339
 3460.0  7298.431
 3465.0  7294.716
 3470.0  7289.981
 3475.0  7284.349
 3480.0  7277.938
 3485.0  7270.869
 3490.0  7263.263
 3495.0  7255.241
 3500.0  7246.923
 3505.0  7064.910
 3510.0  7054.176
 3515.0  7043.487
 3520.0  7032.842
 3525.0  7022.242
 3530.0  7011.688
 3535.0  7001.045
 3540.0  6990.270
 3545.0  6979.495
 3550.0  6968.850
 3555.0  6958.470
 3560.0  6948.485
 3565.0  6939.027
 3570.0  6930.341
 3575.0  6922.367
 3580.0  6914.777
 3585.0  6907.248
 3590.0  6899.454
 3595.0  6891.068
 3600.0  6881.767
 3605.0  6871.478
 3610.0  6860.385
 3615.0  6848.541
 3620.0  6836.000
 3625.0  6822.815
 3630.0  6809.041
 3635.0  6794.730
