 2865.0  6795.859
 2870.0  6814.720
 2875.0  6832.872
 2880.0  6850.241
 2885.0  6866.757
 2890.0  6882.347
 2895.0  6896.938
 2900.0  6910.461
 2905.0  6923.523
 2910.0  6936.505
 2915.0  6948.987
 2920.0  6960.553
 2925.0  6970.784
 2930.0  6979.261
 2935.0  6985.567
 2940.0  6990.591
 2945.0  6995.371
 2950.0  6999.715
 2955.0  7003.429
 2960.0  7006.321
 2965.0  7008.198
 2970.0  7008.867
 2975.0  7007.921
 2980.0  7005.482
 2985.0  7002.147
 2990.0  6998.514
 2995.0  6995.179
 3000.0  6992.741
 3005.0  6991.795
 3010.0  6992.993
 3015.0  6996.273
 3020.0  7001.159
 3025.0  7007.179
 3030.0  7013.857
 3035.0  7020.721
 3040.0  7027.296
 3045.0  7034.199
 3050.0  7042.127
 3055.0  7050.729
 3060.0  7059.652
 3065.0  7068.544
 3070.0  7077.051
 3075.0  7084.822
 3080.0  7092.221
 3085.0  7099.701
 3090.0  7107.042
 3095.0  7114.025
 3100.0  7120.429
 3105.0  7126.035
 3110.0  7130.624
 3115.0  7134.382
 3120.0  7137.702
 3125.0  7140.673
 3130.0  7143.383
 3135.0  7145.921
 3140.0  7148.376
 3145.0  7150.837
 3150.0  7153.127
 3155.0  7155.118
 3160.0  7156.970
 3165.0  7158.843
 3170.0  7160.898
 3175.0  7163.294
 3180.0  7166.193
 3185.0  7170.812
 3190.0  7177.578
 3195.0  7185.466
 3200.0  7193.450
 3205.0  7200.504
 3210.0  7205.602
 3215.0  7207.719
 3220.0  7207.984
 3225.0  7208.210
 3230.0  7208.397
 3235.0  7208.544
 3240.0  7208.650
 3245.0  7208.715
 3250.0  7208.736
 3255.0  7208.377
 3260.0  7207.449
 3265.0  7206.180
 3270.0  7204.798
 3275.0  7203.529
 3280.0  7202.601
 3285.0  7202.242
 3290.0  7203.009
 3295.0  7204.989
 3300.0  7207.697
 3305.0  7210.647
 3310.0  7213.354
 3315.0  7215.334
 3320.0  7216.102
 3325.0  7215.272
 3330.0  7213.072
 3335.0  7209.936
 3340.0  7206.297
 3345.0  7202.591
 3350.0  7199.251
 3355.0  7196.711
 3360.0  7194.894
 3365.0  7193.357
 3370.0  7191.983
 3375.0  7190.656
 3380.0  7189.260
 3385.0  7187.679
 3390.0  7185.797
 3395.0  7183.114
 3400.0  7179.519
 3405.0  7175.479
 3410.0  7171.460
 3415.0  7167.928
 3420.0  7165.348
 3425.0  7164.188
 3430.0  7163.947
 3435.0  7163.794
 3440.0  7163.692
 3445.0  7163.608
 3450.0  7163.504
 3455.0  7163.347
 3460.0  7163.101
 3465.0  7161.723
 3470.0  7158.405
 3475.0  7153.463
 3480.0  7147.214
 3485.0  7139.973
 3490.0  7132.058
 3495.0  7123.784
 3500.0  7115.469
 3505.0  6904.883
 3510.0  6893.237
 3515.0  6882.034
 3520.0  6871.302
 3525.0  6861.069
 3530.0  6851.363
 3535.0  6842.192
 3540.0  6833.490
 3545.0  6825.174
 3550.0  6817.163
 3555.0  6809.374
 3560.0  6801.724
 3565.0  6794.132
 3570.0  6786.996
 3575.0  6780.517
 3580.0  6774.311
 3585.0  6767.993
 3590.0  6761.182
 3595.0  6753.493
 3600.0  6744.543
 3605.0  6733.829
 3610.0  6721.231
 3615.0  6706.938
 3620.0  6691.139
 3625.0  6674.023
 3630.0  6655.780
 3635.0  6636.597
