 2865.0  7606.562
 2870.0  7642.042
 2875.0  7675.735
 2880.0  7706.697
 2885.0  7733.986
 2890.0  7756.659
 2895.0  7773.772
 2900.0  7784.382
 2905.0  7790.817
 2910.0  7796.158
 2915.0  7800.592
 2920.0  7804.307
 2925.0  7807.489
 2930.0  7810.327
 2935.0  7813.007
 2940.0  7815.731
 2945.0  7818.468
 2950.0  7821.060
 2955.0  7823.351
 2960.0  7825.182
 2965.0  7826.397
 2970.0  7826.837
 2975.0  7825.074
 2980.0  7820.527
 2985.0  7814.310
 2990.0  7807.537
 2995.0  7801.320
 3000.0  7796.773
 3005.0  7795.010
 3010.0  7796.563
 3015.0  7800.675
 3020.0  7806.527
 3025.0  7813.299
 3030.0  7820.172
 3035.0  7826.326
 3040.0  7830.941
 3045.0  7834.629
 3050.0  7838.390
 3055.0  7841.991
 3060.0  7845.198
 3065.0  7847.778
 3070.0  7849.497
 3075.0  7850.122
 3080.0  7848.903
 3085.0  7845.757
 3090.0  7841.457
 3095.0  7836.771
 3100.0  7832.471
 3105.0  7829.325
 3110.0  7828.106
 3115.0  7829.818
 3120.0  7834.235
 3125.0  7840.274
 3130.0  7846.853
 3135.0  7852.892
 3140.0  7857.308
 3145.0  7859.021
 3150.0  7857.327
 3155.0  7852.960
 3160.0  7846.988
 3165.0  7840.481
 3170.0  7834.508
 3175.0  7830.141
 3180.0  7828.447
 3185.0  7829.202
 3190.0  7831.149
 3195.0  7833.812
 3200.0  7836.712
 3205.0  7839.375
 3210.0  7841.322
 3215.0  7842.077
 3220.0  7840.720
 3225.0  7837.126
 3230.0  7832.016
 3235.0  7826.107
 3240.0  7820.117
 3245.0  7814.765
 3250.0  7810.769
 3255.0  7807.964
 3260.0  7805.596
 3265.0  7803.492
 3270.0  7801.485
 3275.0  7799.404
 3280.0  7797.079
 3285.0  7794.341
 3290.0  7791.092
 3295.0  7787.402
 3300.0  7783.353
 3305.0  7779.027
 3310.0  7774.507
 3315.0  7769.874
 3320.0  7765.211
 3325.0  7760.027
 3330.0  7754.071
 3335.0  7747.789
 3340.0  7741.628
 3345.0  7736.032
 3350.0  7731.448
 3355.0  7728.321
 3360.0  7726.421
 3365.0  7725.065
 3370.0  7724.022
 3375.0  7723.057
 3380.0  7721.939
 3385.0  7720.433
 3390.0  7718.307
 3395.0  7713.188
 3400.0  7703.849
 3405.0  7691.778
 3410.0  7678.462
 3415.0  7665.389
 3420.0  7654.047
 3425.0  7645.923
 3430.0  7640.572
 3435.0  7636.278
 3440.0  7632.628
 3445.0  7629.210
 3450.0  7625.610
 3455.0  7621.416
 3460.0  7616.213
 3465.0  7609.744
 3470.0  7602.108
 3475.0  7593.421
 3480.0  7583.802
 3485.0  7573.371
 3490.0  7562.246
 3495.0  7550.545
 3500.0  7538.386
 3505.0  7218.890
 3510.0  7208.516
 3515.0  7198.043
 3520.0  7187.472
 3525.0  7176.804
 3530.0  7166.041
 3535.0  7155.002
 3540.0  7143.624
 3545.0  7132.083
 3550.0  7120.557
 3555.0  7109.221
 3560.0  7098.254
 3565.0  7087.831
 3570.0  7078.240
 3575.0  7069.401
 3580.0  7060.941
 3585.0  7052.486
 3590.0  7043.664
 3595.0  7034.102
 3600.0  7023.426
 3605.0  7011.492
 3610.0  6998.456
 3615.0  6984.401
 3620.0  6969.406
 3625.0  6953.552
 3630.0  6936.921
 3635.0  6919.594
