 2865.0  6848.650
 2870.0  6862.909
 2875.0  6876.927
 2880.0  6890.698
 2885.0  6904.213
 2890.0  6917.466
 2895.0  6930.448
 2900.0  6943.153
 2905.0  6956.660
 2910.0  6971.350
 2915.0  6986.160
 2920.0  7000.030
 2925.0  7011.899
 2930.0  7020.706
 2935.0  7025.389
 2940.0  7027.542
 2945.0  7029.446
 2950.0  7031.069
 2955.0  7032.384
 2960.0  7033.360
 2965.0  7033.967
 2970.0  7034.176
 2975.0  7033.351
 2980.0  7031.224
 2985.0  7028.316
 2990.0  7025.147
 2995.0  7022.238
 3000.0  7020.111
 3005.0  7019.287
 3010.0  7019.605
 3015.0  7020.512
 3020.0  7021.934
 3025.0  7023.798
 3030.0  7026.033
 3035.0  7028.564
 3040.0  7031.320
 3045.0  7035.504
 3050.0  7041.988
 3055.0  7050.199
 3060.0  7059.564
 3065.0  7069.510
 3070.0  7079.464
 3075.0  7088.854
 3080.0  7099.183
 3085.0  7111.474
 3090.0  7124.432
 3095.0  7136.764
 3100.0  7147.175
 3105.0  7154.371
 3110.0  7157.057
 3115.0  7154.425
 3120.0  7147.635
 3125.0  7138.352
 3130.0  7128.237
 3135.0  7118.954
 3140.0  7112.165
 3145.0  7109.532
 3150.0  7111.706
 3155.0  7117.456
 3160.0  7125.619
 3165.0  7135.034
 3170.0  7144.541
 3175.0  7152.979
 3180.0  7159.185
 3185.0  7164.005
 3190.0  7168.867
 3195.0  7173.486
 3200.0  7177.576
 3205.0  7180.851
 3210.0  7183.026
 3215.0  7183.814
 3220.0  7182.347
 3225.0  7178.531
 3230.0  7173.246
 3235.0  7167.372
 3240.0  7161.788
 3245.0  7157.372
 3250.0  7155.006
 3255.0  7154.129
 3260.0  7153.526
 3265.0  7153.086
 3270.0  7152.702
 3275.0  7152.265
 3280.0  7151.666
 3285.0  7150.797
 3290.0  7149.089
 3295.0  7146.222
 3300.0  7142.457
 3305.0  7138.054
 3310.0  7133.272
 3315.0  7128.373
 3320.0  7123.616
 3325.0  7118.612
 3330.0  7112.970
 3335.0  7106.945
 3340.0  7100.794
 3345.0  7094.774
 3350.0  7089.139
 3355.0  7084.148
 3360.0  7079.637
 3365.0  7075.294
 3370.0  7071.146
 3375.0  7067.225
 3380.0  7063.559
 3385.0  7060.177
 3390.0  7057.109
 3395.0  7054.475
 3400.0  7052.251
 3405.0  7050.254
 3410.0  7048.299
 3415.0  7046.203
 3420.0  7043.780
 3425.0  7040.847
 3430.0  7037.130
 3435.0  7032.583
 3440.0  7027.366
 3445.0  7021.641
 3450.0  7015.567
 3455.0  7009.305
 3460.0  7003.015
 3465.0  6996.579
 3470.0  6989.786
 3475.0  6982.655
 3480.0  6975.206
 3485.0  6967.457
 3490.0  6959.427
 3495.0  6951.137
 3500.0  6942.604
 3505.0  6722.846
 3510.0  6711.071
 3515.0  6699.096
 3520.0  6686.926
 3525.0  6674.567
 3530.0  6662.023
 3535.0  6648.950
 3540.0  6635.222
 3545.0  6621.170
 3550.0  6607.124
 3555.0  6593.416
 3560.0  6580.376
 3565.0  6568.336
 3570.0  6557.493
 3575.0  6547.573
 3580.0  6538.195
 3585.0  6528.980
 3590.0  6519.548
 3595.0  6509.517
 3600.0  6498.509
 3605.0  6486.516
 3610.0  6473.813
 3615.0  6460.438
 3620.0  6446.433
 3625.0  6431.836
 3630.0  6416.689
 3635.0  6401.031
