 2865.0  4367.620
 2870.0  4376.197
 2875.0  4384.975
 2880.0  4393.950
 2885.0  4403.115
 2890.0  4412.464
 2895.0  4421.992
 2900.0  4431.694
 2905.0  4441.649
 2910.0  4451.900
 2915.0  4462.381
 2920.0  4473.025
 2925.0  4483.767
 2930.0  4494.540
 2935.0  4505.279
 2940.0  4516.507
 2945.0  4528.458
 2950.0  4540.632
 2955.0  4552.527
 2960.0  4563.644
 2965.0  4573.480
 2970.0  4581.537
 2975.0  4587.789
 2980.0  4592.870
 2985.0  4597.262
 2990.0  4601.451
 2995.0  4605.919
 3000.0  4611.151
 3005.0  4617.630
 3010.0  4627.217
 3015.0  4640.380
 3020.0  4655.513
 3025.0  4671.011
 3030.0  4685.269
 3035.0  4696.681
 3040.0  4703.642
 3045.0  4707.174
 3050.0  4709.657
 3055.0  4711.520
 3060.0  4713.193
 3065.0  4715.106
 3070.0  4717.690
 3075.0  4721.374
 3080.0  4730.301
 3085.0  4746.409
 3090.0  4766.825
 3095.0  4788.674
 3100.0  4809.082
 3105.0  4825.176
 3110.0  4834.082
 3115.0  4837.825
 3120.0  4840.582
 3125.0  4842.698
 3130.0  4844.521
 3135.0  4846.397
 3140.0  4848.674
 3145.0  4851.699
 3150.0  4855.766
 3155.0  4860.793
 3160.0  4866.553
 3165.0  4872.822
 3170.0  4879.374
 3175.0  4885.986
 3180.0  4892.432
 3185.0  4899.464
 3190.0  4907.542
 3195.0  4916.000
 3200.0  4924.171
 3205.0  4931.389
 3210.0  4936.990
 3215.0  4940.305
 3220.0  4941.940
 3225.0  4943.073
 3230.0  4943.908
 3235.0  4944.644
 3240.0  4945.483
 3245.0  4946.625
 3250.0  4948.273
 3255.0  4952.134
 3260.0  4959.022
 3265.0  4967.799
 3270.0  4977.327
 3275.0  4986.467
 3280.0  4994.080
 3285.0  4999.029
 3290.0  5001.890
 3295.0  5004.138
 3300.0  5005.987
 3305.0  5007.647
 3310.0  5009.330
 3315.0  5011.250
 3320.0  5013.617
 3325.0  5017.001
 3330.0  5021.446
 3335.0  5026.374
 3340.0  5031.210
 3345.0  5035.378
 3350.0  5038.301
 3355.0  5039.404
 3360.0  5039.347
 3365.0  5039.200
 3370.0  5038.999
 3375.0  5038.780
 3380.0  5038.579
 3385.0  5038.432
 3390.0  5038.375
 3395.0  5039.490
 3400.0  5042.364
 3405.0  5046.294
 3410.0  5050.577
 3415.0  5054.507
 3420.0  5057.381
 3425.0  5058.496
 3430.0  5057.958
 3435.0  5056.571
 3440.0  5054.674
 3445.0  5052.607
 3450.0  5050.710
 3455.0  5049.322
 3460.0  5048.784
 3465.0  5048.907
 3470.0  5049.290
 3475.0  5049.956
 3480.0  5050.928
 3485.0  5052.228
 3490.0  5053.879
 3495.0  5055.904
 3500.0  5058.325
 3505.0  4950.999
 3510.0  4948.500
 3515.0  4946.222
 3520.0  4944.201
 3525.0  4942.476
 3530.0  4941.085
 3535.0  4940.034
 3540.0  4939.235
 3545.0  4938.579
 3550.0  4937.959
 3555.0  4937.266
 3560.0  4936.392
 3565.0  4935.230
 3570.0  4933.380
 3575.0  4930.658
 3580.0  4927.276
 3585.0  4923.448
 3590.0  4919.386
 3595.0  4915.303
 3600.0  4911.413
 3605.0  4907.629
 3610.0  4903.730
 3615.0  4899.718
 3620.0  4895.598
 3625.0  4891.375
 3630.0  4887.051
 3635.0  4882.631
