 2865.0  7247.803
 2870.0  7262.049
 2875.0  7275.765
 2880.0  7288.898
 2885.0  7301.395
 2890.0  7313.205
 2895.0  7324.274
 2900.0  7334.550
 2905.0  7344.164
 2910.0  7353.287
 2915.0  7361.929
 2920.0  7370.100
 2925.0  7377.808
 2930.0  7385.064
 2935.0  7391.877
 2940.0  7398.861
 2945.0  7406.264
 2950.0  7413.541
 2955.0  7420.148
 2960.0  7425.540
 2965.0  7429.175
 2970.0  7430.508
 2975.0  7426.569
 2980.0  7416.411
 2985.0  7402.522
 2990.0  7387.389
 2995.0  7373.500
 3000.0  7363.343
 3005.0  7359.404
 3010.0  7364.526
 3015.0  7377.830
 3020.0  7396.218
 3025.0  7416.597
 3030.0  7435.870
 3035.0  7450.942
 3040.0  7458.718
 3045.0  7461.306
 3050.0  7463.090
 3055.0  7464.382
 3060.0  7465.494
 3065.0  7466.738
 3070.0  7468.429
 3075.0  7470.878
 3080.0  7476.370
 3085.0  7485.892
 3090.0  7497.807
 3095.0  7510.475
 3100.0  7522.259
 3105.0  7531.521
 3110.0  7536.624
 3115.0  7538.837
 3120.0  7540.597
 3125.0  7542.019
 3130.0  7543.217
 3135.0  7544.306
 3140.0  7545.399
 3145.0  7546.612
 3150.0  7548.045
 3155.0  7549.631
 3160.0  7551.234
 3165.0  7552.718
 3170.0  7553.947
 3175.0  7554.784
 3180.0  7555.093
 3185.0  7554.404
 3190.0  7552.626
 3195.0  7550.195
 3200.0  7547.546
 3205.0  7545.114
 3210.0  7543.336
 3215.0  7542.647
 3220.0  7543.121
 3225.0  7544.343
 3230.0  7546.014
 3235.0  7547.835
 3240.0  7549.506
 3245.0  7550.728
 3250.0  7551.202
 3255.0  7551.020
 3260.0  7550.501
 3265.0  7549.684
 3270.0  7548.608
 3275.0  7547.313
 3280.0  7545.837
 3285.0  7544.221
 3290.0  7541.751
 3295.0  7537.885
 3300.0  7532.912
 3305.0  7527.123
 3310.0  7520.807
 3315.0  7514.256
 3320.0  7507.760
 3325.0  7499.898
 3330.0  7489.872
 3335.0  7478.914
 3340.0  7468.251
 3345.0  7459.114
 3350.0  7452.730
 3355.0  7450.329
 3360.0  7450.515
 3365.0  7450.995
 3370.0  7451.651
 3375.0  7452.367
 3380.0  7453.023
 3385.0  7453.503
 3390.0  7453.689
 3395.0  7450.912
 3400.0  7443.658
 3405.0  7433.545
 3410.0  7422.190
 3415.0  7411.210
 3420.0  7402.222
 3425.0  7396.843
 3430.0  7394.254
 3435.0  7392.370
 3440.0  7390.912
 3445.0  7389.603
 3450.0  7388.164
 3455.0  7386.316
 3460.0  7383.782
 3465.0  7379.997
 3470.0  7374.718
 3475.0  7368.140
 3480.0  7360.460
 3485.0  7351.874
 3490.0  7342.579
 3495.0  7332.773
 3500.0  7322.650
 3505.0  7078.305
 3510.0  7069.297
 3515.0  7059.869
 3520.0  7050.048
 3525.0  7039.861
 3530.0  7029.332
 3535.0  7017.809
 3540.0  7005.008
 3545.0  6991.514
 3550.0  6977.911
 3555.0  6964.783
 3560.0  6952.716
 3565.0  6942.293
 3570.0  6933.565
 3575.0  6925.918
 3580.0  6918.935
 3585.0  6912.202
 3590.0  6905.302
 3595.0  6897.822
 3600.0  6889.345
 3605.0  6879.846
 3610.0  6869.611
 3615.0  6858.689
 3620.0  6847.128
 3625.0  6834.977
 3630.0  6822.286
 3635.0  6809.103
