 2865.0  6452.004
 2870.0  6488.667
 2875.0  6523.417
 2880.0  6555.507
 2885.0  6584.194
 2890.0  6608.731
 2895.0  6628.375
 2900.0  6642.381
 2905.0  6652.077
 2910.0  6659.725
 2915.0  6665.985
 2920.0  6671.514
 2925.0  6676.971
 2930.0  6683.014
 2935.0  6690.302
 2940.0  6700.153
 2945.0  6712.479
 2950.0  6725.827
 2955.0  6738.740
 2960.0  6749.764
 2965.0  6757.446
 2970.0  6760.330
 2975.0  6757.370
 2980.0  6749.738
 2985.0  6739.301
 2990.0  6727.931
 2995.0  6717.495
 3000.0  6709.862
 3005.0  6706.903
 3010.0  6709.337
 3015.0  6715.844
 3020.0  6725.223
 3025.0  6736.279
 3030.0  6747.812
 3035.0  6758.626
 3040.0  6767.521
 3045.0  6774.940
 3050.0  6782.117
 3055.0  6789.049
 3060.0  6795.730
 3065.0  6802.158
 3070.0  6808.327
 3075.0  6814.233
 3080.0  6820.448
 3085.0  6827.186
 3090.0  6833.908
 3095.0  6840.074
 3100.0  6845.146
 3105.0  6848.584
 3110.0  6849.850
 3115.0  6849.475
 3120.0  6848.508
 3125.0  6847.186
 3130.0  6845.746
 3135.0  6844.424
 3140.0  6843.457
 3145.0  6843.082
 3150.0  6843.619
 3155.0  6845.119
 3160.0  6847.414
 3165.0  6850.336
 3170.0  6853.716
 3175.0  6857.387
 3180.0  6861.182
 3185.0  6866.751
 3190.0  6875.001
 3195.0  6884.641
 3200.0  6894.383
 3205.0  6902.938
 3210.0  6909.016
 3215.0  6911.328
 3220.0  6910.704
 3225.0  6909.093
 3230.0  6906.891
 3235.0  6904.491
 3240.0  6902.288
 3245.0  6900.678
 3250.0  6900.053
 3255.0  6900.500
 3260.0  6901.713
 3265.0  6903.501
 3270.0  6905.672
 3275.0  6908.035
 3280.0  6910.398
 3285.0  6912.571
 3290.0  6914.942
 3295.0  6917.819
 3300.0  6920.885
 3305.0  6923.822
 3310.0  6926.312
 3315.0  6928.040
 3320.0  6928.686
 3325.0  6927.544
 3330.0  6924.595
 3335.0  6920.550
 3340.0  6916.121
 3345.0  6912.020
 3350.0  6908.959
 3355.0  6907.649
 3360.0  6907.466
 3365.0  6907.308
 3370.0  6907.177
 3375.0  6907.074
 3380.0  6907.000
 3385.0  6906.954
 3390.0  6906.939
 3395.0  6906.952
 3400.0  6906.985
 3405.0  6907.030
 3410.0  6907.079
 3415.0  6907.123
 3420.0  6907.156
 3425.0  6907.169
 3430.0  6906.215
 3435.0  6903.666
 3440.0  6899.988
 3445.0  6895.648
 3450.0  6891.114
 3455.0  6886.853
 3460.0  6883.332
 3465.0  6880.377
 3470.0  6877.507
 3475.0  6874.728
 3480.0  6872.044
 3485.0  6869.461
 3490.0  6866.984
 3495.0  6864.619
 3500.0  6862.372
 3505.0  6700.493
 3510.0  6689.650
 3515.0  6679.006
 3520.0  6668.567
 3525.0  6658.338
 3530.0  6648.326
 3535.0  6638.441
 3540.0  6628.640
 3545.0  6618.996
 3550.0  6609.583
 3555.0  6600.474
 3560.0  6591.743
 3565.0  6583.462
 3570.0  6575.896
 3575.0  6569.041
 3580.0  6562.565
 3585.0  6556.140
 3590.0  6549.433
 3595.0  6542.116
 3600.0  6533.858
 3605.0  6524.534
 3610.0  6514.287
 3615.0  6503.186
 3620.0  6491.302
 3625.0  6478.706
 3630.0  6465.469
 3635.0  6451.660
