 2865.0  7707.619
 2870.0  7746.077
 2875.0  7782.809
 2880.0  7816.427
 2885.0  7845.545
 2890.0  7868.773
 2895.0  7884.725
 2900.0  7892.014
 2905.0  7894.090
 2910.0  7895.498
 2915.0  7896.484
 2920.0  7897.297
 2925.0  7898.185
 2930.0  7899.395
 2935.0  7901.176
 2940.0  7905.081
 2945.0  7911.695
 2950.0  7919.811
 2955.0  7928.224
 2960.0  7935.726
 2965.0  7941.112
 2970.0  7943.175
 2975.0  7940.017
 2980.0  7931.873
 2985.0  7920.736
 2990.0  7908.602
 2995.0  7897.466
 3000.0  7889.321
 3005.0  7886.163
 3010.0  7888.391
 3015.0  7894.214
 3020.0  7902.345
 3025.0  7911.494
 3030.0  7920.372
 3035.0  7927.691
 3040.0  7932.162
 3045.0  7934.719
 3050.0  7937.101
 3055.0  7939.228
 3060.0  7941.022
 3065.0  7942.402
 3070.0  7943.288
 3075.0  7943.601
 3080.0  7942.624
 3085.0  7940.103
 3090.0  7936.657
 3095.0  7932.902
 3100.0  7929.456
 3105.0  7926.935
 3110.0  7925.958
 3115.0  7928.397
 3120.0  7934.688
 3125.0  7943.291
 3130.0  7952.663
 3135.0  7961.265
 3140.0  7967.556
 3145.0  7969.996
 3150.0  7967.683
 3155.0  7961.718
 3160.0  7953.563
 3165.0  7944.676
 3170.0  7936.521
 3175.0  7930.556
 3180.0  7928.243
 3185.0  7929.440
 3190.0  7932.528
 3195.0  7936.750
 3200.0  7941.350
 3205.0  7945.572
 3210.0  7948.660
 3215.0  7949.858
 3220.0  7948.148
 3225.0  7943.621
 3230.0  7937.178
 3235.0  7929.720
 3240.0  7922.148
 3245.0  7915.363
 3250.0  7910.268
 3255.0  7906.611
 3260.0  7903.433
 3265.0  7900.572
 3270.0  7897.863
 3275.0  7895.143
 3280.0  7892.249
 3285.0  7889.018
 3290.0  7885.394
 3295.0  7881.491
 3300.0  7877.400
 3305.0  7873.212
 3310.0  7869.017
 3315.0  7864.906
 3320.0  7860.971
 3325.0  7857.028
 3330.0  7852.936
 3335.0  7848.844
 3340.0  7844.900
 3345.0  7841.253
 3350.0  7838.051
 3355.0  7835.444
 3360.0  7833.501
 3365.0  7832.040
 3370.0  7830.833
 3375.0  7829.652
 3380.0  7828.268
 3385.0  7826.453
 3390.0  7823.979
 3395.0  7818.288
 3400.0  7807.988
 3405.0  7794.602
 3410.0  7779.653
 3415.0  7764.664
 3420.0  7751.158
 3425.0  7740.659
 3430.0  7732.737
 3435.0  7725.753
 3440.0  7719.408
 3445.0  7713.405
 3450.0  7707.448
 3455.0  7701.240
 3460.0  7694.482
 3465.0  7687.256
 3470.0  7679.842
 3475.0  7672.247
 3480.0  7664.476
 3485.0  7656.536
 3490.0  7648.431
 3495.0  7640.167
 3500.0  7631.751
 3505.0  7299.790
 3510.0  7288.932
 3515.0  7278.098
 3520.0  7267.290
 3525.0  7256.506
 3530.0  7245.747
 3535.0  7235.115
 3540.0  7224.643
 3545.0  7214.230
 3550.0  7203.774
 3555.0  7193.172
 3560.0  7182.323
 3565.0  7171.126
 3570.0  7159.636
 3575.0  7147.953
 3580.0  7136.037
 3585.0  7123.851
 3590.0  7111.355
 3595.0  7098.511
 3600.0  7085.280
 3605.0  7071.625
 3610.0  7057.544
 3615.0  7043.051
 3620.0  7028.162
 3625.0  7012.893
 3630.0  6997.258
 3635.0  6981.273
