 2865.0  4662.701
 2870.0  4676.898
 2875.0  4690.410
 2880.0  4703.107
 2885.0  4714.858
 2890.0  4725.534
 2895.0  4735.003
 2900.0  4743.136
 2905.0  4749.913
 2910.0  4755.646
 2915.0  4760.702
 2920.0  4765.447
 2925.0  4770.251
 2930.0  4775.480
 2935.0  4781.500
 2940.0  4789.447
 2945.0  4799.421
 2950.0  4810.237
 2955.0  4820.710
 2960.0  4829.658
 2965.0  4835.894
 2970.0  4838.236
 2975.0  4837.695
 2980.0  4836.299
 2985.0  4834.391
 2990.0  4832.311
 2995.0  4830.402
 3000.0  4829.006
 3005.0  4828.465
 3010.0  4829.571
 3015.0  4832.539
 3020.0  4836.847
 3025.0  4841.971
 3030.0  4847.388
 3035.0  4852.574
 3040.0  4857.008
 3045.0  4860.624
 3050.0  4863.867
 3055.0  4866.978
 3060.0  4870.200
 3065.0  4873.775
 3070.0  4877.943
 3075.0  4882.946
 3080.0  4891.130
 3085.0  4903.382
 3090.0  4917.761
 3095.0  4932.324
 3100.0  4945.131
 3105.0  4954.239
 3110.0  4957.707
 3115.0  4957.159
 3120.0  4955.748
 3125.0  4953.818
 3130.0  4951.715
 3135.0  4949.785
 3140.0  4948.374
 3145.0  4947.826
 3150.0  4950.379
 3155.0  4957.016
 3160.0  4966.203
 3165.0  4976.408
 3170.0  4986.100
 3175.0  4993.743
 3180.0  4997.807
 3185.0  4999.492
 3190.0  5001.001
 3195.0  5002.304
 3200.0  5003.371
 3205.0  5004.170
 3210.0  5004.672
 3215.0  5004.846
 3220.0  5004.665
 3225.0  5004.198
 3230.0  5003.558
 3235.0  5002.862
 3240.0  5002.223
 3245.0  5001.756
 3250.0  5001.575
 3255.0  5002.285
 3260.0  5004.153
 3265.0  5006.784
 3270.0  5009.783
 3275.0  5012.758
 3280.0  5015.312
 3285.0  5017.053
 3290.0  5018.255
 3295.0  5019.424
 3300.0  5020.503
 3305.0  5021.438
 3310.0  5022.173
 3315.0  5022.655
 3320.0  5022.828
 3325.0  5022.768
 3330.0  5022.598
 3335.0  5022.330
 3340.0  5021.977
 3345.0  5021.554
 3350.0  5021.072
 3355.0  5020.545
 3360.0  5019.500
 3365.0  5017.684
 3370.0  5015.435
 3375.0  5013.094
 3380.0  5011.001
 3385.0  5009.496
 3390.0  5008.918
 3395.0  5009.783
 3400.0  5012.012
 3405.0  5015.060
 3410.0  5018.381
 3415.0  5021.429
 3420.0  5023.658
 3425.0  5024.522
 3430.0  5023.030
 3435.0  5019.180
 3440.0  5013.916
 3445.0  5008.181
 3450.0  5002.918
 3455.0  4999.068
 3460.0  4997.576
 3465.0  4997.585
 3470.0  4997.648
 3475.0  4997.820
 3480.0  4998.156
 3485.0  4998.708
 3490.0  4999.533
 3495.0  5000.684
 3500.0  5002.215
 3505.0  4879.025
 3510.0  4872.970
 3515.0  4867.756
 3520.0  4863.657
 3525.0  4860.949
 3530.0  4859.905
 3535.0  4859.808
 3540.0  4859.747
 3545.0  4859.709
 3550.0  4859.677
 3555.0  4859.638
 3560.0  4859.577
 3565.0  4859.480
 3570.0  4857.826
 3575.0  4853.592
 3580.0  4847.511
 3585.0  4840.316
 3590.0  4832.740
 3595.0  4825.515
 3600.0  4819.375
 3605.0  4814.066
 3610.0  4808.847
 3615.0  4803.721
 3620.0  4798.692
 3625.0  4793.761
 3630.0  4788.932
 3635.0  4784.207
