 2865.0  6659.774
 2870.0  6680.555
 2875.0  6700.261
 2880.0  6718.423
 2885.0  6734.573
 2890.0  6748.244
 2895.0  6758.968
 2900.0  6766.277
 2905.0  6770.958
 2910.0  6774.417
 2915.0  6777.114
 2920.0  6779.510
 2925.0  6782.065
 2930.0  6785.238
 2935.0  6789.491
 2940.0  6796.897
 2945.0  6808.037
 2950.0  6821.135
 2955.0  6834.415
 2960.0  6846.100
 2965.0  6854.413
 2970.0  6857.579
 2975.0  6856.624
 2980.0  6854.159
 2985.0  6850.789
 2990.0  6847.118
 2995.0  6843.748
 3000.0  6841.284
 3005.0  6840.328
 3010.0  6842.572
 3015.0  6848.552
 3020.0  6857.138
 3025.0  6867.203
 3030.0  6877.617
 3035.0  6887.251
 3040.0  6894.978
 3045.0  6901.098
 3050.0  6906.754
 3055.0  6912.084
 3060.0  6917.227
 3065.0  6922.319
 3070.0  6927.499
 3075.0  6932.904
 3080.0  6939.209
 3085.0  6946.517
 3090.0  6954.108
 3095.0  6961.264
 3100.0  6967.265
 3105.0  6971.394
 3110.0  6972.929
 3115.0  6971.551
 3120.0  6967.997
 3125.0  6963.137
 3130.0  6957.841
 3135.0  6952.981
 3140.0  6949.427
 3145.0  6948.049
 3150.0  6948.784
 3155.0  6950.806
 3160.0  6953.839
 3165.0  6957.608
 3170.0  6961.838
 3175.0  6966.253
 3180.0  6970.578
 3185.0  6975.979
 3190.0  6983.169
 3195.0  6991.192
 3200.0  6999.095
 3205.0  7005.922
 3210.0  7010.719
 3215.0  7012.530
 3220.0  7012.163
 3225.0  7011.176
 3230.0  7009.741
 3235.0  7008.030
 3240.0  7006.214
 3245.0  7004.467
 3250.0  7002.958
 3255.0  7001.477
 3260.0  6999.800
 3265.0  6998.081
 3270.0  6996.474
 3275.0  6995.136
 3280.0  6994.219
 3285.0  6993.879
 3290.0  6995.014
 3295.0  6997.943
 3300.0  7001.947
 3305.0  7006.309
 3310.0  7010.313
 3315.0  7013.242
 3320.0  7014.377
 3325.0  7012.668
 3330.0  7008.252
 3335.0  7002.198
 3340.0  6995.574
 3345.0  6989.449
 3350.0  6984.892
 3355.0  6982.970
 3360.0  6982.769
 3365.0  6982.640
 3370.0  6982.555
 3375.0  6982.486
 3380.0  6982.402
 3385.0  6982.276
 3390.0  6982.079
 3395.0  6981.293
 3400.0  6979.557
 3405.0  6977.077
 3410.0  6974.059
 3415.0  6970.708
 3420.0  6967.229
 3425.0  6963.829
 3430.0  6959.834
 3435.0  6954.792
 3440.0  6949.236
 3445.0  6943.700
 3450.0  6938.716
 3455.0  6934.818
 3460.0  6932.539
 3465.0  6931.298
 3470.0  6930.174
 3475.0  6929.195
 3480.0  6928.387
 3485.0  6927.777
 3490.0  6927.391
 3495.0  6927.257
 3500.0  6927.400
 3505.0  6720.157
 3510.0  6708.071
 3515.0  6696.294
 3520.0  6684.837
 3525.0  6673.714
 3530.0  6662.937
 3535.0  6652.622
 3540.0  6642.778
 3545.0  6633.254
 3550.0  6623.900
 3555.0  6614.567
 3560.0  6605.105
 3565.0  6595.364
 3570.0  6585.365
 3575.0  6575.247
 3580.0  6565.038
 3585.0  6554.761
 3590.0  6544.442
 3595.0  6534.109
 3600.0  6523.785
 3605.0  6513.462
 3610.0  6503.114
 3615.0  6492.742
 3620.0  6482.345
 3625.0  6471.923
 3630.0  6461.478
 3635.0  6451.007
