 2865.0  7796.008
 2870.0  7825.867
 2875.0  7854.335
 2880.0  7880.410
 2885.0  7903.093
 2890.0  7921.381
 2895.0  7934.276
 2900.0  7940.776
 2905.0  7943.262
 2910.0  7944.971
 2915.0  7946.193
 2920.0  7947.216
 2925.0  7948.328
 2930.0  7949.818
 2935.0  7951.974
 2940.0  7956.483
 2945.0  7963.954
 2950.0  7973.053
 2955.0  7982.449
 2960.0  7990.809
 2965.0  7996.802
 2970.0  7999.096
 2975.0  7996.831
 2980.0  7990.988
 2985.0  7983.000
 2990.0  7974.296
 2995.0  7966.307
 3000.0  7960.465
 3005.0  7958.200
 3010.0  7959.063
 3015.0  7961.362
 3020.0  7964.655
 3025.0  7968.504
 3030.0  7972.469
 3035.0  7976.109
 3040.0  7978.987
 3045.0  7981.351
 3050.0  7983.697
 3055.0  7985.951
 3060.0  7988.040
 3065.0  7989.892
 3070.0  7991.432
 3075.0  7992.589
 3080.0  7993.393
 3085.0  7993.986
 3090.0  7994.457
 3095.0  7994.897
 3100.0  7995.396
 3105.0  7996.042
 3110.0  7996.927
 3115.0  7998.895
 3120.0  8002.306
 3125.0  8006.524
 3130.0  8010.913
 3135.0  8014.836
 3140.0  8017.657
 3145.0  8018.738
 3150.0  8017.553
 3155.0  8014.495
 3160.0  8010.314
 3165.0  8005.759
 3170.0  8001.579
 3175.0  7998.521
 3180.0  7997.336
 3185.0  7997.885
 3190.0  7999.301
 3195.0  8001.236
 3200.0  8003.346
 3205.0  8005.281
 3210.0  8006.697
 3215.0  8007.246
 3220.0  8006.174
 3225.0  8003.310
 3230.0  7999.186
 3235.0  7994.335
 3240.0  7989.286
 3245.0  7984.572
 3250.0  7980.724
 3255.0  7977.621
 3260.0  7974.736
 3265.0  7971.995
 3270.0  7969.320
 3275.0  7966.636
 3280.0  7963.867
 3285.0  7960.937
 3290.0  7957.927
 3295.0  7954.927
 3300.0  7951.877
 3305.0  7948.719
 3310.0  7945.392
 3315.0  7941.837
 3320.0  7937.993
 3325.0  7933.579
 3330.0  7928.511
 3335.0  7923.035
 3340.0  7917.394
 3345.0  7911.830
 3350.0  7906.588
 3355.0  7901.911
 3360.0  7897.995
 3365.0  7894.665
 3370.0  7891.613
 3375.0  7888.526
 3380.0  7885.094
 3385.0  7881.006
 3390.0  7875.951
 3395.0  7868.269
 3400.0  7857.281
 3405.0  7844.151
 3410.0  7830.041
 3415.0  7816.116
 3420.0  7803.539
 3425.0  7793.473
 3430.0  7785.463
 3435.0  7778.182
 3440.0  7771.484
 3445.0  7765.223
 3450.0  7759.251
 3455.0  7753.423
 3460.0  7747.592
 3465.0  7741.782
 3470.0  7736.118
 3475.0  7730.608
 3480.0  7725.260
 3485.0  7720.081
 3490.0  7715.079
 3495.0  7710.262
 3500.0  7705.637
 3505.0  7362.067
 3510.0  7351.578
 3515.0  7341.095
 3520.0  7330.619
 3525.0  7320.149
 3530.0  7309.687
 3535.0  7299.083
 3540.0  7288.286
 3545.0  7277.447
 3550.0  7266.715
 3555.0  7256.237
 3560.0  7246.164
 3565.0  7236.644
 3570.0  7228.033
 3575.0  7220.293
 3580.0  7212.979
 3585.0  7205.650
 3590.0  7197.861
 3595.0  7189.169
 3600.0  7179.131
 3605.0  7167.385
 3610.0  7153.963
 3615.0  7139.020
 3620.0  7122.709
 3625.0  7105.182
 3630.0  7086.594
 3635.0  7067.098
