 2865.0  6583.778
 2870.0  6611.772
 2875.0  6638.324
 2880.0  6663.054
 2885.0  6685.578
 2890.0  6705.514
 2895.0  6722.480
 2900.0  6736.093
 2905.0  6746.906
 2910.0  6756.037
 2915.0  6763.954
 2920.0  6771.123
 2925.0  6778.012
 2930.0  6785.089
 2935.0  6792.821
 2940.0  6802.085
 2945.0  6812.760
 2950.0  6823.812
 2955.0  6834.208
 2960.0  6842.913
 2965.0  6848.894
 2970.0  6851.117
 2975.0  6850.025
 2980.0  6847.209
 2985.0  6843.358
 2990.0  6839.163
 2995.0  6835.312
 3000.0  6832.496
 3005.0  6831.404
 3010.0  6833.548
 3015.0  6839.289
 3020.0  6847.589
 3025.0  6857.409
 3030.0  6867.713
 3035.0  6877.461
 3040.0  6885.617
 3045.0  6892.455
 3050.0  6899.001
 3055.0  6905.344
 3060.0  6911.573
 3065.0  6917.779
 3070.0  6924.049
 3075.0  6930.475
 3080.0  6937.857
 3085.0  6946.384
 3090.0  6955.225
 3095.0  6963.549
 3100.0  6970.524
 3105.0  6975.319
 3110.0  6977.102
 3115.0  6976.716
 3120.0  6975.722
 3125.0  6974.363
 3130.0  6972.882
 3135.0  6971.523
 3140.0  6970.529
 3145.0  6970.143
 3150.0  6970.190
 3155.0  6970.329
 3160.0  6970.555
 3165.0  6970.867
 3170.0  6971.259
 3175.0  6971.730
 3180.0  6972.275
 3185.0  6974.715
 3190.0  6980.184
 3195.0  6987.645
 3200.0  6996.061
 3205.0  7004.395
 3210.0  7011.612
 3215.0  7016.673
 3220.0  7020.336
 3225.0  7023.927
 3230.0  7027.267
 3235.0  7030.177
 3240.0  7032.477
 3245.0  7033.989
 3250.0  7034.532
 3255.0  7034.489
 3260.0  7034.378
 3265.0  7034.225
 3270.0  7034.059
 3275.0  7033.907
 3280.0  7033.795
 3285.0  7033.752
 3290.0  7035.267
 3295.0  7039.172
 3300.0  7044.513
 3305.0  7050.332
 3310.0  7055.672
 3315.0  7059.578
 3320.0  7061.093
 3325.0  7059.983
 3330.0  7057.123
 3335.0  7053.211
 3340.0  7048.950
 3345.0  7045.038
 3350.0  7042.178
 3355.0  7041.069
 3360.0  7041.115
 3365.0  7041.233
 3370.0  7041.395
 3375.0  7041.572
 3380.0  7041.734
 3385.0  7041.853
 3390.0  7041.898
 3395.0  7040.443
 3400.0  7036.619
 3405.0  7031.240
 3410.0  7025.116
 3415.0  7019.063
 3420.0  7013.891
 3425.0  7010.415
 3430.0  7008.221
 3435.0  7006.320
 3440.0  7004.654
 3445.0  7003.168
 3450.0  7001.806
 3455.0  7000.511
 3460.0  6999.229
 3465.0  6997.957
 3470.0  6996.737
 3475.0  6995.573
 3480.0  6994.472
 3485.0  6993.440
 3490.0  6992.483
 3495.0  6991.606
 3500.0  6990.816
 3505.0  6823.885
 3510.0  6814.583
 3515.0  6804.921
 3520.0  6794.917
 3525.0  6784.591
 3530.0  6773.961
 3535.0  6762.284
 3540.0  6749.263
 3545.0  6735.593
 3550.0  6721.967
 3555.0  6709.078
 3560.0  6697.620
 3565.0  6688.287
 3570.0  6681.017
 3575.0  6674.968
 3580.0  6669.666
 3585.0  6664.633
 3590.0  6659.392
 3595.0  6653.467
 3600.0  6646.382
 3605.0  6637.962
 3610.0  6628.419
 3615.0  6617.852
 3620.0  6606.361
 3625.0  6594.045
 3630.0  6581.005
 3635.0  6567.340
