 2865.0  6965.973
 2870.0  6993.932
 2875.0  7020.430
 2880.0  7044.914
 2885.0  7066.829
 2890.0  7085.624
 2895.0  7100.745
 2900.0  7111.638
 2905.0  7119.631
 2910.0  7126.519
 2915.0  7132.448
 2920.0  7137.569
 2925.0  7142.027
 2930.0  7145.973
 2935.0  7149.554
 2940.0  7153.067
 2945.0  7156.581
 2950.0  7159.897
 2955.0  7162.820
 2960.0  7165.151
 2965.0  7166.695
 2970.0  7167.253
 2975.0  7167.201
 2980.0  7167.067
 2985.0  7166.885
 2990.0  7166.685
 2995.0  7166.502
 3000.0  7166.369
 3005.0  7166.317
 3010.0  7168.048
 3015.0  7172.719
 3020.0  7179.545
 3025.0  7187.740
 3030.0  7196.521
 3035.0  7205.102
 3040.0  7212.697
 3045.0  7219.680
 3050.0  7226.873
 3055.0  7234.167
 3060.0  7241.456
 3065.0  7248.630
 3070.0  7255.583
 3075.0  7262.205
 3080.0  7269.203
 3085.0  7276.918
 3090.0  7284.697
 3095.0  7291.885
 3100.0  7297.828
 3105.0  7301.874
 3110.0  7303.368
 3115.0  7302.180
 3120.0  7299.115
 3125.0  7294.925
 3130.0  7290.360
 3135.0  7286.170
 3140.0  7283.106
 3145.0  7281.918
 3150.0  7283.742
 3155.0  7288.531
 3160.0  7295.262
 3165.0  7302.913
 3170.0  7310.459
 3175.0  7316.878
 3180.0  7321.146
 3185.0  7323.691
 3190.0  7325.736
 3195.0  7327.456
 3200.0  7329.022
 3205.0  7330.609
 3210.0  7332.388
 3215.0  7334.534
 3220.0  7337.517
 3225.0  7341.370
 3230.0  7345.609
 3235.0  7349.749
 3240.0  7353.306
 3245.0  7355.796
 3250.0  7356.733
 3255.0  7356.301
 3260.0  7355.125
 3265.0  7353.390
 3270.0  7351.280
 3275.0  7348.979
 3280.0  7346.672
 3285.0  7344.541
 3290.0  7342.458
 3295.0  7340.207
 3300.0  7337.847
 3305.0  7335.436
 3310.0  7333.031
 3315.0  7330.692
 3320.0  7328.474
 3325.0  7326.129
 3330.0  7323.520
 3335.0  7320.874
 3340.0  7318.420
 3345.0  7316.385
 3350.0  7314.997
 3355.0  7314.483
 3360.0  7314.525
 3365.0  7314.634
 3370.0  7314.782
 3375.0  7314.944
 3380.0  7315.092
 3385.0  7315.200
 3390.0  7315.242
 3395.0  7314.144
 3400.0  7311.199
 3405.0  7306.935
 3410.0  7301.880
 3415.0  7296.562
 3420.0  7291.506
 3425.0  7287.242
 3430.0  7283.776
 3435.0  7280.639
 3440.0  7277.640
 3445.0  7274.589
 3450.0  7271.298
 3455.0  7267.575
 3460.0  7263.232
 3465.0  7258.015
 3470.0  7251.864
 3475.0  7244.872
 3480.0  7237.133
 3485.0  7228.743
 3490.0  7219.796
 3495.0  7210.387
 3500.0  7200.610
 3505.0  6999.519
 3510.0  6985.584
 3515.0  6972.030
 3520.0  6958.873
 3525.0  6946.129
 3530.0  6933.816
 3535.0  6921.573
 3540.0  6909.238
 3545.0  6897.129
 3550.0  6885.560
 3555.0  6874.848
 3560.0  6865.308
 3565.0  6857.257
 3570.0  6850.885
 3575.0  6845.794
 3580.0  6841.417
 3585.0  6837.185
 3590.0  6832.530
 3595.0  6826.883
 3600.0  6819.676
 3605.0  6809.844
 3610.0  6796.951
 3615.0  6781.372
 3620.0  6763.485
 3625.0  6743.665
 3630.0  6722.291
 3635.0  6699.738
