   2865  7107.532
   2870  7133.029
   2875  7154.253
   2880  7171.701
   2885  7185.839
   2890  7197.099
   2895  7205.879
   2900  7212.545
   2905  7217.433
   2910  7220.846
   2915  7223.059
   2920  7224.316
   2925  7224.839
   2930  7224.820
   2935  7224.432
   2940  7223.822
   2945  7223.119
   2950  7222.433
   2955  7221.856
   2960  7221.463
   2965  7221.317
   2970  7221.466
   2975  7221.945
   2980  7222.780
   2985  7223.987
   2990  7225.571
   2995  7227.534
   3000  7229.865
   3005  7232.553
   3010  7235.578
   3015  7238.917
   3020  7242.543
   3025  7246.427
   3030  7250.537
   3035  7254.839
   3040  7259.297
   3045  7263.876
   3050  7268.540
   3055  7273.254
   3060  7277.981
   3065  7282.686
   3070  7287.338
   3075  7291.903
   3080  7296.351
   3085  7300.654
   3090  7304.786
   3095  7308.722
   3100  7312.441
   3105  7315.923
   3110  7319.153
   3115  7322.114
   3120  7324.797
   3125  7327.192
   3130  7329.292
   3135  7331.094
   3140  7332.596
   3145  7333.799
   3150  7334.706
   3155  7335.322
   3160  7335.655
   3165  7335.713
   3170  7335.507
   3175  7335.049
   3180  7334.353
   3185  7333.433
   3190  7332.304
   3195  7330.983
   3200  7329.487
   3205  7327.832
   3210  7326.035
   3215  7324.114
   3220  7322.084
   3225  7319.962
   3230  7317.764
   3235  7315.504
   3240  7313.194
   3245  7310.848
   3250  7308.476
   3255  7306.087
   3260  7303.690
   3265  7301.288
   3270  7298.887
   3275  7296.489
   3280  7294.092
   3285  7291.695
   3290  7289.294
   3295  7286.881
   3300  7284.449
   3305  7281.985
   3310  7279.479
   3315  7276.914
   3320  7274.274
   3325  7271.542
   3330  7268.697
   3335  7265.719
   3340  7262.586
   3345  7259.275
   3350  7255.764
   3355  7252.030
   3360  7248.049
   3365  7243.800
   3370  7239.263
   3375  7234.419
   3380  7229.251
   3385  7223.746
   3390  7217.895
   3395  7211.691
   3400  7205.134
   3405  7198.229
   3410  7190.988
   3415  7183.431
   3420  7175.584
   3425  7167.484
   3430  7159.180
   3435  7150.728
   3440  7142.199
   3445  7133.679
   3450  7125.265
   3455  7117.073
   3460  7109.235
   3465  7101.901
   3470  7095.244
   3475  7089.456
   3480  7084.754
   3485  7081.380
   3490  7079.604
   3495  7079.727
   3500  7082.081
   3505  6780.383
   3510  6770.993
   3515  6761.619
   3520  6752.261
   3525  6742.919
   3530  6733.593
   3535  6724.284
   3540  6714.990
   3545  6705.713
   3550  6696.451
   3555  6687.206
   3560  6677.976
   3565  6668.763
   3570  6659.565
   3575  6650.383
   3580  6641.217
   3585  6632.067
   3590  6622.932
   3595  6613.813
   3600  6604.710
   3605  6595.623
   3610  6586.551
   3615  6577.495
   3620  6568.454
   3625  6559.429
   3630  6550.420
   3635  6541.426
