 2865.0  7578.185
 2870.0  7595.607
 2875.0  7612.191
 2880.0  7627.779
 2885.0  7642.215
 2890.0  7655.340
 2895.0  7666.998
 2900.0  7677.029
 2905.0  7686.395
 2910.0  7695.799
 2915.0  7704.703
 2920.0  7712.568
 2925.0  7718.853
 2930.0  7723.019
 2935.0  7724.528
 2940.0  7724.389
 2945.0  7723.993
 2950.0  7723.372
 2955.0  7722.558
 2960.0  7721.582
 2965.0  7720.476
 2970.0  7719.273
 2975.0  7716.970
 2980.0  7713.028
 2985.0  7708.174
 2990.0  7703.134
 2995.0  7698.635
 3000.0  7695.402
 3005.0  7694.163
 3010.0  7696.804
 3015.0  7703.730
 3020.0  7713.444
 3025.0  7724.451
 3030.0  7735.255
 3035.0  7744.360
 3040.0  7750.270
 3045.0  7753.811
 3050.0  7756.863
 3055.0  7759.513
 3060.0  7761.844
 3065.0  7763.943
 3070.0  7765.894
 3075.0  7767.783
 3080.0  7769.756
 3085.0  7771.809
 3090.0  7773.802
 3095.0  7775.596
 3100.0  7777.050
 3105.0  7778.025
 3110.0  7778.381
 3115.0  7778.222
 3120.0  7777.813
 3125.0  7777.253
 3130.0  7776.644
 3135.0  7776.084
 3140.0  7775.675
 3145.0  7775.516
 3150.0  7775.610
 3155.0  7775.853
 3160.0  7776.184
 3165.0  7776.545
 3170.0  7776.877
 3175.0  7777.119
 3180.0  7777.213
 3185.0  7777.053
 3190.0  7776.600
 3195.0  7775.902
 3200.0  7775.002
 3205.0  7773.945
 3210.0  7772.777
 3215.0  7771.543
 3220.0  7769.918
 3225.0  7767.653
 3230.0  7764.905
 3235.0  7761.831
 3240.0  7758.588
 3245.0  7755.335
 3250.0  7752.227
 3255.0  7749.164
 3260.0  7745.966
 3265.0  7742.679
 3270.0  7739.347
 3275.0  7736.014
 3280.0  7732.725
 3285.0  7729.524
 3290.0  7726.403
 3295.0  7723.320
 3300.0  7720.266
 3305.0  7717.235
 3310.0  7714.216
 3315.0  7711.203
 3320.0  7708.186
 3325.0  7705.293
 3330.0  7702.572
 3335.0  7699.901
 3340.0  7697.154
 3345.0  7694.209
 3350.0  7690.941
 3355.0  7687.227
 3360.0  7682.776
 3365.0  7677.510
 3370.0  7671.623
 3375.0  7665.308
 3380.0  7658.758
 3385.0  7652.167
 3390.0  7645.729
 3395.0  7639.338
 3400.0  7632.782
 3405.0  7626.095
 3410.0  7619.311
 3415.0  7612.464
 3420.0  7605.587
 3425.0  7598.716
 3430.0  7591.750
 3435.0  7584.625
 3440.0  7577.430
 3445.0  7570.250
 3450.0  7563.173
 3455.0  7556.285
 3460.0  7549.672
 3465.0  7543.290
 3470.0  7537.038
 3475.0  7530.920
 3480.0  7524.942
 3485.0  7519.110
 3490.0  7513.427
 3495.0  7507.900
 3500.0  7502.532
 3505.0  7165.804
 3510.0  7155.165
 3515.0  7144.472
 3520.0  7133.724
 3525.0  7122.923
 3530.0  7112.069
 3535.0  7101.204
 3540.0  7090.341
 3545.0  7079.438
 3550.0  7068.449
 3555.0  7057.332
 3560.0  7046.043
 3565.0  7034.539
 3570.0  7022.716
 3575.0  7010.573
 3580.0  6998.219
 3585.0  6985.765
 3590.0  6973.319
 3595.0  6960.991
 3600.0  6948.891
 3605.0  6936.980
 3610.0  6925.145
 3615.0  6913.388
 3620.0  6901.709
 3625.0  6890.110
 3630.0  6878.590
 3635.0  6867.152
