 2865.0  7544.651
 2870.0  7568.005
 2875.0  7590.159
 2880.0  7610.556
 2885.0  7628.637
 2890.0  7643.845
 2895.0  7655.622
 2900.0  7663.411
 2905.0  7668.482
 2910.0  7672.624
 2915.0  7676.051
 2920.0  7678.980
 2925.0  7681.625
 2930.0  7684.203
 2935.0  7686.929
 2940.0  7690.011
 2945.0  7693.339
 2950.0  7696.650
 2955.0  7699.682
 2960.0  7702.173
 2965.0  7703.860
 2970.0  7704.481
 2975.0  7702.119
 2980.0  7696.030
 2985.0  7687.704
 2990.0  7678.632
 2995.0  7670.305
 3000.0  7664.216
 3005.0  7661.855
 3010.0  7664.624
 3015.0  7671.873
 3020.0  7682.019
 3025.0  7693.477
 3030.0  7704.662
 3035.0  7713.989
 3040.0  7719.875
 3045.0  7723.095
 3050.0  7725.636
 3055.0  7727.727
 3060.0  7729.598
 3065.0  7731.476
 3070.0  7733.593
 3075.0  7736.176
 3080.0  7739.781
 3085.0  7744.425
 3090.0  7749.526
 3095.0  7754.504
 3100.0  7758.779
 3105.0  7761.769
 3110.0  7762.895
 3115.0  7762.353
 3120.0  7760.953
 3125.0  7759.040
 3130.0  7756.956
 3135.0  7755.042
 3140.0  7753.643
 3145.0  7753.101
 3150.0  7753.612
 3155.0  7754.933
 3160.0  7756.738
 3165.0  7758.705
 3170.0  7760.510
 3175.0  7761.831
 3180.0  7762.342
 3185.0  7761.322
 3190.0  7758.689
 3195.0  7755.090
 3200.0  7751.168
 3205.0  7747.569
 3210.0  7744.937
 3215.0  7743.916
 3220.0  7744.607
 3225.0  7746.389
 3230.0  7748.827
 3235.0  7751.482
 3240.0  7753.919
 3245.0  7755.702
 3250.0  7756.393
 3255.0  7755.801
 3260.0  7754.178
 3265.0  7751.753
 3270.0  7748.758
 3275.0  7745.421
 3280.0  7741.972
 3285.0  7738.642
 3290.0  7735.267
 3295.0  7731.545
 3300.0  7727.495
 3305.0  7723.139
 3310.0  7718.498
 3315.0  7713.593
 3320.0  7708.445
 3325.0  7702.484
 3330.0  7695.452
 3335.0  7687.834
 3340.0  7680.116
 3345.0  7672.782
 3350.0  7666.318
 3355.0  7661.210
 3360.0  7657.332
 3365.0  7654.087
 3370.0  7651.245
 3375.0  7648.579
 3380.0  7645.861
 3385.0  7642.862
 3390.0  7639.355
 3395.0  7635.357
 3400.0  7631.035
 3405.0  7626.387
 3410.0  7621.413
 3415.0  7616.113
 3420.0  7610.484
 3425.0  7604.526
 3430.0  7597.871
 3435.0  7590.333
 3440.0  7582.180
 3445.0  7573.683
 3450.0  7565.111
 3455.0  7556.734
 3460.0  7548.823
 3465.0  7541.280
 3470.0  7533.830
 3475.0  7526.476
 3480.0  7519.219
 3485.0  7512.061
 3490.0  7505.005
 3495.0  7498.051
 3500.0  7491.204
 3505.0  7164.513
 3510.0  7155.147
 3515.0  7145.490
 3520.0  7135.555
 3525.0  7125.355
 3530.0  7114.902
 3535.0  7103.994
 3540.0  7092.534
 3545.0  7080.689
 3550.0  7068.628
 3555.0  7056.520
 3560.0  7044.533
 3565.0  7032.835
 3570.0  7021.447
 3575.0  7010.226
 3580.0  6999.093
 3585.0  6987.971
 3590.0  6976.780
 3595.0  6965.443
 3600.0  6953.881
 3605.0  6942.114
 3610.0  6930.214
 3615.0  6918.184
 3620.0  6906.026
 3625.0  6893.741
 3630.0  6881.332
 3635.0  6868.801
