 2865.0  4692.129
 2870.0  4701.182
 2875.0  4709.986
 2880.0  4718.525
 2885.0  4726.784
 2890.0  4734.748
 2895.0  4742.403
 2900.0  4749.734
 2905.0  4756.770
 2910.0  4763.560
 2915.0  4770.112
 2920.0  4776.435
 2925.0  4782.538
 2930.0  4788.432
 2935.0  4794.124
 2940.0  4800.174
 2945.0  4806.777
 2950.0  4813.392
 2955.0  4819.478
 2960.0  4824.494
 2965.0  4827.900
 2970.0  4829.156
 2975.0  4828.427
 2980.0  4826.549
 2985.0  4823.980
 2990.0  4821.181
 2995.0  4818.612
 3000.0  4816.733
 3005.0  4816.005
 3010.0  4817.293
 3015.0  4820.789
 3020.0  4825.938
 3025.0  4832.183
 3030.0  4838.969
 3035.0  4845.743
 3040.0  4851.948
 3045.0  4857.759
 3050.0  4863.745
 3055.0  4869.936
 3060.0  4876.367
 3065.0  4883.069
 3070.0  4890.075
 3075.0  4897.419
 3080.0  4906.411
 3085.0  4917.496
 3090.0  4929.408
 3095.0  4940.878
 3100.0  4950.640
 3105.0  4957.427
 3110.0  4959.971
 3115.0  4959.124
 3120.0  4956.942
 3125.0  4953.958
 3130.0  4950.707
 3135.0  4947.723
 3140.0  4945.541
 3145.0  4944.695
 3150.0  4947.064
 3155.0  4953.227
 3160.0  4961.770
 3165.0  4971.276
 3170.0  4980.330
 3175.0  4987.517
 3180.0  4991.420
 3185.0  4993.136
 3190.0  4994.681
 3195.0  4996.021
 3200.0  4997.122
 3205.0  4997.951
 3210.0  4998.473
 3215.0  4998.655
 3220.0  4998.081
 3225.0  4996.602
 3230.0  4994.580
 3235.0  4992.377
 3240.0  4990.354
 3245.0  4988.875
 3250.0  4988.302
 3255.0  4989.681
 3260.0  4993.307
 3265.0  4998.407
 3270.0  5004.211
 3275.0  5009.946
 3280.0  5014.843
 3285.0  5018.130
 3290.0  5020.348
 3295.0  5022.489
 3300.0  5024.456
 3305.0  5026.154
 3310.0  5027.486
 3315.0  5028.355
 3320.0  5028.667
 3325.0  5028.635
 3330.0  5028.544
 3335.0  5028.399
 3340.0  5028.203
 3345.0  5027.963
 3350.0  5027.682
 3355.0  5027.366
 3360.0  5026.517
 3365.0  5024.860
 3370.0  5022.738
 3375.0  5020.493
 3380.0  5018.465
 3385.0  5016.999
 3390.0  5016.434
 3395.0  5016.855
 3400.0  5017.943
 3405.0  5019.431
 3410.0  5021.051
 3415.0  5022.539
 3420.0  5023.627
 3425.0  5024.049
 3430.0  5023.172
 3435.0  5020.907
 3440.0  5017.802
 3445.0  5014.403
 3450.0  5011.258
 3455.0  5008.914
 3460.0  5007.918
 3465.0  5007.789
 3470.0  5007.678
 3475.0  5007.586
 3480.0  5007.514
 3485.0  5007.461
 3490.0  5007.430
 3495.0  5007.419
 3500.0  5007.430
 3505.0  4896.450
 3510.0  4890.847
 3515.0  4885.869
 3520.0  4881.660
 3525.0  4878.368
 3530.0  4876.138
 3535.0  4874.752
 3540.0  4873.778
 3545.0  4873.046
 3550.0  4872.385
 3555.0  4871.626
 3560.0  4870.599
 3565.0  4869.132
 3570.0  4865.907
 3575.0  4860.230
 3580.0  4852.868
 3585.0  4844.587
 3590.0  4836.156
 3595.0  4828.340
 3600.0  4821.906
 3605.0  4816.519
 3610.0  4811.346
 3615.0  4806.411
 3620.0  4801.740
 3625.0  4797.355
 3630.0  4793.283
 3635.0  4789.545
