 2865.0  7335.824
 2870.0  7355.040
 2875.0  7373.253
 2880.0  7390.074
 2885.0  7405.114
 2890.0  7417.985
 2895.0  7428.299
 2900.0  7435.666
 2905.0  7440.839
 2910.0  7445.017
 2915.0  7448.485
 2920.0  7451.528
 2925.0  7454.431
 2930.0  7457.477
 2935.0  7460.952
 2940.0  7465.272
 2945.0  7470.325
 2950.0  7475.602
 2955.0  7480.593
 2960.0  7484.789
 2965.0  7487.680
 2970.0  7488.757
 2975.0  7485.654
 2980.0  7477.653
 2985.0  7466.712
 2990.0  7454.792
 2995.0  7443.852
 3000.0  7435.850
 3005.0  7432.748
 3010.0  7437.059
 3015.0  7448.354
 3020.0  7464.176
 3025.0  7482.067
 3030.0  7499.568
 3035.0  7514.224
 3040.0  7523.576
 3045.0  7528.726
 3050.0  7532.704
 3055.0  7535.944
 3060.0  7538.878
 3065.0  7541.942
 3070.0  7545.567
 3075.0  7550.188
 3080.0  7557.311
 3085.0  7567.227
 3090.0  7578.545
 3095.0  7589.876
 3100.0  7599.828
 3105.0  7607.013
 3110.0  7610.039
 3115.0  7610.444
 3120.0  7610.721
 3125.0  7610.916
 3130.0  7611.074
 3135.0  7611.241
 3140.0  7611.461
 3145.0  7611.782
 3150.0  7612.395
 3155.0  7613.358
 3160.0  7614.508
 3165.0  7615.683
 3170.0  7616.723
 3175.0  7617.466
 3180.0  7617.749
 3185.0  7617.419
 3190.0  7616.567
 3195.0  7615.402
 3200.0  7614.133
 3205.0  7612.968
 3210.0  7612.116
 3215.0  7611.786
 3220.0  7611.900
 3225.0  7612.194
 3230.0  7612.597
 3235.0  7613.036
 3240.0  7613.438
 3245.0  7613.732
 3250.0  7613.847
 3255.0  7613.527
 3260.0  7612.630
 3265.0  7611.249
 3270.0  7609.478
 3275.0  7607.410
 3280.0  7605.137
 3285.0  7602.755
 3290.0  7599.531
 3295.0  7594.972
 3300.0  7589.521
 3305.0  7583.626
 3310.0  7577.731
 3315.0  7572.281
 3320.0  7567.723
 3325.0  7563.796
 3330.0  7559.983
 3335.0  7556.345
 3340.0  7552.942
 3345.0  7549.834
 3350.0  7547.083
 3355.0  7544.747
 3360.0  7542.890
 3365.0  7541.417
 3370.0  7540.160
 3375.0  7538.949
 3380.0  7537.613
 3385.0  7535.982
 3390.0  7533.886
 3395.0  7530.875
 3400.0  7526.766
 3405.0  7521.791
 3410.0  7516.179
 3415.0  7510.162
 3420.0  7503.971
 3425.0  7497.837
 3430.0  7491.524
 3435.0  7484.714
 3440.0  7477.513
 3445.0  7470.029
 3450.0  7462.369
 3455.0  7454.639
 3460.0  7446.946
 3465.0  7439.247
 3470.0  7431.428
 3475.0  7423.491
 3480.0  7415.440
 3485.0  7407.276
 3490.0  7399.002
 3495.0  7390.621
 3500.0  7382.134
 3505.0  7132.294
 3510.0  7121.955
 3515.0  7111.501
 3520.0  7100.934
 3525.0  7090.255
 3530.0  7079.466
 3535.0  7068.204
 3540.0  7056.342
 3545.0  7044.240
 3550.0  7032.256
 3555.0  7020.749
 3560.0  7010.078
 3565.0  7000.601
 3570.0  6992.504
 3575.0  6985.444
 3580.0  6978.984
 3585.0  6972.690
 3590.0  6966.124
 3595.0  6958.851
 3600.0  6950.436
 3605.0  6940.719
 3610.0  6929.896
 3615.0  6918.055
 3620.0  6905.290
 3625.0  6891.689
 3630.0  6877.345
 3635.0  6862.349
