 2865.0  6258.878
 2870.0  6279.596
 2875.0  6299.276
 2880.0  6317.685
 2885.0  6334.590
 2890.0  6349.760
 2895.0  6362.960
 2900.0  6373.958
 2905.0  6383.407
 2910.0  6392.093
 2915.0  6399.984
 2920.0  6407.048
 2925.0  6413.254
 2930.0  6418.570
 2935.0  6422.965
 2940.0  6426.903
 2945.0  6430.749
 2950.0  6434.315
 2955.0  6437.414
 2960.0  6439.858
 2965.0  6441.462
 2970.0  6442.039
 2975.0  6439.815
 2980.0  6434.080
 2985.0  6426.239
 2990.0  6417.695
 2995.0  6409.854
 3000.0  6404.119
 3005.0  6401.896
 3010.0  6405.013
 3015.0  6413.053
 3020.0  6424.047
 3025.0  6436.025
 3030.0  6447.019
 3035.0  6455.059
 3040.0  6458.177
 3045.0  6456.474
 3050.0  6452.083
 3055.0  6446.079
 3060.0  6439.537
 3065.0  6433.533
 3070.0  6429.142
 3075.0  6427.439
 3080.0  6431.003
 3085.0  6440.218
 3090.0  6452.872
 3095.0  6466.751
 3100.0  6479.642
 3105.0  6489.332
 3110.0  6493.608
 3115.0  6494.289
 3120.0  6494.732
 3125.0  6495.031
 3130.0  6495.278
 3135.0  6495.568
 3140.0  6495.995
 3145.0  6496.650
 3150.0  6499.074
 3155.0  6504.074
 3160.0  6510.652
 3165.0  6517.806
 3170.0  6524.538
 3175.0  6529.846
 3180.0  6532.730
 3185.0  6534.013
 3190.0  6535.165
 3195.0  6536.163
 3200.0  6536.981
 3205.0  6537.597
 3210.0  6537.984
 3215.0  6538.118
 3220.0  6537.216
 3225.0  6534.891
 3230.0  6531.711
 3235.0  6528.246
 3240.0  6525.066
 3245.0  6522.740
 3250.0  6521.839
 3255.0  6521.959
 3260.0  6522.269
 3265.0  6522.694
 3270.0  6523.156
 3275.0  6523.580
 3280.0  6523.890
 3285.0  6524.011
 3290.0  6522.222
 3295.0  6517.566
 3300.0  6511.105
 3305.0  6503.902
 3310.0  6497.020
 3315.0  6491.523
 3320.0  6488.473
 3325.0  6487.235
 3330.0  6486.367
 3335.0  6485.722
 3340.0  6485.154
 3345.0  6484.517
 3350.0  6483.664
 3355.0  6482.448
 3360.0  6480.039
 3365.0  6476.056
 3370.0  6471.019
 3375.0  6465.451
 3380.0  6459.875
 3385.0  6454.814
 3390.0  6450.790
 3395.0  6447.798
 3400.0  6445.322
 3405.0  6443.125
 3410.0  6440.967
 3415.0  6438.608
 3420.0  6435.810
 3425.0  6432.334
 3430.0  6426.607
 3435.0  6418.102
 3440.0  6408.138
 3445.0  6398.038
 3450.0  6389.123
 3455.0  6382.714
 3460.0  6380.134
 3465.0  6379.924
 3470.0  6379.746
 3475.0  6379.598
 3480.0  6379.483
 3485.0  6379.400
 3490.0  6379.350
 3495.0  6379.333
 3500.0  6379.350
 3505.0  6185.686
 3510.0  6174.607
 3515.0  6163.724
 3520.0  6153.040
 3525.0  6142.561
 3530.0  6132.293
 3535.0  6122.379
 3540.0  6112.852
 3545.0  6103.557
 3550.0  6094.335
 3555.0  6085.029
 3560.0  6075.484
 3565.0  6065.540
 3570.0  6055.189
 3575.0  6044.558
 3580.0  6033.694
 3585.0  6022.647
 3590.0  6011.465
 3595.0  6000.196
 3600.0  5988.890
 3605.0  5977.525
 3610.0  5966.048
 3615.0  5954.461
 3620.0  5942.766
 3625.0  5930.964
 3630.0  5919.057
 3635.0  5907.045
