 2865.0  6216.466
 2870.0  6242.179
 2875.0  6266.571
 2880.0  6289.025
 2885.0  6308.923
 2890.0  6325.646
 2895.0  6338.575
 2900.0  6347.093
 2905.0  6352.561
 2910.0  6356.945
 2915.0  6360.532
 2920.0  6363.608
 2925.0  6366.461
 2930.0  6369.377
 2935.0  6372.642
 2940.0  6376.570
 2945.0  6381.009
 2950.0  6385.553
 2955.0  6389.795
 2960.0  6393.329
 2965.0  6395.748
 2970.0  6396.644
 2975.0  6395.224
 2980.0  6391.560
 2985.0  6386.551
 2990.0  6381.093
 2995.0  6376.083
 3000.0  6372.419
 3005.0  6370.999
 3010.0  6373.279
 3015.0  6379.251
 3020.0  6387.616
 3025.0  6397.073
 3030.0  6406.320
 3035.0  6414.057
 3040.0  6418.984
 3045.0  6421.705
 3050.0  6423.832
 3055.0  6425.576
 3060.0  6427.147
 3065.0  6428.757
 3070.0  6430.616
 3075.0  6432.934
 3080.0  6436.282
 3085.0  6440.715
 3090.0  6445.676
 3095.0  6450.608
 3100.0  6454.953
 3105.0  6458.153
 3110.0  6459.650
 3115.0  6460.030
 3120.0  6460.281
 3125.0  6460.454
 3130.0  6460.599
 3135.0  6460.766
 3140.0  6461.004
 3145.0  6461.365
 3150.0  6462.244
 3155.0  6463.867
 3160.0  6466.021
 3165.0  6468.495
 3170.0  6471.076
 3175.0  6473.553
 3180.0  6475.714
 3185.0  6477.842
 3190.0  6480.221
 3195.0  6482.640
 3200.0  6484.889
 3205.0  6486.756
 3210.0  6488.031
 3215.0  6488.503
 3220.0  6487.476
 3225.0  6484.828
 3230.0  6481.207
 3235.0  6477.263
 3240.0  6473.642
 3245.0  6470.994
 3250.0  6469.968
 3255.0  6470.362
 3260.0  6471.378
 3265.0  6472.768
 3270.0  6474.283
 3275.0  6475.673
 3280.0  6476.689
 3285.0  6477.083
 3290.0  6476.303
 3295.0  6474.187
 3300.0  6471.075
 3305.0  6467.303
 3310.0  6463.211
 3315.0  6459.136
 3320.0  6455.416
 3325.0  6451.711
 3330.0  6447.597
 3335.0  6443.292
 3340.0  6439.013
 3345.0  6434.979
 3350.0  6431.407
 3355.0  6428.515
 3360.0  6426.294
 3365.0  6424.481
 3370.0  6422.910
 3375.0  6421.412
 3380.0  6419.823
 3385.0  6417.974
 3390.0  6415.699
 3395.0  6412.799
 3400.0  6409.267
 3405.0  6405.232
 3410.0  6400.817
 3415.0  6396.149
 3420.0  6391.355
 3425.0  6386.559
 3430.0  6381.238
 3435.0  6375.087
 3440.0  6368.559
 3445.0  6362.109
 3450.0  6356.191
 3455.0  6351.260
 3460.0  6347.769
 3465.0  6345.179
 3470.0  6342.715
 3475.0  6340.476
 3480.0  6338.563
 3485.0  6337.073
 3490.0  6336.106
 3495.0  6335.761
 3500.0  6336.139
 3505.0  6126.914
 3510.0  6115.038
 3515.0  6103.344
 3520.0  6091.837
 3525.0  6080.522
 3530.0  6069.402
 3535.0  6058.333
 3540.0  6047.256
 3545.0  6036.303
 3550.0  6025.609
 3555.0  6015.307
 3560.0  6005.530
 3565.0  5996.412
 3570.0  5988.217
 3575.0  5980.870
 3580.0  5973.996
 3585.0  5967.219
 3590.0  5960.162
 3595.0  5952.449
 3600.0  5943.704
 3605.0  5933.805
 3610.0  5922.930
 3615.0  5911.153
 3620.0  5898.548
 3625.0  5885.190
 3630.0  5871.153
 3635.0  5856.511
