 2865.0  7658.872
 2870.0  7692.625
 2875.0  7724.670
 2880.0  7754.128
 2885.0  7780.120
 2890.0  7801.767
 2895.0  7818.190
 2900.0  7828.511
 2905.0  7834.601
 2910.0  7839.234
 2915.0  7842.880
 2920.0  7846.012
 2925.0  7849.100
 2930.0  7852.617
 2935.0  7857.032
 2940.0  7863.260
 2945.0  7871.241
 2950.0  7879.986
 2955.0  7888.507
 2960.0  7895.817
 2965.0  7900.927
 2970.0  7902.850
 2975.0  7899.325
 2980.0  7890.235
 2985.0  7877.806
 2990.0  7864.264
 2995.0  7851.834
 3000.0  7842.744
 3005.0  7839.220
 3010.0  7840.739
 3015.0  7844.765
 3020.0  7850.497
 3025.0  7857.136
 3030.0  7863.882
 3035.0  7869.935
 3040.0  7874.495
 3045.0  7878.162
 3050.0  7881.912
 3055.0  7885.509
 3060.0  7888.718
 3065.0  7891.302
 3070.0  7893.025
 3075.0  7893.652
 3080.0  7892.834
 3085.0  7890.726
 3090.0  7887.844
 3095.0  7884.704
 3100.0  7881.821
 3105.0  7879.713
 3110.0  7878.896
 3115.0  7880.694
 3120.0  7885.331
 3125.0  7891.671
 3130.0  7898.579
 3135.0  7904.920
 3140.0  7909.557
 3145.0  7911.355
 3150.0  7908.962
 3155.0  7902.790
 3160.0  7894.351
 3165.0  7885.156
 3170.0  7876.717
 3175.0  7870.545
 3180.0  7868.152
 3185.0  7868.990
 3190.0  7871.151
 3195.0  7874.105
 3200.0  7877.323
 3205.0  7880.277
 3210.0  7882.438
 3215.0  7883.276
 3220.0  7881.958
 3225.0  7878.468
 3230.0  7873.498
 3235.0  7867.739
 3240.0  7861.885
 3245.0  7856.627
 3250.0  7852.659
 3255.0  7849.831
 3260.0  7847.424
 3265.0  7845.271
 3270.0  7843.209
 3275.0  7841.072
 3280.0  7838.695
 3285.0  7835.914
 3290.0  7832.398
 3295.0  7828.136
 3300.0  7823.448
 3305.0  7818.650
 3310.0  7814.061
 3315.0  7809.999
 3320.0  7806.782
 3325.0  7804.357
 3330.0  7802.350
 3335.0  7800.598
 3340.0  7798.938
 3345.0  7797.208
 3350.0  7795.243
 3355.0  7792.881
 3360.0  7790.183
 3365.0  7787.260
 3370.0  7784.021
 3375.0  7780.374
 3380.0  7776.230
 3385.0  7771.496
 3390.0  7766.082
 3395.0  7758.252
 3400.0  7747.120
 3405.0  7733.867
 3410.0  7719.676
 3415.0  7705.731
 3420.0  7693.215
 3425.0  7683.309
 3430.0  7675.662
 3435.0  7668.941
 3440.0  7662.865
 3445.0  7657.149
 3450.0  7651.510
 3455.0  7645.665
 3460.0  7639.331
 3465.0  7632.591
 3470.0  7625.720
 3475.0  7618.722
 3480.0  7611.600
 3485.0  7604.357
 3490.0  7596.996
 3495.0  7589.519
 3500.0  7581.932
 3505.0  7248.031
 3510.0  7237.798
 3515.0  7227.501
 3520.0  7217.140
 3525.0  7206.717
 3530.0  7196.231
 3535.0  7185.584
 3540.0  7174.744
 3545.0  7163.805
 3550.0  7152.865
 3555.0  7142.019
 3560.0  7131.364
 3565.0  7120.996
 3570.0  7111.178
 3575.0  7101.908
 3580.0  7092.881
 3585.0  7083.796
 3590.0  7074.349
 3595.0  7064.236
 3600.0  7053.156
 3605.0  7041.003
 3610.0  7027.916
 3615.0  7013.955
 3620.0  6999.184
 3625.0  6983.663
 3630.0  6967.455
 3635.0  6950.621
