 2865.0  6575.549
 2870.0  6601.488
 2875.0  6626.222
 2880.0  6649.548
 2885.0  6671.265
 2890.0  6691.170
 2895.0  6709.062
 2900.0  6724.739
 2905.0  6739.118
 2910.0  6753.000
 2915.0  6766.004
 2920.0  6777.753
 2925.0  6787.865
 2930.0  6795.962
 2935.0  6801.663
 2940.0  6805.939
 2945.0  6809.922
 2950.0  6813.480
 2955.0  6816.479
 2960.0  6818.787
 2965.0  6820.269
 2970.0  6820.793
 2975.0  6818.936
 2980.0  6814.148
 2985.0  6807.601
 2990.0  6800.468
 2995.0  6793.921
 3000.0  6789.133
 3005.0  6787.277
 3010.0  6792.330
 3015.0  6805.522
 3020.0  6823.902
 3025.0  6844.519
 3030.0  6864.420
 3035.0  6880.654
 3040.0  6890.271
 3045.0  6895.000
 3050.0  6898.739
 3055.0  6901.787
 3060.0  6904.440
 3065.0  6906.998
 3070.0  6909.758
 3075.0  6913.020
 3080.0  6916.751
 3085.0  6920.686
 3090.0  6924.769
 3095.0  6928.943
 3100.0  6933.153
 3105.0  6937.343
 3110.0  6941.456
 3115.0  6945.682
 3120.0  6950.132
 3125.0  6954.636
 3130.0  6959.026
 3135.0  6963.133
 3140.0  6966.786
 3145.0  6969.816
 3150.0  6972.180
 3155.0  6974.082
 3160.0  6975.723
 3165.0  6977.304
 3170.0  6979.026
 3175.0  6981.089
 3180.0  6983.695
 3185.0  6988.077
 3190.0  6994.640
 3195.0  7002.342
 3200.0  7010.143
 3205.0  7017.004
 3210.0  7021.884
 3215.0  7023.741
 3220.0  7022.654
 3225.0  7019.848
 3230.0  7016.012
 3235.0  7011.832
 3240.0  7007.996
 3245.0  7005.191
 3250.0  7004.103
 3255.0  7004.458
 3260.0  7005.430
 3265.0  7006.879
 3270.0  7008.667
 3275.0  7010.654
 3280.0  7012.701
 3285.0  7014.668
 3290.0  7017.018
 3295.0  7020.052
 3300.0  7023.389
 3305.0  7026.648
 3310.0  7029.447
 3315.0  7031.406
 3320.0  7032.144
 3325.0  7030.833
 3330.0  7027.423
 3335.0  7022.694
 3340.0  7017.428
 3345.0  7012.407
 3350.0  7008.411
 3355.0  7006.223
 3360.0  7005.349
 3365.0  7004.718
 3370.0  7004.239
 3375.0  7003.824
 3380.0  7003.382
 3385.0  7002.825
 3390.0  7002.062
 3395.0  7001.035
 3400.0  6999.744
 3405.0  6998.191
 3410.0  6996.377
 3415.0  6994.304
 3420.0  6991.972
 3425.0  6989.384
 3430.0  6985.677
 3435.0  6980.392
 3440.0  6974.131
 3445.0  6967.496
 3450.0  6961.089
 3455.0  6955.514
 3460.0  6951.374
 3465.0  6948.206
 3470.0  6945.200
 3475.0  6942.434
 3480.0  6939.986
 3485.0  6937.935
 3490.0  6936.358
 3495.0  6935.333
 3500.0  6934.939
 3505.0  6749.106
 3510.0  6735.711
 3515.0  6722.711
 3520.0  6710.124
 3525.0  6697.969
 3530.0  6686.265
 3535.0  6674.916
 3540.0  6663.845
 3545.0  6653.097
 3550.0  6642.718
 3555.0  6632.751
 3560.0  6623.244
 3565.0  6614.241
 3570.0  6606.018
 3575.0  6598.588
 3580.0  6591.601
 3585.0  6584.709
 3590.0  6577.563
 3595.0  6569.814
 3600.0  6561.115
 3605.0  6551.379
 3610.0  6540.796
 3615.0  6529.426
 3620.0  6517.329
 3625.0  6504.564
 3630.0  6491.193
 3635.0  6477.275
