 2865.0  7759.979
 2870.0  7778.020
 2875.0  7795.363
 2880.0  7811.933
 2885.0  7827.655
 2890.0  7842.455
 2895.0  7856.257
 2900.0  7868.987
 2905.0  7881.160
 2910.0  7893.131
 2915.0  7904.583
 2920.0  7915.201
 2925.0  7924.669
 2930.0  7932.672
 2935.0  7938.893
 2940.0  7944.104
 2945.0  7949.135
 2950.0  7953.759
 2955.0  7957.751
 2960.0  7960.882
 2965.0  7962.928
 2970.0  7963.660
 2975.0  7959.793
 2980.0  7949.820
 2985.0  7936.183
 2990.0  7921.326
 2995.0  7907.689
 3000.0  7897.716
 3005.0  7893.849
 3010.0  7898.379
 3015.0  7910.062
 3020.0  7926.037
 3025.0  7943.442
 3030.0  7959.416
 3035.0  7971.099
 3040.0  7975.629
 3045.0  7975.603
 3050.0  7975.535
 3055.0  7975.442
 3060.0  7975.341
 3065.0  7975.248
 3070.0  7975.181
 3075.0  7975.154
 3080.0  7976.415
 3085.0  7979.665
 3090.0  7984.110
 3095.0  7988.952
 3100.0  7993.397
 3105.0  7996.647
 3110.0  7997.908
 3115.0  7997.320
 3120.0  7995.805
 3125.0  7993.734
 3130.0  7991.477
 3135.0  7989.405
 3140.0  7987.890
 3145.0  7987.303
 3150.0  7989.305
 3155.0  7994.471
 3160.0  8001.533
 3165.0  8009.228
 3170.0  8016.291
 3175.0  8021.456
 3180.0  8023.459
 3185.0  8021.109
 3190.0  8015.050
 3195.0  8006.765
 3200.0  7997.738
 3205.0  7989.453
 3210.0  7983.393
 3215.0  7981.044
 3220.0  7982.259
 3225.0  7985.391
 3230.0  7989.675
 3235.0  7994.342
 3240.0  7998.625
 3245.0  8001.758
 3250.0  8002.973
 3255.0  8002.279
 3260.0  8000.362
 3265.0  7997.469
 3270.0  7993.847
 3275.0  7989.745
 3280.0  7985.408
 3285.0  7981.084
 3290.0  7976.192
 3295.0  7970.201
 3300.0  7963.438
 3305.0  7956.229
 3310.0  7948.899
 3315.0  7941.775
 3320.0  7935.181
 3325.0  7928.623
 3330.0  7921.641
 3335.0  7914.620
 3340.0  7907.940
 3345.0  7901.985
 3350.0  7897.138
 3355.0  7893.781
 3360.0  7891.668
 3365.0  7890.138
 3370.0  7888.948
 3375.0  7887.858
 3380.0  7886.627
 3385.0  7885.012
 3390.0  7882.773
 3395.0  7878.495
 3400.0  7871.504
 3405.0  7862.674
 3410.0  7852.875
 3415.0  7842.981
 3420.0  7833.863
 3425.0  7826.394
 3430.0  7820.397
 3435.0  7814.981
 3440.0  7809.946
 3445.0  7805.096
 3450.0  7800.233
 3455.0  7795.159
 3460.0  7789.675
 3465.0  7783.826
 3470.0  7777.792
 3475.0  7771.579
 3480.0  7765.194
 3485.0  7758.644
 3490.0  7751.935
 3495.0  7745.074
 3500.0  7738.067
 3505.0  7388.429
 3510.0  7377.026
 3515.0  7365.611
 3520.0  7354.185
 3525.0  7342.749
 3530.0  7331.301
 3535.0  7319.800
 3540.0  7308.230
 3545.0  7296.634
 3550.0  7285.056
 3555.0  7273.540
 3560.0  7262.128
 3565.0  7250.864
 3570.0  7239.886
 3575.0  7229.200
 3580.0  7218.652
 3585.0  7208.085
 3590.0  7197.345
 3595.0  7186.277
 3600.0  7174.726
 3605.0  7162.705
 3610.0  7150.337
 3615.0  7137.635
 3620.0  7124.610
 3625.0  7111.274
 3630.0  7097.639
 3635.0  7083.715
