 2865.0  7674.057
 2870.0  7707.491
 2875.0  7739.317
 2880.0  7768.495
 2885.0  7793.988
 2890.0  7814.756
 2895.0  7829.761
 2900.0  7837.964
 2905.0  7841.738
 2910.0  7844.416
 2915.0  7846.391
 2920.0  7848.062
 2925.0  7849.822
 2930.0  7852.068
 2935.0  7855.196
 2940.0  7860.804
 2945.0  7869.311
 2950.0  7879.346
 2955.0  7889.538
 2960.0  7898.515
 2965.0  7904.908
 2970.0  7907.343
 2975.0  7903.279
 2980.0  7892.799
 2985.0  7878.468
 2990.0  7862.854
 2995.0  7848.524
 3000.0  7838.043
 3005.0  7833.980
 3010.0  7836.273
 3015.0  7842.363
 3020.0  7851.065
 3025.0  7861.191
 3030.0  7871.557
 3035.0  7880.976
 3040.0  7888.264
 3045.0  7894.354
 3050.0  7900.684
 3055.0  7906.826
 3060.0  7912.350
 3065.0  7916.828
 3070.0  7919.829
 3075.0  7920.925
 3080.0  7919.792
 3085.0  7916.871
 3090.0  7912.876
 3095.0  7908.524
 3100.0  7904.530
 3105.0  7901.608
 3110.0  7900.476
 3115.0  7903.378
 3120.0  7910.863
 3125.0  7921.098
 3130.0  7932.249
 3135.0  7942.484
 3140.0  7949.969
 3145.0  7952.871
 3150.0  7950.720
 3155.0  7945.174
 3160.0  7937.590
 3165.0  7929.327
 3170.0  7921.744
 3175.0  7916.197
 3180.0  7914.047
 3185.0  7914.841
 3190.0  7916.889
 3195.0  7919.689
 3200.0  7922.740
 3205.0  7925.540
 3210.0  7927.588
 3215.0  7928.383
 3220.0  7926.604
 3225.0  7921.926
 3230.0  7915.332
 3235.0  7907.807
 3240.0  7900.336
 3245.0  7893.903
 3250.0  7889.493
 3255.0  7886.802
 3260.0  7884.706
 3265.0  7882.962
 3270.0  7881.327
 3275.0  7879.558
 3280.0  7877.413
 3285.0  7874.648
 3290.0  7870.376
 3295.0  7864.331
 3300.0  7857.198
 3305.0  7849.661
 3310.0  7842.406
 3315.0  7836.119
 3320.0  7831.483
 3325.0  7828.246
 3330.0  7825.567
 3335.0  7823.254
 3340.0  7821.115
 3345.0  7818.958
 3350.0  7816.591
 3355.0  7813.822
 3360.0  7810.791
 3365.0  7807.690
 3370.0  7804.407
 3375.0  7800.828
 3380.0  7796.840
 3385.0  7792.331
 3390.0  7787.186
 3395.0  7780.372
 3400.0  7771.384
 3405.0  7760.906
 3410.0  7749.624
 3415.0  7738.221
 3420.0  7727.382
 3425.0  7717.791
 3430.0  7709.207
 3435.0  7700.919
 3440.0  7692.903
 3445.0  7685.135
 3450.0  7677.594
 3455.0  7670.256
 3460.0  7663.098
 3465.0  7656.101
 3470.0  7649.268
 3475.0  7642.607
 3480.0  7636.125
 3485.0  7629.830
 3490.0  7623.731
 3495.0  7617.834
 3500.0  7612.148
 3505.0  7280.088
 3510.0  7268.865
 3515.0  7257.796
 3520.0  7246.885
 3525.0  7236.136
 3530.0  7225.550
 3535.0  7215.156
 3540.0  7204.953
 3545.0  7194.907
 3550.0  7184.982
 3555.0  7175.143
 3560.0  7165.353
 3565.0  7155.579
 3570.0  7146.068
 3575.0  7136.934
 3580.0  7127.940
 3585.0  7118.845
 3590.0  7109.412
 3595.0  7099.402
 3600.0  7088.577
 3605.0  7076.857
 3610.0  7064.355
 3615.0  7051.119
 3620.0  7037.196
 3625.0  7022.633
 3630.0  7007.477
 3635.0  6991.777
