 2865.0  9867.782
 2870.0  9928.145
 2875.0  9985.348
 2880.0  10038.286
 2885.0  10085.852
 2890.0  10126.941
 2895.0  10160.448
 2900.0  10185.266
 2905.0  10205.046
 2910.0  10223.706
 2915.0  10240.545
 2920.0  10254.863
 2925.0  10265.958
 2930.0  10273.129
 2935.0  10275.675
 2940.0  10266.959
 2945.0  10244.483
 2950.0  10213.749
 2955.0  10180.263
 2960.0  10149.530
 2965.0  10127.053
 2970.0  10118.337
 2975.0  10121.670
 2980.0  10130.500
 2985.0  10143.079
 2990.0  10157.657
 2995.0  10172.486
 3000.0  10185.816
 3005.0  10195.897
 3010.0  10204.050
 3015.0  10212.406
 3020.0  10220.435
 3025.0  10227.604
 3030.0  10233.384
 3035.0  10237.241
 3040.0  10238.645
 3045.0  10237.336
 3050.0  10233.961
 3055.0  10229.345
 3060.0  10224.317
 3065.0  10219.702
 3070.0  10216.327
 3075.0  10215.018
 3080.0  10215.762
 3085.0  10217.680
 3090.0  10220.303
 3095.0  10223.161
 3100.0  10225.784
 3105.0  10227.702
 3110.0  10228.446
 3115.0  10227.354
 3120.0  10224.540
 3125.0  10220.691
 3130.0  10216.497
 3135.0  10212.648
 3140.0  10209.833
 3145.0  10208.742
 3150.0  10209.844
 3155.0  10212.747
 3160.0  10216.840
 3165.0  10221.516
 3170.0  10226.165
 3175.0  10230.179
 3180.0  10232.948
 3185.0  10234.901
 3190.0  10236.808
 3195.0  10238.578
 3200.0  10240.116
 3205.0  10241.330
 3210.0  10242.127
 3215.0  10242.413
 3220.0  10240.151
 3225.0  10234.123
 3230.0  10225.467
 3235.0  10215.319
 3240.0  10204.817
 3245.0  10195.099
 3250.0  10187.301
 3255.0  10180.608
 3260.0  10173.696
 3265.0  10166.940
 3270.0  10160.715
 3275.0  10155.397
 3280.0  10151.359
 3285.0  10148.978
 3290.0  10147.790
 3295.0  10146.979
 3300.0  10146.393
 3305.0  10145.879
 3310.0  10145.282
 3315.0  10144.450
 3320.0  10143.228
 3325.0  10140.607
 3330.0  10135.931
 3335.0  10129.588
 3340.0  10121.962
 3345.0  10113.438
 3350.0  10104.401
 3355.0  10095.236
 3360.0  10084.692
 3365.0  10071.801
 3370.0  10057.375
 3375.0  10042.224
 3380.0  10027.160
 3385.0  10012.995
 3390.0  10000.539
 3395.0  9989.420
 3400.0  9978.734
 3405.0  9968.495
 3410.0  9958.719
 3415.0  9949.419
 3420.0  9940.611
 3425.0  9932.309
 3430.0  9924.641
 3435.0  9917.587
 3440.0  9910.943
 3445.0  9904.505
 3450.0  9898.068
 3455.0  9891.427
 3460.0  9884.379
 3465.0  9876.976
 3470.0  9869.412
 3475.0  9861.691
 3480.0  9853.818
 3485.0  9845.796
 3490.0  9837.631
 3495.0  9829.326
 3500.0  9820.885
 3505.0  9394.924
 3510.0  9386.451
 3515.0  9377.511
 3520.0  9368.139
 3525.0  9358.368
 3530.0  9348.232
 3535.0  9337.263
 3540.0  9325.222
 3545.0  9312.487
 3550.0  9299.436
 3555.0  9286.446
 3560.0  9273.894
 3565.0  9262.160
 3570.0  9251.464
 3575.0  9241.530
 3580.0  9231.982
 3585.0  9222.446
 3590.0  9212.548
 3595.0  9201.913
 3600.0  9190.167
 3605.0  9177.205
 3610.0  9163.217
 3615.0  9148.272
 3620.0  9132.440
 3625.0  9115.789
 3630.0  9098.388
 3635.0  9080.306
