 2865.0  4827.557
 2870.0  4847.731
 2875.0  4866.850
 2880.0  4884.568
 2885.0  4900.539
 2890.0  4914.419
 2895.0  4925.860
 2900.0  4934.518
 2905.0  4941.240
 2910.0  4947.151
 2915.0  4952.329
 2920.0  4956.847
 2925.0  4960.780
 2930.0  4964.203
 2935.0  4967.192
 2940.0  4969.738
 2945.0  4971.874
 2950.0  4973.735
 2955.0  4975.459
 2960.0  4977.181
 2965.0  4979.038
 2970.0  4981.164
 2975.0  4983.410
 2980.0  4985.615
 2985.0  4987.901
 2990.0  4990.390
 2995.0  4993.205
 3000.0  4996.469
 3005.0  5000.303
 3010.0  5006.125
 3015.0  5014.596
 3020.0  5024.701
 3025.0  5035.426
 3030.0  5045.757
 3035.0  5054.680
 3040.0  5061.181
 3045.0  5065.590
 3050.0  5069.134
 3055.0  5072.142
 3060.0  5074.944
 3065.0  5077.870
 3070.0  5081.249
 3075.0  5085.412
 3080.0  5091.100
 3085.0  5098.388
 3090.0  5106.609
 3095.0  5115.094
 3100.0  5123.177
 3105.0  5130.188
 3110.0  5135.461
 3115.0  5139.547
 3120.0  5143.390
 3125.0  5146.910
 3130.0  5150.025
 3135.0  5152.655
 3140.0  5154.719
 3145.0  5156.137
 3150.0  5157.032
 3155.0  5157.656
 3160.0  5158.123
 3165.0  5158.547
 3170.0  5159.042
 3175.0  5159.721
 3180.0  5160.698
 3185.0  5163.592
 3190.0  5169.200
 3195.0  5176.401
 3200.0  5184.076
 3205.0  5191.105
 3210.0  5196.367
 3215.0  5198.743
 3220.0  5199.199
 3225.0  5199.494
 3230.0  5199.692
 3235.0  5199.858
 3240.0  5200.055
 3245.0  5200.349
 3250.0  5200.804
 3255.0  5203.198
 3260.0  5208.475
 3265.0  5215.451
 3270.0  5222.940
 3275.0  5229.756
 3280.0  5234.715
 3285.0  5236.632
 3290.0  5236.414
 3295.0  5235.854
 3300.0  5235.088
 3305.0  5234.254
 3310.0  5233.488
 3315.0  5232.928
 3320.0  5232.710
 3325.0  5232.934
 3330.0  5233.510
 3335.0  5234.298
 3340.0  5235.156
 3345.0  5235.944
 3350.0  5236.520
 3355.0  5236.743
 3360.0  5236.242
 3365.0  5234.950
 3370.0  5233.183
 3375.0  5231.258
 3380.0  5229.491
 3385.0  5228.199
 3390.0  5227.698
 3395.0  5228.440
 3400.0  5230.354
 3405.0  5232.970
 3410.0  5235.821
 3415.0  5238.438
 3420.0  5240.352
 3425.0  5241.094
 3430.0  5240.314
 3435.0  5238.244
 3440.0  5235.292
 3445.0  5231.863
 3450.0  5228.362
 3455.0  5225.196
 3460.0  5222.771
 3465.0  5220.892
 3470.0  5219.104
 3475.0  5217.426
 3480.0  5215.875
 3485.0  5214.470
 3490.0  5213.228
 3495.0  5212.168
 3500.0  5211.308
 3505.0  5118.404
 3510.0  5113.791
 3515.0  5109.199
 3520.0  5104.628
 3525.0  5100.077
 3530.0  5095.548
 3535.0  5091.160
 3540.0  5086.954
 3545.0  5082.808
 3550.0  5078.602
 3555.0  5074.215
 3560.0  5069.525
 3565.0  5064.412
 3570.0  5058.677
 3575.0  5052.316
 3580.0  5045.501
 3585.0  5038.401
 3590.0  5031.187
 3595.0  5024.030
 3600.0  5017.100
 3605.0  5010.340
 3610.0  5003.580
 3615.0  4996.820
 3620.0  4990.060
 3625.0  4983.299
 3630.0  4976.538
 3635.0  4969.778
