 2865.0  6832.918
 2870.0  6859.079
 2875.0  6883.937
 2880.0  6907.207
 2885.0  6928.607
 2890.0  6947.853
 2895.0  6964.660
 2900.0  6978.745
 2905.0  6990.977
 2910.0  7002.338
 2915.0  7012.718
 2920.0  7022.003
 2925.0  7030.082
 2930.0  7036.844
 2935.0  7042.175
 2940.0  7046.728
 2945.0  7051.100
 2950.0  7055.102
 2955.0  7058.545
 2960.0  7061.239
 2965.0  7062.995
 2970.0  7063.622
 2975.0  7060.915
 2980.0  7053.934
 2985.0  7044.388
 2990.0  7033.987
 2995.0  7024.441
 3000.0  7017.460
 3005.0  7014.753
 3010.0  7016.904
 3015.0  7022.650
 3020.0  7030.926
 3025.0  7040.668
 3030.0  7050.813
 3035.0  7060.297
 3040.0  7068.056
 3045.0  7074.162
 3050.0  7079.611
 3055.0  7084.722
 3060.0  7089.816
 3065.0  7095.213
 3070.0  7101.233
 3075.0  7108.196
 3080.0  7118.006
 3085.0  7131.173
 3090.0  7145.922
 3095.0  7160.481
 3100.0  7173.075
 3105.0  7181.932
 3110.0  7185.279
 3115.0  7185.244
 3120.0  7185.154
 3125.0  7185.032
 3130.0  7184.899
 3135.0  7184.776
 3140.0  7184.687
 3145.0  7184.652
 3150.0  7185.022
 3155.0  7186.053
 3160.0  7187.627
 3165.0  7189.625
 3170.0  7191.931
 3175.0  7194.424
 3180.0  7196.987
 3185.0  7200.202
 3190.0  7204.491
 3195.0  7209.502
 3200.0  7214.880
 3205.0  7220.273
 3210.0  7225.326
 3215.0  7229.685
 3220.0  7233.843
 3225.0  7238.296
 3230.0  7242.705
 3235.0  7246.728
 3240.0  7250.023
 3245.0  7252.251
 3250.0  7253.069
 3255.0  7251.913
 3260.0  7248.932
 3265.0  7244.855
 3270.0  7240.413
 3275.0  7236.336
 3280.0  7233.354
 3285.0  7232.198
 3290.0  7233.207
 3295.0  7235.809
 3300.0  7239.367
 3305.0  7243.243
 3310.0  7246.801
 3315.0  7249.403
 3320.0  7250.412
 3325.0  7250.153
 3330.0  7249.484
 3335.0  7248.569
 3340.0  7247.572
 3345.0  7246.658
 3350.0  7245.989
 3355.0  7245.729
 3360.0  7246.090
 3365.0  7247.021
 3370.0  7248.294
 3375.0  7249.681
 3380.0  7250.954
 3385.0  7251.885
 3390.0  7252.246
 3395.0  7250.825
 3400.0  7247.054
 3405.0  7241.671
 3410.0  7235.413
 3415.0  7229.018
 3420.0  7223.223
 3425.0  7218.766
 3430.0  7215.505
 3435.0  7212.688
 3440.0  7210.139
 3445.0  7207.680
 3450.0  7205.135
 3455.0  7202.326
 3460.0  7199.078
 3465.0  7195.349
 3470.0  7191.237
 3475.0  7186.771
 3480.0  7181.982
 3485.0  7176.899
 3490.0  7171.552
 3495.0  7165.971
 3500.0  7160.186
 3505.0  6951.000
 3510.0  6942.394
 3515.0  6933.410
 3520.0  6924.072
 3525.0  6914.401
 3530.0  6904.419
 3535.0  6893.485
 3540.0  6881.329
 3545.0  6868.535
 3550.0  6855.684
 3555.0  6843.359
 3560.0  6832.143
 3565.0  6822.618
 3570.0  6814.884
 3575.0  6808.326
 3580.0  6802.452
 3585.0  6796.773
 3590.0  6790.797
 3595.0  6784.034
 3600.0  6775.993
 3605.0  6766.404
 3610.0  6755.410
 3615.0  6743.140
 3620.0  6729.727
 3625.0  6715.299
 3630.0  6699.986
 3635.0  6683.920
