 2865.0  7606.603
 2870.0  7630.018
 2875.0  7652.256
 2880.0  7673.046
 2885.0  7692.120
 2890.0  7709.208
 2895.0  7724.040
 2900.0  7736.347
 2905.0  7747.262
 2910.0  7757.820
 2915.0  7767.607
 2920.0  7776.210
 2925.0  7783.215
 2930.0  7788.208
 2935.0  7790.776
 2940.0  7791.926
 2945.0  7792.934
 2950.0  7793.787
 2955.0  7794.473
 2960.0  7794.978
 2965.0  7795.291
 2970.0  7795.398
 2975.0  7793.243
 2980.0  7787.687
 2985.0  7780.089
 2990.0  7771.810
 2995.0  7764.213
 3000.0  7758.656
 3005.0  7756.501
 3010.0  7757.926
 3015.0  7761.708
 3020.0  7767.105
 3025.0  7773.378
 3030.0  7779.785
 3035.0  7785.587
 3040.0  7790.041
 3045.0  7793.724
 3050.0  7797.534
 3055.0  7801.218
 3060.0  7804.524
 3065.0  7807.199
 3070.0  7808.989
 3075.0  7809.642
 3080.0  7808.352
 3085.0  7805.026
 3090.0  7800.477
 3095.0  7795.522
 3100.0  7790.974
 3105.0  7787.647
 3110.0  7786.358
 3115.0  7787.749
 3120.0  7791.338
 3125.0  7796.244
 3130.0  7801.591
 3135.0  7806.497
 3140.0  7810.086
 3145.0  7811.477
 3150.0  7811.027
 3155.0  7809.821
 3160.0  7808.081
 3165.0  7806.025
 3170.0  7803.872
 3175.0  7801.843
 3180.0  7800.158
 3185.0  7798.595
 3190.0  7796.884
 3195.0  7795.167
 3200.0  7793.584
 3205.0  7792.278
 3210.0  7791.390
 3215.0  7791.062
 3220.0  7791.527
 3225.0  7792.726
 3230.0  7794.364
 3235.0  7796.150
 3240.0  7797.788
 3245.0  7798.987
 3250.0  7799.452
 3255.0  7798.487
 3260.0  7795.858
 3265.0  7791.960
 3270.0  7787.188
 3275.0  7781.939
 3280.0  7776.608
 3285.0  7771.591
 3290.0  7766.414
 3295.0  7760.532
 3300.0  7754.241
 3305.0  7747.832
 3310.0  7741.601
 3315.0  7735.841
 3320.0  7730.846
 3325.0  7726.628
 3330.0  7722.885
 3335.0  7719.437
 3340.0  7716.107
 3345.0  7712.716
 3350.0  7709.085
 3355.0  7705.036
 3360.0  7700.500
 3365.0  7695.585
 3370.0  7690.386
 3375.0  7684.995
 3380.0  7679.504
 3385.0  7674.006
 3390.0  7668.595
 3395.0  7663.321
 3400.0  7658.117
 3405.0  7652.901
 3410.0  7647.591
 3415.0  7642.104
 3420.0  7636.358
 3425.0  7630.270
 3430.0  7623.638
 3435.0  7616.438
 3440.0  7608.863
 3445.0  7601.103
 3450.0  7593.348
 3455.0  7585.791
 3460.0  7578.620
 3465.0  7571.763
 3470.0  7565.018
 3475.0  7558.389
 3480.0  7551.880
 3485.0  7545.493
 3490.0  7539.233
 3495.0  7533.103
 3500.0  7527.105
 3505.0  7202.136
 3510.0  7191.641
 3515.0  7180.965
 3520.0  7170.111
 3525.0  7159.084
 3530.0  7147.889
 3535.0  7136.349
 3540.0  7124.394
 3545.0  7112.188
 3550.0  7099.897
 3555.0  7087.686
 3560.0  7075.720
 3565.0  7064.164
 3570.0  7053.217
 3575.0  7042.791
 3580.0  7032.623
 3585.0  7022.449
 3590.0  7012.007
 3595.0  7001.034
 3600.0  6989.265
 3605.0  6976.682
 3610.0  6963.460
 3615.0  6949.633
 3620.0  6935.233
 3625.0  6920.292
 3630.0  6904.843
 3635.0  6888.917
