 2865.0  9880.324
 2870.0  9951.152
 2875.0  10018.357
 2880.0  10080.197
 2885.0  10134.928
 2890.0  10180.808
 2895.0  10216.093
 2900.0  10239.040
 2905.0  10254.671
 2910.0  10268.918
 2915.0  10281.409
 2920.0  10291.773
 2925.0  10299.636
 2930.0  10304.627
 2935.0  10306.374
 2940.0  10299.821
 2945.0  10282.921
 2950.0  10259.813
 2955.0  10234.635
 2960.0  10211.527
 2965.0  10194.627
 2970.0  10188.074
 2975.0  10190.521
 2980.0  10197.088
 2985.0  10206.610
 2990.0  10217.921
 2995.0  10229.857
 3000.0  10241.254
 3005.0  10250.947
 3010.0  10260.251
 3015.0  10270.648
 3020.0  10281.217
 3025.0  10291.038
 3030.0  10299.192
 3035.0  10304.759
 3040.0  10306.818
 3045.0  10304.083
 3050.0  10297.028
 3055.0  10287.381
 3060.0  10276.870
 3065.0  10267.223
 3070.0  10260.168
 3075.0  10257.432
 3080.0  10258.473
 3085.0  10261.156
 3090.0  10264.825
 3095.0  10268.823
 3100.0  10272.491
 3105.0  10275.175
 3110.0  10276.215
 3115.0  10273.275
 3120.0  10265.693
 3125.0  10255.325
 3130.0  10244.028
 3135.0  10233.660
 3140.0  10226.078
 3145.0  10223.138
 3150.0  10225.451
 3155.0  10231.416
 3160.0  10239.572
 3165.0  10248.459
 3170.0  10256.615
 3175.0  10262.580
 3180.0  10264.893
 3185.0  10264.841
 3190.0  10264.691
 3195.0  10264.448
 3200.0  10264.116
 3205.0  10263.702
 3210.0  10263.212
 3215.0  10262.650
 3220.0  10261.275
 3225.0  10258.516
 3230.0  10254.631
 3235.0  10249.879
 3240.0  10244.520
 3245.0  10238.813
 3250.0  10233.016
 3255.0  10225.304
 3260.0  10214.674
 3265.0  10202.624
 3270.0  10190.647
 3275.0  10180.240
 3280.0  10172.900
 3285.0  10170.120
 3290.0  10170.990
 3295.0  10173.234
 3300.0  10176.303
 3305.0  10179.645
 3310.0  10182.714
 3315.0  10184.958
 3320.0  10185.828
 3325.0  10183.793
 3330.0  10178.270
 3335.0  10170.132
 3340.0  10160.251
 3345.0  10149.501
 3350.0  10138.754
 3355.0  10128.883
 3360.0  10119.396
 3365.0  10109.327
 3370.0  10098.835
 3375.0  10088.081
 3380.0  10077.224
 3385.0  10066.424
 3390.0  10055.841
 3395.0  10045.076
 3400.0  10033.855
 3405.0  10022.523
 3410.0  10011.425
 3415.0  10000.905
 3420.0  9991.310
 3425.0  9982.983
 3430.0  9975.957
 3435.0  9969.818
 3440.0  9964.249
 3445.0  9958.930
 3450.0  9953.543
 3455.0  9947.768
 3460.0  9941.288
 3465.0  9934.129
 3470.0  9926.546
 3475.0  9918.563
 3480.0  9910.205
 3485.0  9901.494
 3490.0  9892.455
 3495.0  9883.111
 3500.0  9873.486
 3505.0  9453.096
 3510.0  9441.035
 3515.0  9428.647
 3520.0  9415.946
 3525.0  9402.942
 3530.0  9389.649
 3535.0  9375.739
 3540.0  9361.073
 3545.0  9345.945
 3550.0  9330.649
 3555.0  9315.480
 3560.0  9300.732
 3565.0  9286.700
 3570.0  9273.719
 3575.0  9261.626
 3580.0  9249.961
 3585.0  9238.269
 3590.0  9226.092
 3595.0  9212.971
 3600.0  9198.451
 3605.0  9182.365
 3610.0  9164.918
 3615.0  9146.205
 3620.0  9126.321
 3625.0  9105.360
 3630.0  9083.419
 3635.0  9060.593
