 2865.0  6586.881
 2870.0  6609.448
 2875.0  6630.839
 2880.0  6650.701
 2885.0  6668.679
 2890.0  6684.420
 2895.0  6697.569
 2900.0  6707.774
 2905.0  6716.029
 2910.0  6723.530
 2915.0  6730.228
 2920.0  6736.069
 2925.0  6741.002
 2930.0  6744.976
 2935.0  6747.939
 2940.0  6750.333
 2945.0  6752.581
 2950.0  6754.600
 2955.0  6756.311
 2960.0  6757.634
 2965.0  6758.486
 2970.0  6758.788
 2975.0  6756.312
 2980.0  6749.927
 2985.0  6741.195
 2990.0  6731.682
 2995.0  6722.950
 3000.0  6716.564
 3005.0  6714.088
 3010.0  6719.406
 3015.0  6733.235
 3020.0  6752.391
 3025.0  6773.688
 3030.0  6793.941
 3035.0  6809.963
 3040.0  6818.571
 3045.0  6821.877
 3050.0  6824.318
 3055.0  6826.192
 3060.0  6827.798
 3065.0  6829.433
 3070.0  6831.396
 3075.0  6833.984
 3080.0  6838.013
 3085.0  6843.578
 3090.0  6849.891
 3095.0  6856.169
 3100.0  6861.625
 3105.0  6865.475
 3110.0  6866.933
 3115.0  6866.481
 3120.0  6865.317
 3125.0  6863.725
 3130.0  6861.991
 3135.0  6860.399
 3140.0  6859.235
 3145.0  6858.783
 3150.0  6860.667
 3155.0  6865.646
 3160.0  6872.715
 3165.0  6880.867
 3170.0  6889.098
 3175.0  6896.400
 3180.0  6901.768
 3185.0  6905.933
 3190.0  6910.133
 3195.0  6914.122
 3200.0  6917.654
 3205.0  6920.481
 3210.0  6922.358
 3215.0  6923.039
 3220.0  6922.671
 3225.0  6921.724
 3230.0  6920.429
 3235.0  6919.019
 3240.0  6917.724
 3245.0  6916.777
 3250.0  6916.409
 3255.0  6916.892
 3260.0  6918.136
 3265.0  6919.838
 3270.0  6921.692
 3275.0  6923.394
 3280.0  6924.638
 3285.0  6925.121
 3290.0  6924.635
 3295.0  6923.347
 3300.0  6921.513
 3305.0  6919.389
 3310.0  6917.230
 3315.0  6915.292
 3320.0  6913.830
 3325.0  6912.730
 3330.0  6911.706
 3335.0  6910.756
 3340.0  6909.879
 3345.0  6909.074
 3350.0  6908.340
 3355.0  6907.675
 3360.0  6907.124
 3365.0  6906.693
 3370.0  6906.322
 3375.0  6905.950
 3380.0  6905.519
 3385.0  6904.966
 3390.0  6904.234
 3395.0  6902.549
 3400.0  6899.540
 3405.0  6895.748
 3410.0  6891.714
 3415.0  6887.976
 3420.0  6885.076
 3425.0  6883.554
 3430.0  6883.018
 3435.0  6882.663
 3440.0  6882.416
 3445.0  6882.200
 3450.0  6881.939
 3455.0  6881.560
 3460.0  6880.986
 3465.0  6879.044
 3470.0  6874.854
 3475.0  6868.773
 3480.0  6861.162
 3485.0  6852.378
 3490.0  6842.782
 3495.0  6832.733
 3500.0  6822.590
 3505.0  6641.145
 3510.0  6626.928
 3515.0  6613.437
 3520.0  6600.735
 3525.0  6588.887
 3530.0  6577.955
 3535.0  6568.052
 3540.0  6559.060
 3545.0  6550.696
 3550.0  6542.679
 3555.0  6534.725
 3560.0  6526.553
 3565.0  6517.881
 3570.0  6508.844
 3575.0  6499.734
 3580.0  6490.502
 3585.0  6481.101
 3590.0  6471.483
 3595.0  6461.601
 3600.0  6451.407
 3605.0  6440.882
 3610.0  6430.044
 3615.0  6418.904
 3620.0  6407.473
 3625.0  6395.761
 3630.0  6383.779
 3635.0  6371.538
