 2865.0  6443.572
 2870.0  6453.995
 2875.0  6464.129
 2880.0  6473.955
 2885.0  6483.457
 2890.0  6492.616
 2895.0  6501.415
 2900.0  6509.836
 2905.0  6518.087
 2910.0  6526.279
 2915.0  6534.253
 2920.0  6541.847
 2925.0  6548.903
 2930.0  6555.258
 2935.0  6560.754
 2940.0  6565.919
 2945.0  6571.174
 2950.0  6576.197
 2955.0  6580.666
 2960.0  6584.257
 2965.0  6586.648
 2970.0  6587.517
 2975.0  6586.944
 2980.0  6585.467
 2985.0  6583.447
 2990.0  6581.247
 2995.0  6579.227
 3000.0  6577.750
 3005.0  6577.177
 3010.0  6580.570
 3015.0  6589.422
 3020.0  6601.744
 3025.0  6615.547
 3030.0  6628.842
 3035.0  6639.640
 3040.0  6645.952
 3045.0  6649.016
 3050.0  6651.497
 3055.0  6653.544
 3060.0  6655.306
 3065.0  6656.932
 3070.0  6658.571
 3075.0  6660.372
 3080.0  6662.352
 3085.0  6664.387
 3090.0  6666.411
 3095.0  6668.360
 3100.0  6670.168
 3105.0  6671.771
 3110.0  6673.104
 3115.0  6674.131
 3120.0  6674.929
 3125.0  6675.605
 3130.0  6676.263
 3135.0  6677.009
 3140.0  6677.949
 3145.0  6679.188
 3150.0  6681.434
 3155.0  6685.014
 3160.0  6689.466
 3165.0  6694.326
 3170.0  6699.131
 3175.0  6703.417
 3180.0  6706.722
 3185.0  6709.454
 3190.0  6712.222
 3195.0  6714.860
 3200.0  6717.201
 3205.0  6719.079
 3210.0  6720.328
 3215.0  6720.781
 3220.0  6720.541
 3225.0  6719.883
 3230.0  6718.899
 3235.0  6717.682
 3240.0  6716.322
 3245.0  6714.914
 3250.0  6713.549
 3255.0  6712.056
 3260.0  6710.276
 3265.0  6708.320
 3270.0  6706.298
 3275.0  6704.321
 3280.0  6702.500
 3285.0  6700.945
 3290.0  6699.569
 3295.0  6698.230
 3300.0  6696.956
 3305.0  6695.775
 3310.0  6694.714
 3315.0  6693.801
 3320.0  6693.062
 3325.0  6692.517
 3330.0  6692.121
 3335.0  6691.803
 3340.0  6691.493
 3345.0  6691.123
 3350.0  6690.621
 3355.0  6689.919
 3360.0  6687.957
 3365.0  6684.071
 3370.0  6678.788
 3375.0  6672.633
 3380.0  6666.132
 3385.0  6659.812
 3390.0  6654.198
 3395.0  6649.034
 3400.0  6643.766
 3405.0  6638.476
 3410.0  6633.245
 3415.0  6628.155
 3420.0  6623.287
 3425.0  6618.722
 3430.0  6614.459
 3435.0  6610.408
 3440.0  6606.522
 3445.0  6602.752
 3450.0  6599.052
 3455.0  6595.372
 3460.0  6591.665
 3465.0  6587.946
 3470.0  6584.260
 3475.0  6580.609
 3480.0  6576.992
 3485.0  6573.411
 3490.0  6569.865
 3495.0  6566.356
 3500.0  6562.884
 3505.0  6364.962
 3510.0  6354.881
 3515.0  6344.973
 3520.0  6335.243
 3525.0  6325.697
 3530.0  6316.337
 3535.0  6307.411
 3540.0  6298.986
 3545.0  6290.807
 3550.0  6282.616
 3555.0  6274.155
 3560.0  6265.168
 3565.0  6255.396
 3570.0  6244.575
 3575.0  6232.783
 3580.0  6220.274
 3585.0  6207.304
 3590.0  6194.128
 3595.0  6181.003
 3600.0  6168.182
 3605.0  6155.581
 3610.0  6142.944
 3615.0  6130.271
 3620.0  6117.561
 3625.0  6104.816
 3630.0  6092.035
 3635.0  6079.219
