 2865.0  7255.662
 2870.0  7272.471
 2875.0  7288.689
 2880.0  7304.267
 2885.0  7319.150
 2890.0  7333.287
 2895.0  7346.625
 2900.0  7359.113
 2905.0  7371.271
 2910.0  7383.401
 2915.0  7395.122
 2920.0  7406.050
 2925.0  7415.805
 2930.0  7424.004
 2935.0  7430.265
 2940.0  7435.403
 2945.0  7440.341
 2950.0  7444.865
 2955.0  7448.758
 2960.0  7451.806
 2965.0  7453.792
 2970.0  7454.503
 2975.0  7450.666
 2980.0  7440.772
 2985.0  7427.243
 2990.0  7412.503
 2995.0  7398.974
 3000.0  7389.080
 3005.0  7385.243
 3010.0  7386.996
 3015.0  7391.684
 3020.0  7398.451
 3025.0  7406.442
 3030.0  7414.798
 3035.0  7422.666
 3040.0  7429.188
 3045.0  7434.316
 3050.0  7438.810
 3055.0  7443.023
 3060.0  7447.310
 3065.0  7452.025
 3070.0  7457.522
 3075.0  7464.155
 3080.0  7474.458
 3085.0  7489.346
 3090.0  7506.745
 3095.0  7524.579
 3100.0  7540.774
 3105.0  7553.253
 3110.0  7559.942
 3115.0  7562.662
 3120.0  7564.742
 3125.0  7566.372
 3130.0  7567.742
 3135.0  7569.042
 3140.0  7570.461
 3145.0  7572.191
 3150.0  7574.473
 3155.0  7577.225
 3160.0  7580.148
 3165.0  7582.942
 3170.0  7585.309
 3175.0  7586.948
 3180.0  7587.561
 3185.0  7587.088
 3190.0  7585.867
 3195.0  7584.198
 3200.0  7582.380
 3205.0  7580.711
 3210.0  7579.490
 3215.0  7579.017
 3220.0  7580.100
 3225.0  7582.894
 3230.0  7586.715
 3235.0  7590.877
 3240.0  7594.698
 3245.0  7597.492
 3250.0  7598.575
 3255.0  7597.607
 3260.0  7595.084
 3265.0  7591.578
 3270.0  7587.663
 3275.0  7583.911
 3280.0  7580.893
 3285.0  7579.184
 3290.0  7578.467
 3295.0  7577.983
 3300.0  7577.632
 3305.0  7577.316
 3310.0  7576.937
 3315.0  7576.397
 3320.0  7575.597
 3325.0  7572.627
 3330.0  7566.320
 3335.0  7557.697
 3340.0  7547.774
 3345.0  7537.572
 3350.0  7528.109
 3355.0  7520.404
 3360.0  7513.804
 3365.0  7507.145
 3370.0  7500.681
 3375.0  7494.665
 3380.0  7489.351
 3385.0  7484.991
 3390.0  7481.839
 3395.0  7479.695
 3400.0  7478.061
 3405.0  7476.743
 3410.0  7475.545
 3415.0  7474.274
 3420.0  7472.736
 3425.0  7470.735
 3430.0  7468.075
 3435.0  7464.755
 3440.0  7460.870
 3445.0  7456.518
 3450.0  7451.793
 3455.0  7446.794
 3460.0  7441.615
 3465.0  7436.073
 3470.0  7429.948
 3475.0  7423.285
 3480.0  7416.132
 3485.0  7408.534
 3490.0  7400.536
 3495.0  7392.185
 3500.0  7383.527
 3505.0  7137.238
 3510.0  7126.862
 3515.0  7116.713
 3520.0  7106.798
 3525.0  7097.125
 3530.0  7087.703
 3535.0  7078.769
 3540.0  7070.386
 3545.0  7062.292
 3550.0  7054.228
 3555.0  7045.933
 3560.0  7037.146
 3565.0  7027.608
 3570.0  7017.083
 3575.0  7005.670
 3580.0  6993.613
 3585.0  6981.152
 3590.0  6968.532
 3595.0  6955.993
 3600.0  6943.779
 3605.0  6931.809
 3610.0  6919.839
 3615.0  6907.872
 3620.0  6895.905
 3625.0  6883.940
 3630.0  6871.976
 3635.0  6860.013
