   2865  7951.096
   2870  7969.093
   2875  7984.613
   2880  7997.917
   2885  8009.250
   2890  8018.837
   2895  8026.888
   2900  8033.594
   2905  8039.132
   2910  8043.662
   2915  8047.332
   2920  8050.273
   2925  8052.604
   2930  8054.432
   2935  8055.853
   2940  8056.951
   2945  8057.799
   2950  8058.464
   2955  8059.000
   2960  8059.456
   2965  8059.872
   2970  8060.282
   2975  8060.714
   2980  8061.190
   2985  8061.726
   2990  8062.335
   2995  8063.025
   3000  8063.801
   3005  8064.664
   3010  8065.612
   3015  8066.642
   3020  8067.747
   3025  8068.920
   3030  8070.151
   3035  8071.430
   3040  8072.746
   3045  8074.087
   3050  8075.440
   3055  8076.792
   3060  8078.132
   3065  8079.446
   3070  8080.722
   3075  8081.948
   3080  8083.113
   3085  8084.206
   3090  8085.217
   3095  8086.137
   3100  8086.957
   3105  8087.669
   3110  8088.268
   3115  8088.747
   3120  8089.101
   3125  8089.327
   3130  8089.422
   3135  8089.384
   3140  8089.211
   3145  8088.903
   3150  8088.462
   3155  8087.887
   3160  8087.182
   3165  8086.348
   3170  8085.389
   3175  8084.307
   3180  8083.108
   3185  8081.796
   3190  8080.374
   3195  8078.847
   3200  8077.220
   3205  8075.499
   3210  8073.686
   3215  8071.787
   3220  8069.805
   3225  8067.745
   3230  8065.609
   3235  8063.400
   3240  8061.120
   3245  8058.772
   3250  8056.354
   3255  8053.869
   3260  8051.314
   3265  8048.688
   3270  8045.989
   3275  8043.214
   3280  8040.358
   3285  8037.415
   3290  8034.381
   3295  8031.247
   3300  8028.007
   3305  8024.652
   3310  8021.172
   3315  8017.558
   3320  8013.799
   3325  8009.884
   3330  8005.802
   3335  8001.541
   3340  7997.091
   3345  7992.439
   3350  7987.574
   3355  7982.486
   3360  7977.165
   3365  7971.602
   3370  7965.789
   3375  7959.720
   3380  7953.391
   3385  7946.800
   3390  7939.946
   3395  7932.833
   3400  7925.468
   3405  7917.859
   3410  7910.022
   3415  7901.975
   3420  7893.741
   3425  7885.349
   3430  7876.835
   3435  7868.239
   3440  7859.611
   3445  7851.007
   3450  7842.492
   3455  7834.139
   3460  7826.032
   3465  7818.265
   3470  7810.942
   3475  7804.180
   3480  7798.110
   3485  7792.875
   3490  7788.634
   3495  7785.560
   3500  7783.847
   3505  7433.126
   3510  7422.359
   3515  7411.446
   3520  7400.387
   3525  7389.183
   3530  7377.834
   3535  7366.342
   3540  7354.707
   3545  7342.929
   3550  7331.010
   3555  7318.950
   3560  7306.750
   3565  7294.411
   3570  7281.933
   3575  7269.318
   3580  7256.566
   3585  7243.677
   3590  7230.654
   3595  7217.496
   3600  7204.204
   3605  7190.779
   3610  7177.222
   3615  7163.535
   3620  7149.717
   3625  7135.769
   3630  7121.693
   3635  7107.489
