 2865.0  9415.015
 2870.0  9466.944
 2875.0  9516.155
 2880.0  9561.714
 2885.0  9602.686
 2890.0  9638.138
 2895.0  9667.135
 2900.0  9688.744
 2905.0  9706.081
 2910.0  9722.468
 2915.0  9737.280
 2920.0  9749.890
 2925.0  9759.672
 2930.0  9766.001
 2935.0  9768.249
 2940.0  9763.603
 2945.0  9751.621
 2950.0  9735.238
 2955.0  9717.388
 2960.0  9701.004
 2965.0  9689.022
 2970.0  9684.376
 2975.0  9685.036
 2980.0  9686.871
 2985.0  9689.665
 2990.0  9693.202
 2995.0  9697.267
 3000.0  9701.643
 3005.0  9706.114
 3010.0  9712.416
 3015.0  9721.513
 3020.0  9732.034
 3025.0  9742.606
 3030.0  9751.857
 3035.0  9758.413
 3040.0  9760.904
 3045.0  9759.248
 3050.0  9754.976
 3055.0  9749.134
 3060.0  9742.770
 3065.0  9736.929
 3070.0  9732.657
 3075.0  9731.000
 3080.0  9732.143
 3085.0  9735.090
 3090.0  9739.120
 3095.0  9743.510
 3100.0  9747.540
 3105.0  9750.487
 3110.0  9751.630
 3115.0  9751.000
 3120.0  9749.374
 3125.0  9747.152
 3130.0  9744.730
 3135.0  9742.507
 3140.0  9740.882
 3145.0  9740.252
 3150.0  9740.991
 3155.0  9742.896
 3160.0  9745.502
 3165.0  9748.341
 3170.0  9750.947
 3175.0  9752.853
 3180.0  9753.592
 3185.0  9753.408
 3190.0  9752.883
 3195.0  9752.062
 3200.0  9750.988
 3205.0  9749.705
 3210.0  9748.255
 3215.0  9746.682
 3220.0  9744.079
 3225.0  9739.891
 3230.0  9734.685
 3235.0  9729.033
 3240.0  9723.501
 3245.0  9718.660
 3250.0  9715.079
 3255.0  9712.589
 3260.0  9710.537
 3265.0  9708.760
 3270.0  9707.095
 3275.0  9705.380
 3280.0  9703.453
 3285.0  9701.150
 3290.0  9698.469
 3295.0  9695.513
 3300.0  9692.277
 3305.0  9688.757
 3310.0  9684.949
 3315.0  9680.847
 3320.0  9676.448
 3325.0  9671.496
 3330.0  9665.831
 3335.0  9659.591
 3340.0  9652.914
 3345.0  9645.938
 3350.0  9638.800
 3355.0  9631.638
 3360.0  9624.473
 3365.0  9617.173
 3370.0  9609.644
 3375.0  9601.792
 3380.0  9593.522
 3385.0  9584.741
 3390.0  9575.354
 3395.0  9564.472
 3400.0  9551.796
 3405.0  9538.121
 3410.0  9524.243
 3415.0  9510.958
 3420.0  9499.061
 3425.0  9489.347
 3430.0  9481.588
 3435.0  9474.820
 3440.0  9468.733
 3445.0  9463.019
 3450.0  9457.369
 3455.0  9451.473
 3460.0  9445.025
 3465.0  9438.108
 3470.0  9431.018
 3475.0  9423.760
 3480.0  9416.340
 3485.0  9408.762
 3490.0  9401.032
 3495.0  9393.154
 3500.0  9385.135
 3505.0  8992.060
 3510.0  8979.331
 3515.0  8966.400
 3520.0  8953.274
 3525.0  8939.955
 3530.0  8926.449
 3535.0  8912.548
 3540.0  8898.172
 3545.0  8883.516
 3550.0  8868.775
 3555.0  8854.145
 3560.0  8839.822
 3565.0  8825.999
 3570.0  8812.947
 3575.0  8800.572
 3580.0  8788.527
 3585.0  8776.464
 3590.0  8764.037
 3595.0  8750.897
 3600.0  8736.698
 3605.0  8721.388
 3610.0  8705.182
 3615.0  8688.129
 3620.0  8670.279
 3625.0  8651.684
 3630.0  8632.391
 3635.0  8612.452
