 2865.0  6552.838
 2870.0  6585.940
 2875.0  6617.391
 2880.0  6646.274
 2885.0  6671.669
 2890.0  6692.657
 2895.0  6708.318
 2900.0  6717.735
 2905.0  6722.822
 2910.0  6726.464
 2915.0  6729.197
 2920.0  6731.556
 2925.0  6734.076
 2930.0  6737.294
 2935.0  6741.745
 2940.0  6749.921
 2945.0  6762.565
 2950.0  6777.592
 2955.0  6792.912
 2960.0  6806.440
 2965.0  6816.087
 2970.0  6819.767
 2975.0  6818.176
 2980.0  6814.073
 2985.0  6808.464
 2990.0  6802.351
 2995.0  6796.742
 3000.0  6792.639
 3005.0  6791.048
 3010.0  6795.807
 3015.0  6808.382
 3020.0  6826.218
 3025.0  6846.763
 3030.0  6867.464
 3035.0  6885.765
 3040.0  6899.115
 3045.0  6909.221
 3050.0  6919.192
 3055.0  6928.572
 3060.0  6936.903
 3065.0  6943.731
 3070.0  6948.600
 3075.0  6951.052
 3080.0  6951.954
 3085.0  6952.554
 3090.0  6952.970
 3095.0  6953.322
 3100.0  6953.728
 3105.0  6954.308
 3110.0  6955.179
 3115.0  6957.217
 3120.0  6960.946
 3125.0  6965.963
 3130.0  6971.863
 3135.0  6978.244
 3140.0  6984.699
 3145.0  6990.827
 3150.0  6997.246
 3155.0  7004.547
 3160.0  7012.280
 3165.0  7019.994
 3170.0  7027.239
 3175.0  7033.564
 3180.0  7038.520
 3185.0  7042.333
 3190.0  7045.624
 3195.0  7048.533
 3200.0  7051.204
 3205.0  7053.778
 3210.0  7056.395
 3215.0  7059.199
 3220.0  7062.416
 3225.0  7065.995
 3230.0  7069.662
 3235.0  7073.145
 3240.0  7076.167
 3245.0  7078.455
 3250.0  7079.736
 3255.0  7080.303
 3260.0  7080.686
 3265.0  7080.958
 3270.0  7081.196
 3275.0  7081.474
 3280.0  7081.867
 3285.0  7082.451
 3290.0  7084.441
 3295.0  7088.443
 3300.0  7093.610
 3305.0  7099.099
 3310.0  7104.065
 3315.0  7107.664
 3320.0  7109.051
 3325.0  7108.962
 3330.0  7108.702
 3335.0  7108.289
 3340.0  7107.737
 3345.0  7107.062
 3350.0  7106.278
 3355.0  7105.402
 3360.0  7103.658
 3365.0  7100.536
 3370.0  7096.445
 3375.0  7091.794
 3380.0  7086.993
 3385.0  7082.450
 3390.0  7078.575
 3395.0  7075.396
 3400.0  7072.551
 3405.0  7069.863
 3410.0  7067.155
 3415.0  7064.248
 3420.0  7060.967
 3425.0  7057.134
 3430.0  7051.606
 3435.0  7044.042
 3440.0  7035.463
 3445.0  7026.895
 3450.0  7019.360
 3455.0  7013.882
 3460.0  7011.485
 3465.0  7011.001
 3470.0  7010.585
 3475.0  7010.239
 3480.0  7009.965
 3485.0  7009.766
 3490.0  7009.645
 3495.0  7009.604
 3500.0  7009.645
 3505.0  6841.405
 3510.0  6831.567
 3515.0  6821.355
 3520.0  6810.788
 3525.0  6799.887
 3530.0  6788.671
 3535.0  6776.578
 3540.0  6763.376
 3545.0  6749.572
 3550.0  6735.675
 3555.0  6722.193
 3560.0  6709.636
 3565.0  6698.511
 3570.0  6688.836
 3575.0  6680.078
 3580.0  6671.923
 3585.0  6664.056
 3590.0  6656.162
 3595.0  6647.926
 3600.0  6639.033
 3605.0  6629.552
 3610.0  6619.769
 3615.0  6609.693
 3620.0  6599.337
 3625.0  6588.711
 3630.0  6577.826
 3635.0  6566.694
