 2865.0  6857.943
 2870.0  6879.726
 2875.0  6900.504
 2880.0  6920.112
 2885.0  6938.386
 2890.0  6955.161
 2895.0  6970.272
 2900.0  6983.555
 2905.0  6995.475
 2910.0  7006.590
 2915.0  7016.874
 2920.0  7026.300
 2925.0  7034.841
 2930.0  7042.471
 2935.0  7049.164
 2940.0  7055.532
 2945.0  7061.955
 2950.0  7068.057
 2955.0  7073.460
 2960.0  7077.787
 2965.0  7080.659
 2970.0  7081.701
 2975.0  7080.532
 2980.0  7077.517
 2985.0  7073.396
 2990.0  7068.905
 2995.0  7064.783
 3000.0  7061.769
 3005.0  7060.600
 3010.0  7063.417
 3015.0  7070.884
 3020.0  7081.530
 3025.0  7093.882
 3030.0  7106.466
 3035.0  7117.810
 3040.0  7126.441
 3045.0  7133.181
 3050.0  7139.722
 3055.0  7145.897
 3060.0  7151.537
 3065.0  7156.475
 3070.0  7160.544
 3075.0  7163.575
 3080.0  7165.773
 3085.0  7167.544
 3090.0  7169.024
 3095.0  7170.350
 3100.0  7171.658
 3105.0  7173.085
 3110.0  7174.766
 3115.0  7176.621
 3120.0  7178.509
 3125.0  7180.481
 3130.0  7182.588
 3135.0  7184.880
 3140.0  7187.406
 3145.0  7190.218
 3150.0  7194.163
 3155.0  7199.557
 3160.0  7205.649
 3165.0  7211.691
 3170.0  7216.935
 3175.0  7220.630
 3180.0  7222.028
 3185.0  7221.548
 3190.0  7220.294
 3195.0  7218.544
 3200.0  7216.575
 3205.0  7214.667
 3210.0  7213.096
 3215.0  7212.141
 3220.0  7211.600
 3225.0  7211.097
 3230.0  7210.648
 3235.0  7210.270
 3240.0  7209.980
 3245.0  7209.793
 3250.0  7209.727
 3255.0  7210.426
 3260.0  7212.229
 3265.0  7214.693
 3270.0  7217.378
 3275.0  7219.843
 3280.0  7221.645
 3285.0  7222.344
 3290.0  7221.865
 3295.0  7220.587
 3300.0  7218.747
 3305.0  7216.582
 3310.0  7214.331
 3315.0  7212.229
 3320.0  7210.515
 3325.0  7209.160
 3330.0  7207.936
 3335.0  7206.785
 3340.0  7205.648
 3345.0  7204.464
 3350.0  7203.176
 3355.0  7201.723
 3360.0  7200.162
 3365.0  7198.545
 3370.0  7196.811
 3375.0  7194.897
 3380.0  7192.740
 3385.0  7190.276
 3390.0  7187.445
 3395.0  7183.468
 3400.0  7177.962
 3405.0  7171.452
 3410.0  7164.461
 3415.0  7157.516
 3420.0  7151.140
 3425.0  7145.859
 3430.0  7141.540
 3435.0  7137.623
 3440.0  7133.990
 3445.0  7130.525
 3450.0  7127.112
 3455.0  7123.633
 3460.0  7119.971
 3465.0  7116.166
 3470.0  7112.332
 3475.0  7108.470
 3480.0  7104.580
 3485.0  7100.663
 3490.0  7096.718
 3495.0  7092.747
 3500.0  7088.749
 3505.0  6861.116
 3510.0  6852.086
 3515.0  6842.697
 3520.0  6832.968
 3525.0  6822.919
 3530.0  6812.569
 3535.0  6801.584
 3540.0  6789.803
 3545.0  6777.510
 3550.0  6764.988
 3555.0  6752.521
 3560.0  6740.393
 3565.0  6728.885
 3570.0  6718.124
 3575.0  6707.888
 3580.0  6697.942
 3585.0  6688.049
 3590.0  6677.976
 3595.0  6667.487
 3600.0  6656.346
 3605.0  6644.570
 3610.0  6632.344
 3615.0  6619.688
 3620.0  6606.619
 3625.0  6593.156
 3630.0  6579.319
 3635.0  6565.124
