 2865.0  9383.750
 2870.0  9426.525
 2875.0  9467.135
 2880.0  9505.069
 2885.0  9539.816
 2890.0  9570.864
 2895.0  9597.701
 2900.0  9619.815
 2905.0  9639.553
 2910.0  9658.946
 2915.0  9677.012
 2920.0  9692.772
 2925.0  9705.244
 2930.0  9713.446
 2935.0  9716.398
 2940.0  9711.348
 2945.0  9698.322
 2950.0  9680.511
 2955.0  9661.105
 2960.0  9643.294
 2965.0  9630.268
 2970.0  9625.217
 2975.0  9625.778
 2980.0  9627.352
 2985.0  9629.780
 2990.0  9632.898
 2995.0  9636.546
 3000.0  9640.562
 3005.0  9644.785
 3010.0  9651.437
 3015.0  9661.719
 3020.0  9673.933
 3025.0  9686.385
 3030.0  9697.379
 3035.0  9705.219
 3040.0  9708.209
 3045.0  9706.994
 3050.0  9703.862
 3055.0  9699.579
 3060.0  9694.913
 3065.0  9690.630
 3070.0  9687.498
 3075.0  9686.283
 3080.0  9687.361
 3085.0  9690.139
 3090.0  9693.937
 3095.0  9698.076
 3100.0  9701.874
 3105.0  9704.653
 3110.0  9705.730
 3115.0  9705.384
 3120.0  9704.448
 3125.0  9703.073
 3130.0  9701.410
 3135.0  9699.611
 3140.0  9697.826
 3145.0  9696.206
 3150.0  9694.479
 3155.0  9692.417
 3160.0  9690.238
 3165.0  9688.162
 3170.0  9686.408
 3175.0  9685.195
 3180.0  9684.742
 3185.0  9685.819
 3190.0  9688.597
 3195.0  9692.397
 3200.0  9696.536
 3205.0  9700.335
 3210.0  9703.114
 3215.0  9704.191
 3220.0  9703.608
 3225.0  9701.999
 3230.0  9699.571
 3235.0  9696.534
 3240.0  9693.097
 3245.0  9689.467
 3250.0  9685.854
 3255.0  9681.438
 3260.0  9675.665
 3265.0  9669.146
 3270.0  9662.491
 3275.0  9656.309
 3280.0  9651.211
 3285.0  9647.805
 3290.0  9645.808
 3295.0  9644.369
 3300.0  9643.252
 3305.0  9642.220
 3310.0  9641.039
 3315.0  9639.472
 3320.0  9637.282
 3325.0  9633.006
 3330.0  9625.849
 3335.0  9616.578
 3340.0  9605.960
 3345.0  9594.761
 3350.0  9583.748
 3355.0  9573.687
 3360.0  9564.328
 3365.0  9554.904
 3370.0  9545.409
 3375.0  9535.835
 3380.0  9526.179
 3385.0  9516.433
 3390.0  9506.591
 3395.0  9496.277
 3400.0  9485.367
 3405.0  9474.238
 3410.0  9463.267
 3415.0  9452.831
 3420.0  9443.304
 3425.0  9435.065
 3430.0  9428.199
 3435.0  9422.291
 3440.0  9416.962
 3445.0  9411.833
 3450.0  9406.524
 3455.0  9400.656
 3460.0  9393.851
 3465.0  9386.021
 3470.0  9377.374
 3475.0  9367.974
 3480.0  9357.886
 3485.0  9347.174
 3490.0  9335.901
 3495.0  9324.132
 3500.0  9311.930
 3505.0  8921.057
 3510.0  8908.374
 3515.0  8895.570
 3520.0  8882.645
 3525.0  8869.602
 3530.0  8856.442
 3535.0  8843.138
 3540.0  8829.675
 3545.0  8816.078
 3550.0  8802.369
 3555.0  8788.573
 3560.0  8774.712
 3565.0  8760.812
 3570.0  8747.013
 3575.0  8733.342
 3580.0  8719.648
 3585.0  8705.778
 3590.0  8691.579
 3595.0  8676.901
 3600.0  8661.591
 3605.0  8645.628
 3610.0  8629.104
 3615.0  8612.042
 3620.0  8594.464
 3625.0  8576.392
 3630.0  8557.846
 3635.0  8538.850
