 2865.0  9325.657
 2870.0  9341.786
 2875.0  9357.809
 2880.0  9373.724
 2885.0  9389.530
 2890.0  9405.227
 2895.0  9420.812
 2900.0  9436.285
 2905.0  9453.447
 2910.0  9472.900
 2915.0  9492.846
 2920.0  9511.489
 2925.0  9527.031
 2930.0  9537.674
 2935.0  9541.622
 2940.0  9539.955
 2945.0  9535.511
 2950.0  9529.127
 2955.0  9521.638
 2960.0  9513.880
 2965.0  9506.689
 2970.0  9500.900
 2975.0  9495.778
 2980.0  9490.305
 2985.0  9484.897
 2990.0  9479.968
 2995.0  9475.934
 3000.0  9473.210
 3005.0  9472.209
 3010.0  9474.299
 3015.0  9479.965
 3020.0  9488.304
 3025.0  9498.410
 3030.0  9509.381
 3035.0  9520.311
 3040.0  9530.296
 3045.0  9540.666
 3050.0  9552.688
 3055.0  9565.367
 3060.0  9577.709
 3065.0  9588.717
 3070.0  9597.397
 3075.0  9602.753
 3080.0  9605.961
 3085.0  9608.832
 3090.0  9611.329
 3095.0  9613.412
 3100.0  9615.045
 3105.0  9616.189
 3110.0  9616.806
 3115.0  9617.128
 3120.0  9617.411
 3125.0  9617.651
 3130.0  9617.845
 3135.0  9617.988
 3140.0  9618.076
 3145.0  9618.107
 3150.0  9616.689
 3155.0  9613.033
 3160.0  9608.034
 3165.0  9602.587
 3170.0  9597.587
 3175.0  9593.931
 3180.0  9592.513
 3185.0  9594.089
 3190.0  9598.152
 3195.0  9603.708
 3200.0  9609.761
 3205.0  9615.317
 3210.0  9619.380
 3215.0  9620.955
 3220.0  9619.831
 3225.0  9616.932
 3230.0  9612.968
 3235.0  9608.649
 3240.0  9604.685
 3245.0  9601.786
 3250.0  9600.662
 3255.0  9601.005
 3260.0  9601.890
 3265.0  9603.100
 3270.0  9604.418
 3275.0  9605.627
 3280.0  9606.512
 3285.0  9606.855
 3290.0  9606.656
 3295.0  9606.079
 3300.0  9605.160
 3305.0  9603.930
 3310.0  9602.422
 3315.0  9600.671
 3320.0  9598.710
 3325.0  9594.886
 3330.0  9588.063
 3335.0  9579.040
 3340.0  9568.618
 3345.0  9557.598
 3350.0  9546.782
 3355.0  9536.970
 3360.0  9527.709
 3365.0  9518.137
 3370.0  9508.436
 3375.0  9498.790
 3380.0  9489.384
 3385.0  9480.400
 3390.0  9472.022
 3395.0  9464.136
 3400.0  9456.512
 3405.0  9449.160
 3410.0  9442.089
 3415.0  9435.307
 3420.0  9428.826
 3425.0  9422.653
 3430.0  9416.939
 3435.0  9411.700
 3440.0  9406.744
 3445.0  9401.882
 3450.0  9396.923
 3455.0  9391.675
 3460.0  9385.949
 3465.0  9379.752
 3470.0  9373.228
 3475.0  9366.395
 3480.0  9359.270
 3485.0  9351.870
 3490.0  9344.211
 3495.0  9336.311
 3500.0  9328.186
 3505.0  8999.095
 3510.0  8985.705
 3515.0  8972.309
 3520.0  8958.908
 3525.0  8945.501
 3530.0  8932.088
 3535.0  8918.791
 3540.0  8905.649
 3545.0  8892.541
 3550.0  8879.347
 3555.0  8865.948
 3560.0  8852.221
 3565.0  8838.047
 3570.0  8823.441
 3575.0  8808.499
 3580.0  8793.224
 3585.0  8777.617
 3590.0  8761.681
 3595.0  8745.419
 3600.0  8728.832
 3605.0  8711.884
 3610.0  8694.541
 3615.0  8676.815
 3620.0  8658.718
 3625.0  8640.259
 3630.0  8621.452
 3635.0  8602.305
