 2865.0  7112.479
 2870.0  7125.194
 2875.0  7137.284
 2880.0  7148.378
 2885.0  7158.104
 2890.0  7166.090
 2895.0  7171.963
 2900.0  7175.352
 2905.0  7177.182
 2910.0  7178.672
 2915.0  7179.888
 2920.0  7180.896
 2925.0  7181.761
 2930.0  7182.551
 2935.0  7183.330
 2940.0  7184.153
 2945.0  7184.993
 2950.0  7185.798
 2955.0  7186.516
 2960.0  7187.093
 2965.0  7187.478
 2970.0  7187.618
 2975.0  7186.815
 2980.0  7184.743
 2985.0  7181.911
 2990.0  7178.825
 2995.0  7175.992
 3000.0  7173.921
 3005.0  7173.118
 3010.0  7173.674
 3015.0  7175.246
 3020.0  7177.692
 3025.0  7180.869
 3030.0  7184.634
 3035.0  7188.844
 3040.0  7193.357
 3045.0  7201.188
 3050.0  7213.953
 3055.0  7229.416
 3060.0  7245.339
 3065.0  7259.483
 3070.0  7269.611
 3075.0  7273.484
 3080.0  7272.760
 3085.0  7270.891
 3090.0  7268.336
 3095.0  7265.553
 3100.0  7262.998
 3105.0  7261.130
 3110.0  7260.405
 3115.0  7261.492
 3120.0  7264.303
 3125.0  7268.170
 3130.0  7272.420
 3135.0  7276.382
 3140.0  7279.385
 3145.0  7280.760
 3150.0  7281.075
 3155.0  7281.350
 3160.0  7281.579
 3165.0  7281.763
 3170.0  7281.897
 3175.0  7281.979
 3180.0  7282.007
 3185.0  7281.346
 3190.0  7279.582
 3195.0  7277.046
 3200.0  7274.067
 3205.0  7270.974
 3210.0  7268.097
 3215.0  7265.765
 3220.0  7263.873
 3225.0  7262.082
 3230.0  7260.374
 3235.0  7258.731
 3240.0  7257.133
 3245.0  7255.563
 3250.0  7254.000
 3255.0  7252.485
 3260.0  7251.045
 3265.0  7249.645
 3270.0  7248.251
 3275.0  7246.828
 3280.0  7245.342
 3285.0  7243.758
 3290.0  7242.130
 3295.0  7240.502
 3300.0  7238.825
 3305.0  7237.047
 3310.0  7235.120
 3315.0  7232.992
 3320.0  7230.614
 3325.0  7227.816
 3330.0  7224.524
 3335.0  7220.827
 3340.0  7216.817
 3345.0  7212.584
 3350.0  7208.218
 3355.0  7203.811
 3360.0  7199.173
 3365.0  7194.141
 3370.0  7188.847
 3375.0  7183.420
 3380.0  7177.992
 3385.0  7172.692
 3390.0  7167.651
 3395.0  7163.021
 3400.0  7158.735
 3405.0  7154.593
 3410.0  7150.391
 3415.0  7145.931
 3420.0  7141.011
 3425.0  7135.430
 3430.0  7128.593
 3435.0  7120.368
 3440.0  7111.251
 3445.0  7101.735
 3450.0  7092.317
 3455.0  7083.489
 3460.0  7075.748
 3465.0  7068.838
 3470.0  7062.191
 3475.0  7055.834
 3480.0  7049.795
 3485.0  7044.101
 3490.0  7038.778
 3495.0  7033.855
 3500.0  7029.359
 3505.0  6762.715
 3510.0  6754.204
 3515.0  6745.368
 3520.0  6736.224
 3525.0  6726.789
 3530.0  6717.080
 3535.0  6706.893
 3540.0  6696.117
 3545.0  6684.912
 3550.0  6673.437
 3555.0  6661.852
 3560.0  6650.318
 3565.0  6638.992
 3570.0  6627.809
 3575.0  6616.606
 3580.0  6605.394
 3585.0  6594.188
 3590.0  6583.000
 3595.0  6571.844
 3600.0  6560.733
 3605.0  6549.662
 3610.0  6538.618
 3615.0  6527.600
 3620.0  6516.609
 3625.0  6505.645
 3630.0  6494.709
 3635.0  6483.799
