 2865.0  9377.702
 2870.0  9421.547
 2875.0  9463.156
 2880.0  9501.974
 2885.0  9537.446
 2890.0  9569.017
 2895.0  9596.134
 2900.0  9618.240
 2905.0  9637.752
 2910.0  9656.830
 2915.0  9674.539
 2920.0  9689.943
 2925.0  9702.104
 2930.0  9710.088
 2935.0  9712.957
 2940.0  9707.506
 2945.0  9693.450
 2950.0  9674.231
 2955.0  9653.290
 2960.0  9634.071
 2965.0  9620.015
 2970.0  9614.564
 2975.0  9615.916
 2980.0  9619.617
 2985.0  9625.141
 2990.0  9631.959
 2995.0  9639.543
 3000.0  9647.365
 3005.0  9654.898
 3010.0  9663.931
 3015.0  9675.626
 3020.0  9688.506
 3025.0  9701.094
 3030.0  9711.913
 3035.0  9719.487
 3040.0  9722.340
 3045.0  9721.233
 3050.0  9718.347
 3055.0  9714.336
 3060.0  9709.853
 3065.0  9705.552
 3070.0  9702.088
 3075.0  9700.112
 3080.0  9699.134
 3085.0  9698.242
 3090.0  9697.459
 3095.0  9696.810
 3100.0  9696.316
 3105.0  9696.003
 3110.0  9695.893
 3115.0  9696.180
 3120.0  9696.918
 3125.0  9697.928
 3130.0  9699.029
 3135.0  9700.038
 3140.0  9700.777
 3145.0  9701.063
 3150.0  9700.439
 3155.0  9698.829
 3160.0  9696.628
 3165.0  9694.230
 3170.0  9692.029
 3175.0  9690.419
 3180.0  9689.795
 3185.0  9691.640
 3190.0  9696.398
 3195.0  9702.905
 3200.0  9709.995
 3205.0  9716.501
 3210.0  9721.260
 3215.0  9723.105
 3220.0  9721.470
 3225.0  9717.098
 3230.0  9710.786
 3235.0  9703.332
 3240.0  9695.535
 3245.0  9688.193
 3250.0  9682.103
 3255.0  9676.722
 3260.0  9671.144
 3265.0  9665.630
 3270.0  9660.439
 3275.0  9655.833
 3280.0  9652.069
 3285.0  9649.408
 3290.0  9647.694
 3295.0  9646.461
 3300.0  9645.505
 3305.0  9644.622
 3310.0  9643.608
 3315.0  9642.260
 3320.0  9640.374
 3325.0  9636.712
 3330.0  9630.578
 3335.0  9622.588
 3340.0  9613.353
 3345.0  9603.488
 3350.0  9593.606
 3355.0  9584.320
 3360.0  9575.338
 3365.0  9566.002
 3370.0  9556.376
 3375.0  9546.523
 3380.0  9536.507
 3385.0  9526.390
 3390.0  9516.235
 3395.0  9505.622
 3400.0  9494.349
 3405.0  9482.811
 3410.0  9471.405
 3415.0  9460.525
 3420.0  9450.567
 3425.0  9441.927
 3430.0  9434.654
 3435.0  9428.306
 3440.0  9422.536
 3445.0  9417.000
 3450.0  9411.351
 3455.0  9405.246
 3460.0  9398.337
 3465.0  9390.625
 3470.0  9382.361
 3475.0  9373.579
 3480.0  9364.316
 3485.0  9354.606
 3490.0  9344.484
 3495.0  9333.984
 3500.0  9323.143
 3505.0  8934.462
 3510.0  8921.605
 3515.0  8908.584
 3520.0  8895.402
 3525.0  8882.061
 3530.0  8868.565
 3535.0  8854.810
 3540.0  8840.756
 3545.0  8826.497
 3550.0  8812.127
 3555.0  8797.741
 3560.0  8783.434
 3565.0  8769.300
 3570.0  8755.508
 3575.0  8742.031
 3580.0  8728.667
 3585.0  8715.215
 3590.0  8701.473
 3595.0  8687.241
 3600.0  8672.316
 3605.0  8656.693
 3610.0  8640.516
 3615.0  8623.806
 3620.0  8606.585
 3625.0  8588.875
 3630.0  8570.698
 3635.0  8552.075
