 2865.0  6168.843
 2870.0  6197.155
 2875.0  6224.078
 2880.0  6249.327
 2885.0  6272.618
 2890.0  6293.669
 2895.0  6312.196
 2900.0  6327.914
 2905.0  6341.721
 2910.0  6354.608
 2915.0  6366.436
 2920.0  6377.063
 2925.0  6386.351
 2930.0  6394.159
 2935.0  6400.348
 2940.0  6405.401
 2945.0  6409.915
 2950.0  6413.921
 2955.0  6417.450
 2960.0  6420.534
 2965.0  6423.204
 2970.0  6425.491
 2975.0  6427.416
 2980.0  6429.041
 2985.0  6430.458
 2990.0  6431.762
 2995.0  6433.045
 3000.0  6434.400
 3005.0  6435.922
 3010.0  6437.457
 3015.0  6438.876
 3020.0  6440.302
 3025.0  6441.864
 3030.0  6443.686
 3035.0  6445.894
 3040.0  6448.614
 3045.0  6453.533
 3050.0  6461.557
 3055.0  6471.638
 3060.0  6482.731
 3065.0  6493.787
 3070.0  6503.760
 3075.0  6511.603
 3080.0  6518.266
 3085.0  6525.104
 3090.0  6531.680
 3095.0  6537.556
 3100.0  6542.295
 3105.0  6545.459
 3110.0  6546.611
 3115.0  6546.000
 3120.0  6544.423
 3125.0  6542.268
 3130.0  6539.920
 3135.0  6537.764
 3140.0  6536.188
 3145.0  6535.577
 3150.0  6538.002
 3155.0  6544.375
 3160.0  6553.341
 3165.0  6563.543
 3170.0  6573.628
 3175.0  6582.239
 3180.0  6588.022
 3185.0  6591.904
 3190.0  6595.619
 3195.0  6599.021
 3200.0  6601.964
 3205.0  6604.302
 3210.0  6605.891
 3215.0  6606.584
 3220.0  6606.746
 3225.0  6606.852
 3230.0  6606.923
 3235.0  6606.983
 3240.0  6607.050
 3245.0  6607.149
 3250.0  6607.298
 3255.0  6607.632
 3260.0  6608.234
 3265.0  6609.053
 3270.0  6610.037
 3275.0  6611.136
 3280.0  6612.298
 3285.0  6613.472
 3290.0  6614.988
 3295.0  6617.028
 3300.0  6619.315
 3305.0  6621.573
 3310.0  6623.528
 3315.0  6624.903
 3320.0  6625.422
 3325.0  6624.911
 3330.0  6623.530
 3335.0  6621.510
 3340.0  6619.083
 3345.0  6616.481
 3350.0  6613.933
 3355.0  6611.671
 3360.0  6609.485
 3365.0  6607.096
 3370.0  6604.639
 3375.0  6602.247
 3380.0  6600.054
 3385.0  6598.193
 3390.0  6596.797
 3395.0  6595.840
 3400.0  6595.133
 3405.0  6594.565
 3410.0  6594.027
 3415.0  6593.407
 3420.0  6592.597
 3425.0  6591.484
 3430.0  6589.220
 3435.0  6585.362
 3440.0  6580.416
 3445.0  6574.886
 3450.0  6569.277
 3455.0  6564.095
 3460.0  6559.845
 3465.0  6556.295
 3470.0  6552.894
 3475.0  6549.658
 3480.0  6546.606
 3485.0  6543.758
 3490.0  6541.130
 3495.0  6538.742
 3500.0  6536.612
 3505.0  6413.073
 3510.0  6403.966
 3515.0  6394.975
 3520.0  6386.105
 3525.0  6377.356
 3530.0  6368.732
 3535.0  6360.325
 3540.0  6352.160
 3545.0  6344.139
 3550.0  6336.162
 3555.0  6328.131
 3560.0  6319.946
 3565.0  6311.508
 3570.0  6302.870
 3575.0  6294.132
 3580.0  6285.268
 3585.0  6276.254
 3590.0  6267.064
 3595.0  6257.674
 3600.0  6248.058
 3605.0  6238.203
 3610.0  6228.116
 3615.0  6217.804
 3620.0  6207.273
 3625.0  6196.531
 3630.0  6185.583
 3635.0  6174.436
