 2865.0  6737.591
 2870.0  6769.572
 2875.0  6799.889
 2880.0  6828.047
 2885.0  6853.552
 2890.0  6875.911
 2895.0  6894.629
 2900.0  6909.211
 2905.0  6920.813
 2910.0  6931.027
 2915.0  6940.015
 2920.0  6947.942
 2925.0  6954.972
 2930.0  6961.267
 2935.0  6966.991
 2940.0  6972.623
 2945.0  6978.309
 2950.0  6983.713
 2955.0  6988.500
 2960.0  6992.335
 2965.0  6994.882
 2970.0  6995.806
 2975.0  6994.743
 2980.0  6992.004
 2985.0  6988.258
 2990.0  6984.177
 2995.0  6980.431
 3000.0  6977.692
 3005.0  6976.630
 3010.0  6977.986
 3015.0  6981.711
 3020.0  6987.284
 3025.0  6994.187
 3030.0  7001.901
 3035.0  7009.908
 3040.0  7017.688
 3045.0  7026.337
 3050.0  7036.800
 3055.0  7048.334
 3060.0  7060.194
 3065.0  7071.638
 3070.0  7081.921
 3075.0  7090.300
 3080.0  7097.685
 3085.0  7105.185
 3090.0  7112.351
 3095.0  7118.735
 3100.0  7123.890
 3105.0  7127.367
 3110.0  7128.718
 3115.0  7128.831
 3120.0  7128.902
 3125.0  7128.948
 3130.0  7128.985
 3135.0  7129.031
 3140.0  7129.100
 3145.0  7129.211
 3150.0  7129.934
 3155.0  7131.659
 3160.0  7134.130
 3165.0  7137.091
 3170.0  7140.286
 3175.0  7143.461
 3180.0  7146.359
 3185.0  7149.087
 3190.0  7151.910
 3195.0  7154.815
 3200.0  7157.788
 3205.0  7160.815
 3210.0  7163.881
 3215.0  7166.974
 3220.0  7170.428
 3225.0  7174.370
 3230.0  7178.472
 3235.0  7182.404
 3240.0  7185.836
 3245.0  7188.440
 3250.0  7189.887
 3255.0  7190.517
 3260.0  7190.943
 3265.0  7191.248
 3270.0  7191.514
 3275.0  7191.821
 3280.0  7192.253
 3285.0  7192.889
 3290.0  7194.854
 3295.0  7198.687
 3300.0  7203.598
 3305.0  7208.794
 3310.0  7213.485
 3315.0  7216.880
 3320.0  7218.188
 3325.0  7215.952
 3330.0  7210.185
 3335.0  7202.300
 3340.0  7193.709
 3345.0  7185.825
 3350.0  7180.058
 3355.0  7177.822
 3360.0  7177.978
 3365.0  7178.382
 3370.0  7178.934
 3375.0  7179.535
 3380.0  7180.087
 3385.0  7180.491
 3390.0  7180.647
 3395.0  7180.322
 3400.0  7179.414
 3405.0  7178.026
 3410.0  7176.260
 3415.0  7174.216
 3420.0  7171.998
 3425.0  7169.707
 3430.0  7166.814
 3435.0  7162.927
 3440.0  7158.362
 3445.0  7153.429
 3450.0  7148.443
 3455.0  7143.715
 3460.0  7139.558
 3465.0  7135.844
 3470.0  7132.240
 3475.0  7128.753
 3480.0  7125.392
 3485.0  7122.162
 3490.0  7119.073
 3495.0  7116.130
 3500.0  7113.341
 3505.0  6940.793
 3510.0  6929.015
 3515.0  6917.458
 3520.0  6906.128
 3525.0  6895.033
 3530.0  6884.179
 3535.0  6873.506
 3540.0  6862.976
 3545.0  6852.634
 3550.0  6842.523
 3555.0  6832.684
 3560.0  6823.162
 3565.0  6813.999
 3570.0  6805.501
 3575.0  6797.710
 3580.0  6790.280
 3585.0  6782.862
 3590.0  6775.109
 3595.0  6766.672
 3600.0  6757.204
 3605.0  6746.557
 3610.0  6734.869
 3615.0  6722.219
 3620.0  6708.686
 3625.0  6694.349
 3630.0  6679.287
 3635.0  6663.578
