 2865.0  6508.520
 2870.0  6527.352
 2875.0  6545.289
 2880.0  6562.169
 2885.0  6577.830
 2890.0  6592.112
 2895.0  6604.852
 2900.0  6615.888
 2905.0  6625.600
 2910.0  6634.509
 2915.0  6642.667
 2920.0  6650.125
 2925.0  6656.938
 2930.0  6663.156
 2935.0  6668.831
 2940.0  6674.453
 2945.0  6680.228
 2950.0  6685.784
 2955.0  6690.752
 2960.0  6694.759
 2965.0  6697.435
 2970.0  6698.410
 2975.0  6697.656
 2980.0  6695.711
 2985.0  6693.052
 2990.0  6690.154
 2995.0  6687.495
 3000.0  6685.550
 3005.0  6684.796
 3010.0  6686.273
 3015.0  6690.303
 3020.0  6696.283
 3025.0  6703.612
 3030.0  6711.688
 3035.0  6719.908
 3040.0  6727.671
 3045.0  6735.820
 3050.0  6745.227
 3055.0  6755.336
 3060.0  6765.587
 3065.0  6775.424
 3070.0  6784.289
 3075.0  6791.623
 3080.0  6798.215
 3085.0  6804.944
 3090.0  6811.391
 3095.0  6817.136
 3100.0  6821.759
 3105.0  6824.841
 3110.0  6825.961
 3115.0  6824.907
 3120.0  6822.187
 3125.0  6818.468
 3130.0  6814.416
 3135.0  6810.698
 3140.0  6807.978
 3145.0  6806.924
 3150.0  6807.086
 3155.0  6807.550
 3160.0  6808.276
 3165.0  6809.229
 3170.0  6810.372
 3175.0  6811.667
 3180.0  6813.077
 3185.0  6815.728
 3190.0  6820.236
 3195.0  6825.803
 3200.0  6831.626
 3205.0  6836.907
 3210.0  6840.845
 3215.0  6842.640
 3220.0  6843.053
 3225.0  6843.388
 3230.0  6843.656
 3235.0  6843.871
 3240.0  6844.047
 3245.0  6844.196
 3250.0  6844.330
 3255.0  6844.441
 3260.0  6844.519
 3265.0  6844.581
 3270.0  6844.641
 3275.0  6844.715
 3280.0  6844.818
 3285.0  6844.966
 3290.0  6846.151
 3295.0  6848.924
 3300.0  6852.639
 3305.0  6856.653
 3310.0  6860.318
 3315.0  6862.990
 3320.0  6864.025
 3325.0  6863.018
 3330.0  6860.368
 3335.0  6856.631
 3340.0  6852.362
 3345.0  6848.116
 3350.0  6844.450
 3355.0  6841.919
 3360.0  6840.259
 3365.0  6838.810
 3370.0  6837.529
 3375.0  6836.375
 3380.0  6835.306
 3385.0  6834.279
 3390.0  6833.253
 3395.0  6832.335
 3400.0  6831.593
 3405.0  6830.925
 3410.0  6830.231
 3415.0  6829.410
 3420.0  6828.361
 3425.0  6826.983
 3430.0  6823.567
 3435.0  6817.223
 3440.0  6809.081
 3445.0  6800.269
 3450.0  6791.915
 3455.0  6785.148
 3460.0  6781.096
 3465.0  6778.847
 3470.0  6776.777
 3475.0  6774.947
 3480.0  6773.417
 3485.0  6772.249
 3490.0  6771.504
 3495.0  6771.242
 3500.0  6771.524
 3505.0  6612.615
 3510.0  6603.035
 3515.0  6593.162
 3520.0  6583.008
 3525.0  6572.585
 3530.0  6561.906
 3535.0  6550.608
 3540.0  6538.540
 3545.0  6526.030
 3550.0  6513.409
 3555.0  6501.005
 3560.0  6489.147
 3565.0  6478.165
 3570.0  6468.070
 3575.0  6458.542
 3580.0  6449.409
 3585.0  6440.500
 3590.0  6431.642
 3595.0  6422.665
 3600.0  6413.397
 3605.0  6403.893
 3610.0  6394.323
 3615.0  6384.688
 3620.0  6374.987
 3625.0  6365.223
 3630.0  6355.395
 3635.0  6345.504
