 2865.0  4817.721
 2870.0  4826.217
 2875.0  4834.398
 2880.0  4842.230
 2885.0  4849.683
 2890.0  4856.726
 2895.0  4863.326
 2900.0  4869.453
 2905.0  4874.987
 2910.0  4879.965
 2915.0  4884.590
 2920.0  4889.065
 2925.0  4893.594
 2930.0  4898.380
 2935.0  4903.626
 2940.0  4909.501
 2945.0  4915.898
 2950.0  4922.612
 2955.0  4929.438
 2960.0  4936.170
 2965.0  4942.601
 2970.0  4948.527
 2975.0  4954.526
 2980.0  4960.993
 2985.0  4967.442
 2990.0  4973.388
 2995.0  4978.346
 3000.0  4981.831
 3005.0  4983.359
 3010.0  4983.674
 3015.0  4983.875
 3020.0  4984.008
 3025.0  4984.118
 3030.0  4984.251
 3035.0  4984.453
 3040.0  4984.768
 3045.0  4986.357
 3050.0  4990.015
 3055.0  4995.240
 3060.0  5001.534
 3065.0  5008.395
 3070.0  5015.323
 3075.0  5021.817
 3080.0  5029.094
 3085.0  5038.031
 3090.0  5047.623
 3095.0  5056.864
 3100.0  5064.747
 3105.0  5070.266
 3110.0  5072.415
 3115.0  5072.519
 3120.0  5072.584
 3125.0  5072.626
 3130.0  5072.659
 3135.0  5072.701
 3140.0  5072.766
 3145.0  5072.870
 3150.0  5074.932
 3155.0  5080.111
 3160.0  5087.275
 3165.0  5095.295
 3170.0  5103.043
 3175.0  5109.388
 3180.0  5113.201
 3185.0  5115.315
 3190.0  5117.272
 3195.0  5119.012
 3200.0  5120.473
 3205.0  5121.593
 3210.0  5122.310
 3215.0  5122.563
 3220.0  5121.341
 3225.0  5118.192
 3230.0  5113.886
 3235.0  5109.194
 3240.0  5104.888
 3245.0  5101.739
 3250.0  5100.517
 3255.0  5102.989
 3260.0  5109.364
 3265.0  5118.080
 3270.0  5127.577
 3275.0  5136.294
 3280.0  5142.668
 3285.0  5145.140
 3290.0  5143.949
 3295.0  5140.876
 3300.0  5136.674
 3305.0  5132.096
 3310.0  5127.895
 3315.0  5124.822
 3320.0  5123.630
 3325.0  5124.556
 3330.0  5126.942
 3335.0  5130.205
 3340.0  5133.760
 3345.0  5137.023
 3350.0  5139.410
 3355.0  5140.335
 3360.0  5139.808
 3365.0  5138.448
 3370.0  5136.590
 3375.0  5134.564
 3380.0  5132.705
 3385.0  5131.346
 3390.0  5130.819
 3395.0  5131.734
 3400.0  5134.095
 3405.0  5137.324
 3410.0  5140.841
 3415.0  5144.069
 3420.0  5146.430
 3425.0  5147.346
 3430.0  5146.563
 3435.0  5144.476
 3440.0  5141.480
 3445.0  5137.966
 3450.0  5134.330
 3455.0  5130.963
 3460.0  5128.259
 3465.0  5126.058
 3470.0  5123.942
 3475.0  5121.919
 3480.0  5120.000
 3485.0  5118.192
 3490.0  5116.505
 3495.0  5114.948
 3500.0  5113.530
 3505.0  5010.273
 3510.0  5006.799
 3515.0  5003.661
 3520.0  5000.925
 3525.0  4998.657
 3530.0  4996.921
 3535.0  4995.684
 3540.0  4994.774
 3545.0  4994.051
 3550.0  4993.377
 3555.0  4992.612
 3560.0  4991.615
 3565.0  4990.248
 3570.0  4987.908
 3575.0  4984.262
 3580.0  4979.570
 3585.0  4974.096
 3590.0  4968.100
 3595.0  4961.846
 3600.0  4955.595
 3605.0  4949.100
 3610.0  4941.970
 3615.0  4934.253
 3620.0  4925.998
 3625.0  4917.253
 3630.0  4908.065
 3635.0  4898.483
