 2865.0  6505.302
 2870.0  6525.138
 2875.0  6544.102
 2880.0  6562.069
 2885.0  6578.913
 2890.0  6594.509
 2895.0  6608.732
 2900.0  6621.458
 2905.0  6632.748
 2910.0  6642.928
 2915.0  6652.270
 2920.0  6661.045
 2925.0  6669.526
 2930.0  6677.984
 2935.0  6686.690
 2940.0  6696.563
 2945.0  6707.668
 2950.0  6719.003
 2955.0  6729.566
 2960.0  6738.352
 2965.0  6744.359
 2970.0  6746.585
 2975.0  6744.290
 2980.0  6738.373
 2985.0  6730.282
 2990.0  6721.467
 2995.0  6713.376
 3000.0  6707.459
 3005.0  6705.165
 3010.0  6707.413
 3015.0  6713.411
 3020.0  6722.040
 3025.0  6732.179
 3030.0  6742.710
 3035.0  6752.513
 3040.0  6760.469
 3045.0  6766.811
 3050.0  6772.647
 3055.0  6778.162
 3060.0  6783.543
 3065.0  6788.976
 3070.0  6794.648
 3075.0  6800.746
 3080.0  6808.196
 3085.0  6817.157
 3090.0  6826.659
 3095.0  6835.736
 3100.0  6843.418
 3105.0  6848.737
 3110.0  6850.726
 3115.0  6849.357
 3120.0  6845.829
 3125.0  6841.004
 3130.0  6835.747
 3135.0  6830.922
 3140.0  6827.394
 3145.0  6826.025
 3150.0  6826.132
 3155.0  6826.443
 3160.0  6826.947
 3165.0  6827.633
 3170.0  6828.490
 3175.0  6829.505
 3180.0  6830.667
 3185.0  6834.945
 3190.0  6843.993
 3195.0  6855.834
 3200.0  6868.488
 3205.0  6879.976
 3210.0  6888.320
 3215.0  6891.541
 3220.0  6890.662
 3225.0  6888.392
 3230.0  6885.290
 3235.0  6881.909
 3240.0  6878.806
 3245.0  6876.537
 3250.0  6875.657
 3255.0  6875.733
 3260.0  6875.943
 3265.0  6876.267
 3270.0  6876.680
 3275.0  6877.160
 3280.0  6877.683
 3285.0  6878.227
 3290.0  6879.042
 3295.0  6880.267
 3300.0  6881.705
 3305.0  6883.163
 3310.0  6884.446
 3315.0  6885.358
 3320.0  6885.706
 3325.0  6885.252
 3330.0  6884.044
 3335.0  6882.310
 3340.0  6880.280
 3345.0  6878.182
 3350.0  6876.245
 3355.0  6874.699
 3360.0  6873.527
 3365.0  6872.512
 3370.0  6871.580
 3375.0  6870.657
 3380.0  6869.667
 3385.0  6868.537
 3390.0  6867.192
 3395.0  6865.519
 3400.0  6863.498
 3405.0  6861.199
 3410.0  6858.691
 3415.0  6856.040
 3420.0  6853.316
 3425.0  6850.588
 3430.0  6847.856
 3435.0  6845.050
 3440.0  6842.130
 3445.0  6839.055
 3450.0  6835.786
 3455.0  6832.281
 3460.0  6828.503
 3465.0  6824.359
 3470.0  6819.809
 3475.0  6814.884
 3480.0  6809.613
 3485.0  6804.028
 3490.0  6798.161
 3495.0  6792.041
 3500.0  6785.700
 3505.0  6647.513
 3510.0  6634.812
 3515.0  6622.570
 3520.0  6610.815
 3525.0  6599.574
 3530.0  6588.875
 3535.0  6578.859
 3540.0  6569.507
 3545.0  6560.604
 3550.0  6551.934
 3555.0  6543.284
 3560.0  6534.438
 3565.0  6525.182
 3570.0  6515.452
 3575.0  6505.414
 3580.0  6495.196
 3585.0  6484.928
 3590.0  6474.739
 3595.0  6464.758
 3600.0  6455.113
 3605.0  6445.750
 3610.0  6436.528
 3615.0  6427.452
 3620.0  6418.526
 3625.0  6409.752
 3630.0  6401.136
 3635.0  6392.681
