 2865.0  7152.452
 2870.0  7163.195
 2875.0  7173.376
 2880.0  7182.779
 2885.0  7191.187
 2890.0  7198.382
 2895.0  7204.149
 2900.0  7208.268
 2905.0  7211.420
 2910.0  7214.361
 2915.0  7216.992
 2920.0  7219.212
 2925.0  7220.922
 2930.0  7222.021
 2935.0  7222.410
 2940.0  7221.927
 2945.0  7220.639
 2950.0  7218.785
 2955.0  7216.605
 2960.0  7214.340
 2965.0  7212.228
 2970.0  7210.510
 2975.0  7208.966
 2980.0  7207.304
 2985.0  7205.652
 2990.0  7204.142
 2995.0  7202.902
 3000.0  7202.064
 3005.0  7201.755
 3010.0  7202.778
 3015.0  7205.583
 3020.0  7209.779
 3025.0  7214.972
 3030.0  7220.768
 3035.0  7226.774
 3040.0  7232.598
 3045.0  7239.694
 3050.0  7248.980
 3055.0  7259.261
 3060.0  7269.340
 3065.0  7278.021
 3070.0  7284.107
 3075.0  7286.401
 3080.0  7286.118
 3085.0  7285.389
 3090.0  7284.391
 3095.0  7283.304
 3100.0  7282.307
 3105.0  7281.577
 3110.0  7281.294
 3115.0  7282.203
 3120.0  7284.548
 3125.0  7287.753
 3130.0  7291.245
 3135.0  7294.451
 3140.0  7296.795
 3145.0  7297.704
 3150.0  7297.547
 3155.0  7297.142
 3160.0  7296.589
 3165.0  7295.986
 3170.0  7295.433
 3175.0  7295.028
 3180.0  7294.871
 3185.0  7295.009
 3190.0  7295.363
 3195.0  7295.849
 3200.0  7296.377
 3205.0  7296.862
 3210.0  7297.217
 3215.0  7297.354
 3220.0  7296.913
 3225.0  7295.697
 3230.0  7293.870
 3235.0  7291.592
 3240.0  7289.027
 3245.0  7286.336
 3250.0  7283.681
 3255.0  7280.665
 3260.0  7276.955
 3265.0  7272.808
 3270.0  7268.483
 3275.0  7264.239
 3280.0  7260.334
 3285.0  7257.026
 3290.0  7254.316
 3295.0  7251.943
 3300.0  7249.773
 3305.0  7247.670
 3310.0  7245.500
 3315.0  7243.130
 3320.0  7240.424
 3325.0  7237.345
 3330.0  7233.967
 3335.0  7230.328
 3340.0  7226.463
 3345.0  7222.408
 3350.0  7218.201
 3355.0  7213.877
 3360.0  7209.223
 3365.0  7204.116
 3370.0  7198.728
 3375.0  7193.229
 3380.0  7187.792
 3385.0  7182.587
 3390.0  7177.787
 3395.0  7173.539
 3400.0  7169.728
 3405.0  7166.130
 3410.0  7162.520
 3415.0  7158.676
 3420.0  7154.372
 3425.0  7149.384
 3430.0  7143.132
 3435.0  7135.494
 3440.0  7126.934
 3445.0  7117.917
 3450.0  7108.906
 3455.0  7100.364
 3460.0  7092.757
 3465.0  7085.875
 3470.0  7079.211
 3475.0  7072.781
 3480.0  7066.601
 3485.0  7060.689
 3490.0  7055.059
 3495.0  7049.728
 3500.0  7044.713
 3505.0  6782.780
 3510.0  6774.005
 3515.0  6764.790
 3520.0  6755.166
 3525.0  6745.161
 3530.0  6734.805
 3535.0  6723.700
 3540.0  6711.640
 3545.0  6698.946
 3550.0  6685.938
 3555.0  6672.938
 3560.0  6660.266
 3565.0  6648.242
 3570.0  6636.814
 3575.0  6625.674
 3580.0  6614.752
 3585.0  6603.978
 3590.0  6593.284
 3595.0  6582.601
 3600.0  6571.860
 3605.0  6561.084
 3610.0  6550.341
 3615.0  6539.630
 3620.0  6528.953
 3625.0  6518.310
 3630.0  6507.700
 3635.0  6497.124
