 2865.0  6207.193
 2870.0  6232.353
 2875.0  6256.324
 2880.0  6278.895
 2885.0  6299.855
 2890.0  6318.994
 2895.0  6336.102
 2900.0  6350.967
 2905.0  6363.813
 2910.0  6375.231
 2915.0  6385.557
 2920.0  6395.129
 2925.0  6404.286
 2930.0  6413.365
 2935.0  6422.703
 2940.0  6433.230
 2945.0  6444.962
 2950.0  6456.870
 2955.0  6467.925
 2960.0  6477.096
 2965.0  6483.353
 2970.0  6485.668
 2975.0  6483.769
 2980.0  6478.871
 2985.0  6472.174
 2990.0  6464.877
 2995.0  6458.180
 3000.0  6453.283
 3005.0  6451.383
 3010.0  6452.475
 3015.0  6455.468
 3020.0  6459.937
 3025.0  6465.456
 3030.0  6471.600
 3035.0  6477.944
 3040.0  6484.064
 3045.0  6490.357
 3050.0  6497.413
 3055.0  6505.092
 3060.0  6513.257
 3065.0  6521.768
 3070.0  6530.487
 3075.0  6539.274
 3080.0  6549.556
 3085.0  6561.953
 3090.0  6575.116
 3095.0  6587.700
 3100.0  6598.357
 3105.0  6605.739
 3110.0  6608.499
 3115.0  6605.772
 3120.0  6598.738
 3125.0  6589.121
 3130.0  6578.643
 3135.0  6569.026
 3140.0  6561.992
 3145.0  6559.265
 3150.0  6561.755
 3155.0  6568.378
 3160.0  6577.862
 3165.0  6588.934
 3170.0  6600.325
 3175.0  6610.760
 3180.0  6618.970
 3185.0  6625.998
 3190.0  6633.385
 3195.0  6640.606
 3200.0  6647.136
 3205.0  6652.450
 3210.0  6656.024
 3215.0  6657.332
 3220.0  6657.080
 3225.0  6656.432
 3230.0  6655.545
 3235.0  6654.579
 3240.0  6653.692
 3245.0  6653.043
 3250.0  6652.792
 3255.0  6652.801
 3260.0  6652.829
 3265.0  6652.876
 3270.0  6652.941
 3275.0  6653.024
 3280.0  6653.124
 3285.0  6653.243
 3290.0  6655.411
 3295.0  6660.797
 3300.0  6668.107
 3305.0  6676.046
 3310.0  6683.320
 3315.0  6688.633
 3320.0  6690.692
 3325.0  6689.386
 3330.0  6685.940
 3335.0  6681.064
 3340.0  6675.468
 3345.0  6669.861
 3350.0  6664.953
 3355.0  6661.454
 3360.0  6658.861
 3365.0  6656.286
 3370.0  6653.871
 3375.0  6651.751
 3380.0  6650.066
 3385.0  6648.953
 3390.0  6648.552
 3395.0  6648.727
 3400.0  6649.179
 3405.0  6649.797
 3410.0  6650.471
 3415.0  6651.089
 3420.0  6651.541
 3425.0  6651.716
 3430.0  6651.473
 3435.0  6650.790
 3440.0  6649.741
 3445.0  6648.397
 3450.0  6646.829
 3455.0  6645.111
 3460.0  6643.313
 3465.0  6641.151
 3470.0  6638.344
 3475.0  6634.970
 3480.0  6631.108
 3485.0  6626.836
 3490.0  6622.232
 3495.0  6617.374
 3500.0  6612.342
 3505.0  6511.271
 3510.0  6504.688
 3515.0  6497.709
 3520.0  6490.367
 3525.0  6482.692
 3530.0  6474.715
 3535.0  6465.639
 3540.0  6455.124
 3545.0  6443.883
 3550.0  6432.630
 3555.0  6422.080
 3560.0  6412.945
 3565.0  6405.941
 3570.0  6400.898
 3575.0  6396.893
 3580.0  6393.508
 3585.0  6390.327
 3590.0  6386.932
 3595.0  6382.905
 3600.0  6377.830
 3605.0  6371.316
 3610.0  6363.358
 3615.0  6354.115
 3620.0  6343.746
 3625.0  6332.408
 3630.0  6320.261
 3635.0  6307.463
