 2865.0  7783.043
 2870.0  7809.063
 2875.0  7833.748
 2880.0  7856.472
 2885.0  7876.608
 2890.0  7893.530
 2895.0  7906.614
 2900.0  7915.233
 2905.0  7920.785
 2910.0  7925.266
 2915.0  7928.946
 2920.0  7932.097
 2925.0  7934.990
 2930.0  7937.895
 2935.0  7941.085
 2940.0  7944.835
 2945.0  7949.000
 2950.0  7953.219
 2955.0  7957.130
 2960.0  7960.372
 2965.0  7962.582
 2970.0  7963.399
 2975.0  7960.488
 2980.0  7952.981
 2985.0  7942.716
 2990.0  7931.532
 2995.0  7921.267
 3000.0  7913.759
 3005.0  7910.849
 3010.0  7911.762
 3015.0  7914.219
 3020.0  7917.791
 3025.0  7922.050
 3030.0  7926.568
 3035.0  7930.918
 3040.0  7934.671
 3045.0  7938.356
 3050.0  7942.529
 3055.0  7946.806
 3060.0  7950.802
 3065.0  7954.133
 3070.0  7956.413
 3075.0  7957.259
 3080.0  7957.086
 3085.0  7956.641
 3090.0  7956.032
 3095.0  7955.368
 3100.0  7954.759
 3105.0  7954.313
 3110.0  7954.141
 3115.0  7954.442
 3120.0  7955.221
 3125.0  7956.285
 3130.0  7957.445
 3135.0  7958.510
 3140.0  7959.288
 3145.0  7959.590
 3150.0  7958.878
 3155.0  7957.027
 3160.0  7954.465
 3165.0  7951.618
 3170.0  7948.915
 3175.0  7946.781
 3180.0  7945.646
 3185.0  7945.238
 3190.0  7944.965
 3195.0  7944.771
 3200.0  7944.601
 3205.0  7944.398
 3210.0  7944.107
 3215.0  7943.671
 3220.0  7941.996
 3225.0  7938.466
 3230.0  7933.749
 3235.0  7928.511
 3240.0  7923.419
 3245.0  7919.140
 3250.0  7916.341
 3255.0  7914.763
 3260.0  7913.591
 3265.0  7912.656
 3270.0  7911.792
 3275.0  7910.828
 3280.0  7909.597
 3285.0  7907.931
 3290.0  7905.141
 3295.0  7900.923
 3300.0  7895.684
 3305.0  7889.831
 3310.0  7883.770
 3315.0  7877.908
 3320.0  7872.652
 3325.0  7867.904
 3330.0  7863.271
 3335.0  7858.710
 3340.0  7854.179
 3345.0  7849.636
 3350.0  7845.039
 3355.0  7840.346
 3360.0  7835.680
 3365.0  7831.119
 3370.0  7826.552
 3375.0  7821.870
 3380.0  7816.960
 3385.0  7811.712
 3390.0  7806.017
 3395.0  7799.560
 3400.0  7792.280
 3405.0  7784.445
 3410.0  7776.325
 3415.0  7768.187
 3420.0  7760.301
 3425.0  7752.934
 3430.0  7746.141
 3435.0  7739.693
 3440.0  7733.435
 3445.0  7727.214
 3450.0  7720.876
 3455.0  7714.265
 3460.0  7707.229
 3465.0  7699.777
 3470.0  7692.028
 3475.0  7683.996
 3480.0  7675.692
 3485.0  7667.131
 3490.0  7658.324
 3495.0  7649.284
 3500.0  7640.024
 3505.0  7310.627
 3510.0  7301.307
 3515.0  7291.574
 3520.0  7281.450
 3525.0  7270.962
 3530.0  7260.135
 3535.0  7248.631
 3540.0  7236.277
 3545.0  7223.343
 3550.0  7210.101
 3555.0  7196.821
 3560.0  7183.774
 3565.0  7171.229
 3570.0  7159.246
 3575.0  7147.602
 3580.0  7136.141
 3585.0  7124.709
 3590.0  7113.149
 3595.0  7101.307
 3600.0  7089.028
 3605.0  7076.340
 3610.0  7063.378
 3615.0  7050.149
 3620.0  7036.660
 3625.0  7022.920
 3630.0  7008.934
 3635.0  6994.711
