 2865.0  7664.574
 2870.0  7702.340
 2875.0  7738.414
 2880.0  7771.430
 2885.0  7800.020
 2890.0  7822.820
 2895.0  7838.462
 2900.0  7845.581
 2905.0  7847.566
 2910.0  7848.886
 2915.0  7849.796
 2920.0  7850.548
 2925.0  7851.397
 2930.0  7852.595
 2935.0  7854.396
 2940.0  7859.229
 2945.0  7868.171
 2950.0  7879.455
 2955.0  7891.310
 2960.0  7901.969
 2965.0  7909.661
 2970.0  7912.618
 2975.0  7909.394
 2980.0  7901.080
 2985.0  7889.712
 2990.0  7877.325
 2995.0  7865.957
 3000.0  7857.643
 3005.0  7854.419
 3010.0  7856.022
 3015.0  7860.229
 3020.0  7866.136
 3025.0  7872.841
 3030.0  7879.438
 3035.0  7885.026
 3040.0  7888.700
 3045.0  7891.097
 3050.0  7893.392
 3055.0  7895.486
 3060.0  7897.284
 3065.0  7898.687
 3070.0  7899.601
 3075.0  7899.927
 3080.0  7898.798
 3085.0  7895.888
 3090.0  7891.909
 3095.0  7887.573
 3100.0  7883.593
 3105.0  7880.683
 3110.0  7879.555
 3115.0  7882.627
 3120.0  7890.551
 3125.0  7901.386
 3130.0  7913.191
 3135.0  7924.025
 3140.0  7931.949
 3145.0  7935.022
 3150.0  7933.158
 3155.0  7928.352
 3160.0  7921.780
 3165.0  7914.620
 3170.0  7908.048
 3175.0  7903.242
 3180.0  7901.378
 3185.0  7902.593
 3190.0  7905.728
 3195.0  7910.015
 3200.0  7914.685
 3205.0  7918.971
 3210.0  7922.106
 3215.0  7923.322
 3220.0  7921.930
 3225.0  7918.243
 3230.0  7912.990
 3235.0  7906.901
 3240.0  7900.706
 3245.0  7895.135
 3250.0  7890.916
 3255.0  7887.839
 3260.0  7885.125
 3265.0  7882.660
 3270.0  7880.328
 3275.0  7878.016
 3280.0  7875.607
 3285.0  7872.986
 3290.0  7870.259
 3295.0  7867.558
 3300.0  7864.813
 3305.0  7861.952
 3310.0  7858.906
 3315.0  7855.602
 3320.0  7851.970
 3325.0  7847.258
 3330.0  7841.218
 3335.0  7834.541
 3340.0  7827.915
 3345.0  7822.030
 3350.0  7817.574
 3355.0  7815.237
 3360.0  7814.377
 3365.0  7813.814
 3370.0  7813.425
 3375.0  7813.087
 3380.0  7812.679
 3385.0  7812.077
 3390.0  7811.160
 3395.0  7805.803
 3400.0  7793.628
 3405.0  7777.136
 3410.0  7758.827
 3415.0  7741.198
 3420.0  7726.751
 3425.0  7717.985
 3430.0  7713.571
 3435.0  7710.248
 3440.0  7707.615
 3445.0  7705.269
 3450.0  7702.809
 3455.0  7699.834
 3460.0  7695.941
 3465.0  7690.864
 3470.0  7684.681
 3475.0  7677.515
 3480.0  7669.485
 3485.0  7660.711
 3490.0  7651.315
 3495.0  7641.416
 3500.0  7631.136
 3505.0  7301.247
 3510.0  7289.396
 3515.0  7277.654
 3520.0  7266.021
 3525.0  7254.499
 3530.0  7243.090
 3535.0  7231.795
 3540.0  7220.612
 3545.0  7209.533
 3550.0  7198.555
 3555.0  7187.670
 3560.0  7176.874
 3565.0  7166.160
 3570.0  7155.737
 3575.0  7145.676
 3580.0  7135.771
 3585.0  7125.811
 3590.0  7115.589
 3595.0  7104.897
 3600.0  7093.526
 3605.0  7081.456
 3610.0  7068.824
 3615.0  7055.656
 3620.0  7041.980
 3625.0  7027.822
 3630.0  7013.209
 3635.0  6998.169
