 2865.0  4759.646
 2870.0  4766.266
 2875.0  4772.706
 2880.0  4778.955
 2885.0  4785.002
 2890.0  4790.838
 2895.0  4796.452
 2900.0  4801.833
 2905.0  4806.777
 2910.0  4811.242
 2915.0  4815.460
 2920.0  4819.663
 2925.0  4824.083
 2930.0  4828.953
 2935.0  4834.505
 2940.0  4841.969
 2945.0  4851.647
 2950.0  4862.372
 2955.0  4872.981
 2960.0  4882.309
 2965.0  4889.189
 2970.0  4892.459
 2975.0  4893.348
 2980.0  4893.941
 2985.0  4894.352
 2990.0  4894.697
 2995.0  4895.091
 3000.0  4895.648
 3005.0  4896.484
 3010.0  4898.689
 3015.0  4902.793
 3020.0  4908.070
 3025.0  4913.793
 3030.0  4919.238
 3035.0  4923.678
 3040.0  4926.388
 3045.0  4927.725
 3050.0  4928.650
 3055.0  4929.340
 3060.0  4929.971
 3065.0  4930.722
 3070.0  4931.770
 3075.0  4933.290
 3080.0  4939.085
 3085.0  4951.107
 3090.0  4966.761
 3095.0  4983.452
 3100.0  4998.587
 3105.0  5009.571
 3110.0  5013.809
 3115.0  5011.964
 3120.0  5007.208
 3125.0  5000.704
 3130.0  4993.618
 3135.0  4987.114
 3140.0  4982.358
 3145.0  4980.514
 3150.0  4983.089
 3155.0  4989.866
 3160.0  4999.426
 3165.0  5010.345
 3170.0  5021.203
 3175.0  5030.580
 3180.0  5037.053
 3185.0  5041.621
 3190.0  5046.085
 3195.0  5050.227
 3200.0  5053.828
 3205.0  5056.671
 3210.0  5058.536
 3215.0  5059.207
 3220.0  5057.659
 3225.0  5053.667
 3230.0  5048.209
 3235.0  5042.262
 3240.0  5036.804
 3245.0  5032.812
 3250.0  5031.265
 3255.0  5033.310
 3260.0  5038.585
 3265.0  5045.799
 3270.0  5053.658
 3275.0  5060.871
 3280.0  5066.146
 3285.0  5068.192
 3290.0  5066.765
 3295.0  5063.086
 3300.0  5058.055
 3305.0  5052.574
 3310.0  5047.544
 3315.0  5043.864
 3320.0  5042.438
 3325.0  5043.869
 3330.0  5047.559
 3335.0  5052.604
 3340.0  5058.102
 3345.0  5063.147
 3350.0  5066.837
 3355.0  5068.268
 3360.0  5067.615
 3365.0  5065.930
 3370.0  5063.627
 3375.0  5061.117
 3380.0  5058.814
 3385.0  5057.129
 3390.0  5056.476
 3395.0  5057.081
 3400.0  5058.641
 3405.0  5060.774
 3410.0  5063.098
 3415.0  5065.231
 3420.0  5066.791
 3425.0  5067.396
 3430.0  5066.085
 3435.0  5062.665
 3440.0  5057.910
 3445.0  5052.590
 3450.0  5047.476
 3455.0  5043.341
 3460.0  5040.955
 3465.0  5039.742
 3470.0  5038.633
 3475.0  5037.656
 3480.0  5036.843
 3485.0  5036.225
 3490.0  5035.832
 3495.0  5035.694
 3500.0  5035.842
 3505.0  4941.532
 3510.0  4935.348
 3515.0  4929.697
 3520.0  4924.665
 3525.0  4920.339
 3530.0  4916.809
 3535.0  4914.053
 3540.0  4911.848
 3545.0  4909.982
 3550.0  4908.242
 3555.0  4906.416
 3560.0  4904.290
 3565.0  4901.652
 3570.0  4898.286
 3575.0  4894.218
 3580.0  4889.604
 3585.0  4884.596
 3590.0  4879.348
 3595.0  4874.013
 3600.0  4868.745
 3605.0  4863.471
 3610.0  4858.019
 3615.0  4852.395
 3620.0  4846.607
 3625.0  4840.661
 3630.0  4834.563
 3635.0  4828.321
