 2865.0  1705.533
 2870.0  1740.443
 2875.0  1774.483
 2880.0  1807.607
 2885.0  1839.769
 2890.0  1870.925
 2895.0  1901.030
 2900.0  1930.037
 2905.0  1958.250
 2910.0  1985.877
 2915.0  2012.738
 2920.0  2038.653
 2925.0  2063.442
 2930.0  2086.923
 2935.0  2108.916
 2940.0  2130.053
 2945.0  2150.826
 2950.0  2170.846
 2955.0  2189.723
 2960.0  2207.068
 2965.0  2222.490
 2970.0  2235.599
 2975.0  2246.366
 2980.0  2255.433
 2985.0  2263.424
 2990.0  2270.959
 2995.0  2278.662
 3000.0  2287.155
 3005.0  2297.059
 3010.0  2309.125
 3015.0  2323.168
 3020.0  2338.405
 3025.0  2354.055
 3030.0  2369.335
 3035.0  2383.463
 3040.0  2395.658
 3045.0  2406.155
 3050.0  2415.837
 3055.0  2424.888
 3060.0  2433.495
 3065.0  2441.845
 3070.0  2450.122
 3075.0  2458.513
 3080.0  2466.766
 3085.0  2474.638
 3090.0  2482.323
 3095.0  2490.018
 3100.0  2497.918
 3105.0  2506.221
 3110.0  2515.120
 3115.0  2524.961
 3120.0  2535.723
 3125.0  2547.052
 3130.0  2558.598
 3135.0  2570.007
 3140.0  2580.927
 3145.0  2591.007
 3150.0  2600.260
 3155.0  2609.031
 3160.0  2617.464
 3165.0  2625.699
 3170.0  2633.880
 3175.0  2642.148
 3180.0  2650.645
 3185.0  2659.584
 3190.0  2668.910
 3195.0  2678.363
 3200.0  2687.685
 3205.0  2696.617
 3210.0  2704.898
 3215.0  2712.271
 3220.0  2718.910
 3225.0  2725.170
 3230.0  2731.068
 3235.0  2736.619
 3240.0  2741.839
 3245.0  2746.743
 3250.0  2751.347
 3255.0  2755.551
 3260.0  2759.344
 3265.0  2762.875
 3270.0  2766.290
 3275.0  2769.739
 3280.0  2773.369
 3285.0  2777.329
 3290.0  2782.176
 3295.0  2787.976
 3300.0  2794.143
 3305.0  2800.086
 3310.0  2805.219
 3315.0  2808.952
 3320.0  2810.698
 3325.0  2811.156
 3330.0  2811.457
 3335.0  2811.664
 3340.0  2811.837
 3345.0  2812.037
 3350.0  2812.326
 3355.0  2812.766
 3360.0  2814.077
 3365.0  2816.643
 3370.0  2820.015
 3375.0  2823.746
 3380.0  2827.388
 3385.0  2830.492
 3390.0  2832.612
 3395.0  2834.086
 3400.0  2835.508
 3405.0  2836.814
 3410.0  2837.942
 3415.0  2838.826
 3420.0  2839.403
 3425.0  2839.610
 3430.0  2839.412
 3435.0  2838.878
 3440.0  2838.094
 3445.0  2837.147
 3450.0  2836.124
 3455.0  2835.112
 3460.0  2834.198
 3465.0  2833.351
 3470.0  2832.481
 3475.0  2831.591
 3480.0  2830.679
 3485.0  2829.748
 3490.0  2828.797
 3495.0  2827.827
 3500.0  2826.840
 3505.0  2501.256
 3510.0  2494.486
 3515.0  2488.778
 3520.0  2484.386
 3525.0  2481.565
 3530.0  2480.568
 3535.0  2480.973
 3540.0  2482.018
 3545.0  2483.447
 3550.0  2485.003
 3555.0  2486.432
 3560.0  2487.477
 3565.0  2487.882
 3570.0  2487.655
 3575.0  2487.015
 3580.0  2486.029
 3585.0  2484.761
 3590.0  2483.279
 3595.0  2481.647
 3600.0  2479.930
 3605.0  2477.833
 3610.0  2475.069
 3615.0  2471.720
 3620.0  2467.870
 3625.0  2463.600
 3630.0  2458.994
 3635.0  2454.134
