 2865.0  1401.959
 2870.0  1441.118
 2875.0  1478.978
 2880.0  1515.434
 2885.0  1550.383
 2890.0  1583.719
 2895.0  1615.338
 2900.0  1645.136
 2905.0  1673.565
 2910.0  1701.028
 2915.0  1727.355
 2920.0  1752.372
 2925.0  1775.907
 2930.0  1797.787
 2935.0  1817.840
 2940.0  1836.292
 2945.0  1853.569
 2950.0  1869.796
 2955.0  1885.101
 2960.0  1899.609
 2965.0  1913.447
 2970.0  1926.741
 2975.0  1939.355
 2980.0  1951.196
 2985.0  1962.458
 2990.0  1973.332
 2995.0  1984.013
 3000.0  1994.692
 3005.0  2005.564
 3010.0  2016.780
 3015.0  2028.223
 3020.0  2039.675
 3025.0  2050.920
 3030.0  2061.741
 3035.0  2071.921
 3040.0  2081.245
 3045.0  2089.520
 3050.0  2096.933
 3055.0  2103.836
 3060.0  2110.583
 3065.0  2117.526
 3070.0  2125.020
 3075.0  2133.415
 3080.0  2143.137
 3085.0  2154.087
 3090.0  2165.832
 3095.0  2177.940
 3100.0  2189.982
 3105.0  2201.523
 3110.0  2212.134
 3115.0  2221.814
 3120.0  2230.972
 3125.0  2239.786
 3130.0  2248.435
 3135.0  2257.095
 3140.0  2265.946
 3145.0  2275.166
 3150.0  2285.048
 3155.0  2295.534
 3160.0  2306.280
 3165.0  2316.942
 3170.0  2327.175
 3175.0  2336.633
 3180.0  2344.974
 3185.0  2352.243
 3190.0  2358.848
 3195.0  2364.977
 3200.0  2370.822
 3205.0  2376.574
 3210.0  2382.421
 3215.0  2388.555
 3220.0  2395.098
 3225.0  2401.919
 3230.0  2408.837
 3235.0  2415.665
 3240.0  2422.222
 3245.0  2428.322
 3250.0  2433.781
 3255.0  2438.747
 3260.0  2443.478
 3265.0  2447.958
 3270.0  2452.172
 3275.0  2456.104
 3280.0  2459.739
 3285.0  2463.063
 3290.0  2466.077
 3295.0  2468.836
 3300.0  2471.399
 3305.0  2473.823
 3310.0  2476.168
 3315.0  2478.491
 3320.0  2480.851
 3325.0  2483.212
 3330.0  2485.511
 3335.0  2487.766
 3340.0  2489.999
 3345.0  2492.227
 3350.0  2494.470
 3355.0  2496.749
 3360.0  2499.154
 3365.0  2501.699
 3370.0  2504.285
 3375.0  2506.816
 3380.0  2509.192
 3385.0  2511.317
 3390.0  2513.092
 3395.0  2514.568
 3400.0  2515.886
 3405.0  2517.082
 3410.0  2518.190
 3415.0  2519.247
 3420.0  2520.288
 3425.0  2521.347
 3430.0  2522.528
 3435.0  2523.834
 3440.0  2525.153
 3445.0  2526.374
 3450.0  2527.385
 3455.0  2528.073
 3460.0  2528.328
 3465.0  2528.208
 3470.0  2527.846
 3475.0  2527.233
 3480.0  2526.363
 3485.0  2525.230
 3490.0  2523.825
 3495.0  2522.142
 3500.0  2520.174
 3505.0  2229.672
 3510.0  2224.768
 3515.0  2220.429
 3520.0  2216.794
 3525.0  2214.002
 3530.0  2212.191
 3535.0  2211.075
 3540.0  2210.216
 3545.0  2209.533
 3550.0  2208.943
 3555.0  2208.363
 3560.0  2207.712
 3565.0  2206.907
 3570.0  2205.979
 3575.0  2205.004
 3580.0  2203.968
 3585.0  2202.854
 3590.0  2201.647
 3595.0  2200.332
 3600.0  2198.893
 3605.0  2197.269
 3610.0  2195.419
 3615.0  2193.364
 3620.0  2191.125
 3625.0  2188.723
 3630.0  2186.176
 3635.0  2183.506
