 2865.0  1597.842
 2870.0  1623.869
 2875.0  1650.348
 2880.0  1677.269
 2885.0  1704.622
 2890.0  1732.397
 2895.0  1760.585
 2900.0  1789.175
 2905.0  1819.915
 2910.0  1853.415
 2915.0  1887.951
 2920.0  1921.800
 2925.0  1953.241
 2930.0  1980.552
 2935.0  2002.009
 2940.0  2018.521
 2945.0  2032.610
 2950.0  2044.976
 2955.0  2056.318
 2960.0  2067.334
 2965.0  2078.726
 2970.0  2091.191
 2975.0  2104.783
 2980.0  2118.899
 2985.0  2133.262
 2990.0  2147.591
 2995.0  2161.608
 3000.0  2175.033
 3005.0  2187.587
 3010.0  2199.390
 3015.0  2210.767
 3020.0  2221.749
 3025.0  2232.364
 3030.0  2242.640
 3035.0  2252.607
 3040.0  2262.294
 3045.0  2271.527
 3050.0  2280.243
 3055.0  2288.636
 3060.0  2296.899
 3065.0  2305.228
 3070.0  2313.814
 3075.0  2322.853
 3080.0  2332.327
 3085.0  2342.070
 3090.0  2352.049
 3095.0  2362.235
 3100.0  2372.595
 3105.0  2383.101
 3110.0  2393.719
 3115.0  2404.714
 3120.0  2416.204
 3125.0  2427.949
 3130.0  2439.703
 3135.0  2451.223
 3140.0  2462.268
 3145.0  2472.592
 3150.0  2482.321
 3155.0  2491.742
 3160.0  2500.854
 3165.0  2509.657
 3170.0  2518.150
 3175.0  2526.334
 3180.0  2534.208
 3185.0  2541.604
 3190.0  2548.490
 3195.0  2555.067
 3200.0  2561.537
 3205.0  2568.102
 3210.0  2574.962
 3215.0  2582.321
 3220.0  2590.849
 3225.0  2600.612
 3230.0  2610.901
 3235.0  2621.007
 3240.0  2630.220
 3245.0  2637.833
 3250.0  2643.135
 3255.0  2646.558
 3260.0  2649.198
 3265.0  2651.345
 3270.0  2653.289
 3275.0  2655.319
 3280.0  2657.726
 3285.0  2660.798
 3290.0  2665.233
 3295.0  2671.125
 3300.0  2677.855
 3305.0  2684.809
 3310.0  2691.368
 3315.0  2696.917
 3320.0  2700.839
 3325.0  2703.464
 3330.0  2705.629
 3335.0  2707.472
 3340.0  2709.136
 3345.0  2710.760
 3350.0  2712.486
 3355.0  2714.453
 3360.0  2716.689
 3365.0  2719.082
 3370.0  2721.563
 3375.0  2724.066
 3380.0  2726.520
 3385.0  2728.859
 3390.0  2731.014
 3395.0  2733.208
 3400.0  2735.584
 3405.0  2737.952
 3410.0  2740.124
 3415.0  2741.910
 3420.0  2743.120
 3425.0  2743.566
 3430.0  2742.560
 3435.0  2739.958
 3440.0  2736.384
 3445.0  2732.461
 3450.0  2728.812
 3455.0  2726.062
 3460.0  2724.833
 3465.0  2724.590
 3470.0  2724.379
 3475.0  2724.203
 3480.0  2724.063
 3485.0  2723.961
 3490.0  2723.899
 3495.0  2723.878
 3500.0  2723.899
 3505.0  2415.416
 3510.0  2411.373
 3515.0  2408.039
 3520.0  2405.523
 3525.0  2403.933
 3530.0  2403.379
 3535.0  2403.899
 3540.0  2405.240
 3545.0  2407.073
 3550.0  2409.071
 3555.0  2410.904
 3560.0  2412.245
 3565.0  2412.765
 3570.0  2412.661
 3575.0  2412.363
 3580.0  2411.890
 3585.0  2411.260
 3590.0  2410.492
 3595.0  2409.605
 3600.0  2408.618
 3605.0  2407.016
 3610.0  2404.371
 3615.0  2400.838
 3620.0  2396.568
 3625.0  2391.715
 3630.0  2386.431
 3635.0  2380.869
