 2865.0  1359.747
 2870.0  1385.808
 2875.0  1411.703
 2880.0  1437.430
 2885.0  1462.987
 2890.0  1488.374
 2895.0  1513.587
 2900.0  1538.626
 2905.0  1564.606
 2910.0  1591.905
 2915.0  1619.409
 2920.0  1646.008
 2925.0  1670.590
 2930.0  1692.043
 2935.0  1709.256
 2940.0  1722.647
 2945.0  1733.867
 2950.0  1743.650
 2955.0  1752.728
 2960.0  1761.835
 2965.0  1771.705
 2970.0  1783.070
 2975.0  1796.886
 2980.0  1812.891
 2985.0  1829.992
 2990.0  1847.099
 2995.0  1863.118
 3000.0  1876.959
 3005.0  1887.528
 3010.0  1895.416
 3015.0  1902.152
 3020.0  1908.051
 3025.0  1913.429
 3030.0  1918.604
 3035.0  1923.890
 3040.0  1929.605
 3045.0  1935.368
 3050.0  1940.770
 3055.0  1946.088
 3060.0  1951.595
 3065.0  1957.569
 3070.0  1964.283
 3075.0  1972.013
 3080.0  1982.396
 3085.0  1995.990
 3090.0  2011.458
 3095.0  2027.463
 3100.0  2042.666
 3105.0  2055.730
 3110.0  2065.316
 3115.0  2071.959
 3120.0  2077.372
 3125.0  2081.990
 3130.0  2086.247
 3135.0  2090.575
 3140.0  2095.408
 3145.0  2101.180
 3150.0  2108.135
 3155.0  2116.045
 3160.0  2124.643
 3165.0  2133.658
 3170.0  2142.819
 3175.0  2151.859
 3180.0  2160.506
 3185.0  2169.272
 3190.0  2178.566
 3195.0  2187.969
 3200.0  2197.060
 3205.0  2205.419
 3210.0  2212.625
 3215.0  2218.258
 3220.0  2222.465
 3225.0  2225.872
 3230.0  2228.776
 3235.0  2231.474
 3240.0  2234.263
 3245.0  2237.440
 3250.0  2241.303
 3255.0  2246.353
 3260.0  2252.577
 3265.0  2259.505
 3270.0  2266.666
 3275.0  2273.587
 3280.0  2279.797
 3285.0  2284.825
 3290.0  2288.854
 3295.0  2292.450
 3300.0  2295.721
 3305.0  2298.772
 3310.0  2301.709
 3315.0  2304.639
 3320.0  2307.669
 3325.0  2311.019
 3330.0  2314.672
 3335.0  2318.370
 3340.0  2321.860
 3345.0  2324.885
 3350.0  2327.190
 3355.0  2328.519
 3360.0  2329.176
 3365.0  2329.669
 3370.0  2330.053
 3375.0  2330.379
 3380.0  2330.702
 3385.0  2331.075
 3390.0  2331.552
 3395.0  2332.238
 3400.0  2333.131
 3405.0  2334.116
 3410.0  2335.080
 3415.0  2335.909
 3420.0  2336.490
 3425.0  2336.709
 3430.0  2336.329
 3435.0  2335.349
 3440.0  2334.009
 3445.0  2332.549
 3450.0  2331.209
 3455.0  2330.229
 3460.0  2329.849
 3465.0  2329.926
 3470.0  2330.170
 3475.0  2330.600
 3480.0  2331.235
 3485.0  2332.094
 3490.0  2333.194
 3495.0  2334.556
 3500.0  2336.198
 3505.0  2068.923
 3510.0  2064.038
 3515.0  2059.910
 3520.0  2056.726
 3525.0  2054.677
 3530.0  2053.952
 3535.0  2054.206
 3540.0  2054.863
 3545.0  2055.760
 3550.0  2056.737
 3555.0  2057.635
 3560.0  2058.291
 3565.0  2058.545
 3570.0  2058.235
 3575.0  2057.383
 3580.0  2056.102
 3585.0  2054.511
 3590.0  2052.722
 3595.0  2050.853
 3600.0  2049.019
 3605.0  2047.105
 3610.0  2044.936
 3615.0  2042.535
 3620.0  2039.923
 3625.0  2037.124
 3630.0  2034.161
 3635.0  2031.055
