 2865.0  1698.482
 2870.0  1732.437
 2875.0  1765.386
 2880.0  1797.264
 2885.0  1828.001
 2890.0  1857.532
 2895.0  1885.790
 2900.0  1912.707
 2905.0  1938.384
 2910.0  1963.020
 2915.0  1986.693
 2920.0  2009.479
 2925.0  2031.456
 2930.0  2052.701
 2935.0  2073.292
 2940.0  2093.670
 2945.0  2113.967
 2950.0  2133.794
 2955.0  2152.760
 2960.0  2170.476
 2965.0  2186.554
 2970.0  2200.604
 2975.0  2212.856
 2980.0  2223.959
 2985.0  2234.153
 2990.0  2243.676
 2995.0  2252.768
 3000.0  2261.668
 3005.0  2270.616
 3010.0  2279.337
 3015.0  2287.544
 3020.0  2295.455
 3025.0  2303.285
 3030.0  2311.253
 3035.0  2319.574
 3040.0  2328.466
 3045.0  2338.128
 3050.0  2348.458
 3055.0  2359.223
 3060.0  2370.191
 3065.0  2381.128
 3070.0  2391.802
 3075.0  2401.979
 3080.0  2411.582
 3085.0  2420.800
 3090.0  2429.799
 3095.0  2438.744
 3100.0  2447.801
 3105.0  2457.136
 3110.0  2466.914
 3115.0  2477.337
 3120.0  2488.336
 3125.0  2499.678
 3130.0  2511.126
 3135.0  2522.445
 3140.0  2533.400
 3145.0  2543.754
 3150.0  2553.705
 3155.0  2563.540
 3160.0  2573.169
 3165.0  2582.498
 3170.0  2591.433
 3175.0  2599.882
 3180.0  2607.752
 3185.0  2614.949
 3190.0  2621.568
 3195.0  2627.803
 3200.0  2633.846
 3205.0  2639.891
 3210.0  2646.131
 3215.0  2652.758
 3220.0  2660.193
 3225.0  2668.410
 3230.0  2676.935
 3235.0  2685.294
 3240.0  2693.013
 3245.0  2699.619
 3250.0  2704.638
 3255.0  2708.381
 3260.0  2711.569
 3265.0  2714.349
 3270.0  2716.863
 3275.0  2719.256
 3280.0  2721.673
 3285.0  2724.256
 3290.0  2726.942
 3295.0  2729.581
 3300.0  2732.191
 3305.0  2734.789
 3310.0  2737.392
 3315.0  2740.019
 3320.0  2742.685
 3325.0  2745.528
 3330.0  2748.579
 3335.0  2751.695
 3340.0  2754.734
 3345.0  2757.554
 3350.0  2760.012
 3355.0  2761.967
 3360.0  2763.471
 3365.0  2764.726
 3370.0  2765.818
 3375.0  2766.831
 3380.0  2767.852
 3385.0  2768.964
 3390.0  2770.252
 3395.0  2771.954
 3400.0  2774.084
 3405.0  2776.390
 3410.0  2778.621
 3415.0  2780.525
 3420.0  2781.852
 3425.0  2782.350
 3430.0  2782.020
 3435.0  2781.141
 3440.0  2779.883
 3445.0  2778.416
 3450.0  2776.909
 3455.0  2775.531
 3460.0  2774.452
 3465.0  2773.595
 3470.0  2772.777
 3475.0  2772.003
 3480.0  2771.278
 3485.0  2770.609
 3490.0  2770.001
 3495.0  2769.461
 3500.0  2768.992
 3505.0  2452.279
 3510.0  2445.771
 3515.0  2440.191
 3520.0  2435.836
 3525.0  2433.004
 3530.0  2431.994
 3535.0  2432.039
 3540.0  2432.155
 3545.0  2432.315
 3550.0  2432.488
 3555.0  2432.647
 3560.0  2432.764
 3565.0  2432.809
 3570.0  2432.681
 3575.0  2432.315
 3580.0  2431.735
 3585.0  2430.966
 3590.0  2430.032
 3595.0  2428.958
 3600.0  2427.768
 3605.0  2425.906
 3610.0  2422.909
 3615.0  2418.942
 3620.0  2414.168
 3625.0  2408.753
 3630.0  2402.860
 3635.0  2396.654
