 2865.0  1448.120
 2870.0  1488.848
 2875.0  1528.309
 2880.0  1566.409
 2885.0  1603.057
 2890.0  1638.161
 2895.0  1671.629
 2900.0  1703.370
 2905.0  1733.789
 2910.0  1763.246
 2915.0  1791.581
 2920.0  1818.631
 2925.0  1844.237
 2930.0  1868.236
 2935.0  1890.469
 2940.0  1911.646
 2945.0  1932.320
 2950.0  1952.099
 2955.0  1970.586
 2960.0  1987.389
 2965.0  2002.110
 2970.0  2014.357
 2975.0  2024.200
 2980.0  2032.374
 2985.0  2039.483
 2990.0  2046.129
 2995.0  2052.916
 3000.0  2060.445
 3005.0  2069.321
 3010.0  2080.459
 3015.0  2093.744
 3020.0  2108.232
 3025.0  2122.977
 3030.0  2137.037
 3035.0  2149.465
 3040.0  2159.318
 3045.0  2166.732
 3050.0  2172.824
 3055.0  2178.118
 3060.0  2183.142
 3065.0  2188.419
 3070.0  2194.476
 3075.0  2201.838
 3080.0  2211.419
 3085.0  2223.269
 3090.0  2236.625
 3095.0  2250.723
 3100.0  2264.797
 3105.0  2278.084
 3110.0  2289.819
 3115.0  2300.311
 3120.0  2310.387
 3125.0  2320.063
 3130.0  2329.354
 3135.0  2338.275
 3140.0  2346.842
 3145.0  2355.070
 3150.0  2362.901
 3155.0  2370.332
 3160.0  2377.457
 3165.0  2384.372
 3170.0  2391.170
 3175.0  2397.947
 3180.0  2404.798
 3185.0  2411.743
 3190.0  2418.706
 3195.0  2425.637
 3200.0  2432.483
 3205.0  2439.193
 3210.0  2445.715
 3215.0  2451.998
 3220.0  2457.994
 3225.0  2463.744
 3230.0  2469.324
 3235.0  2474.814
 3240.0  2480.292
 3245.0  2485.835
 3250.0  2491.524
 3255.0  2498.076
 3260.0  2505.664
 3265.0  2513.542
 3270.0  2520.965
 3275.0  2527.190
 3280.0  2531.471
 3285.0  2533.063
 3290.0  2532.958
 3295.0  2532.686
 3300.0  2532.314
 3305.0  2531.909
 3310.0  2531.537
 3315.0  2531.265
 3320.0  2531.160
 3325.0  2531.525
 3330.0  2532.535
 3335.0  2534.065
 3340.0  2535.989
 3345.0  2538.179
 3350.0  2540.509
 3355.0  2542.853
 3360.0  2546.000
 3365.0  2550.398
 3370.0  2555.416
 3375.0  2560.420
 3380.0  2564.778
 3385.0  2567.857
 3390.0  2569.024
 3395.0  2568.513
 3400.0  2567.195
 3405.0  2565.393
 3410.0  2563.430
 3415.0  2561.628
 3420.0  2560.310
 3425.0  2559.799
 3430.0  2560.145
 3435.0  2561.039
 3440.0  2562.261
 3445.0  2563.592
 3450.0  2564.813
 3455.0  2565.707
 3460.0  2566.053
 3465.0  2565.981
 3470.0  2565.754
 3475.0  2565.355
 3480.0  2564.768
 3485.0  2563.975
 3490.0  2562.961
 3495.0  2561.708
 3500.0  2560.200
 3505.0  2272.656
 3510.0  2273.357
 3515.0  2273.782
 3520.0  2274.000
 3525.0  2274.080
 3530.0  2274.092
 3535.0  2273.017
 3540.0  2270.197
 3545.0  2266.237
 3550.0  2261.743
 3555.0  2257.321
 3560.0  2253.577
 3565.0  2251.117
 3570.0  2249.723
 3575.0  2248.676
 3580.0  2247.834
 3585.0  2247.050
 3590.0  2246.181
 3595.0  2245.084
 3600.0  2243.612
 3605.0  2241.441
 3610.0  2238.413
 3615.0  2234.642
 3620.0  2230.240
 3625.0  2225.319
 3630.0  2219.992
 3635.0  2214.372
