 2865.0   934.805
 2870.0   967.621
 2875.0   999.305
 2880.0  1029.758
 2885.0  1058.884
 2890.0  1086.584
 2895.0  1112.761
 2900.0  1137.318
 2905.0  1160.719
 2910.0  1183.359
 2915.0  1205.031
 2920.0  1225.532
 2925.0  1244.657
 2930.0  1262.199
 2935.0  1277.955
 2940.0  1292.687
 2945.0  1307.043
 2950.0  1320.644
 2955.0  1333.110
 2960.0  1344.062
 2965.0  1353.120
 2970.0  1359.906
 2975.0  1364.747
 2980.0  1368.497
 2985.0  1371.566
 2990.0  1374.362
 2995.0  1377.294
 3000.0  1380.772
 3005.0  1385.204
 3010.0  1391.505
 3015.0  1399.796
 3020.0  1409.294
 3025.0  1419.216
 3030.0  1428.782
 3035.0  1437.207
 3040.0  1443.711
 3045.0  1448.456
 3050.0  1452.351
 3055.0  1455.728
 3060.0  1458.922
 3065.0  1462.265
 3070.0  1466.093
 3075.0  1470.738
 3080.0  1476.660
 3085.0  1483.844
 3090.0  1491.908
 3095.0  1500.469
 3100.0  1509.146
 3105.0  1517.557
 3110.0  1525.321
 3115.0  1532.796
 3120.0  1540.447
 3125.0  1548.050
 3130.0  1555.381
 3135.0  1562.218
 3140.0  1568.337
 3145.0  1573.513
 3150.0  1577.761
 3155.0  1581.387
 3160.0  1584.613
 3165.0  1587.660
 3170.0  1590.749
 3175.0  1594.102
 3180.0  1597.940
 3185.0  1602.319
 3190.0  1607.089
 3195.0  1612.168
 3200.0  1617.469
 3205.0  1622.907
 3210.0  1628.397
 3215.0  1633.855
 3220.0  1639.731
 3225.0  1646.252
 3230.0  1653.003
 3235.0  1659.565
 3240.0  1665.523
 3245.0  1670.459
 3250.0  1673.956
 3255.0  1676.363
 3260.0  1678.373
 3265.0  1680.087
 3270.0  1681.602
 3275.0  1683.019
 3280.0  1684.436
 3285.0  1685.953
 3290.0  1687.671
 3295.0  1689.537
 3300.0  1691.418
 3305.0  1693.183
 3310.0  1694.699
 3315.0  1695.833
 3320.0  1696.454
 3325.0  1696.717
 3330.0  1696.892
 3335.0  1697.015
 3340.0  1697.122
 3345.0  1697.249
 3350.0  1697.431
 3355.0  1697.706
 3360.0  1698.859
 3365.0  1701.298
 3370.0  1704.490
 3375.0  1707.900
 3380.0  1710.997
 3385.0  1713.246
 3390.0  1714.115
 3395.0  1714.094
 3400.0  1714.041
 3405.0  1713.968
 3410.0  1713.888
 3415.0  1713.816
 3420.0  1713.762
 3425.0  1713.742
 3430.0  1713.753
 3435.0  1713.781
 3440.0  1713.820
 3445.0  1713.862
 3450.0  1713.901
 3455.0  1713.930
 3460.0  1713.941
 3465.0  1713.864
 3470.0  1713.648
 3475.0  1713.314
 3480.0  1712.884
 3485.0  1712.381
 3490.0  1711.826
 3495.0  1711.241
 3500.0  1710.648
 3505.0  1514.814
 3510.0  1514.931
 3515.0  1515.003
 3520.0  1515.039
 3525.0  1515.053
 3530.0  1515.054
 3535.0  1514.297
 3540.0  1512.314
 3545.0  1509.536
 3550.0  1506.396
 3555.0  1503.325
 3560.0  1500.756
 3565.0  1499.121
 3570.0  1498.232
 3575.0  1497.559
 3580.0  1497.017
 3585.0  1496.523
 3590.0  1495.994
 3595.0  1495.346
 3600.0  1494.495
 3605.0  1493.346
 3610.0  1491.888
 3615.0  1490.154
 3620.0  1488.184
 3625.0  1486.012
 3630.0  1483.675
 3635.0  1481.211
