 2865.0  1702.694
 2870.0  1742.255
 2875.0  1780.455
 2880.0  1817.178
 2885.0  1852.308
 2890.0  1885.728
 2895.0  1917.321
 2900.0  1946.972
 2905.0  1974.833
 2910.0  2001.239
 2915.0  2026.349
 2920.0  2050.320
 2925.0  2073.310
 2930.0  2095.476
 2935.0  2116.976
 2940.0  2138.287
 2945.0  2159.493
 2950.0  2180.162
 2955.0  2199.865
 2960.0  2218.170
 2965.0  2234.646
 2970.0  2248.863
 2975.0  2261.050
 2980.0  2271.934
 2985.0  2281.831
 2990.0  2291.057
 2995.0  2299.928
 3000.0  2308.759
 3005.0  2317.868
 3010.0  2327.069
 3015.0  2336.026
 3020.0  2344.825
 3025.0  2353.549
 3030.0  2362.286
 3035.0  2371.119
 3040.0  2380.134
 3045.0  2389.206
 3050.0  2398.219
 3055.0  2407.271
 3060.0  2416.461
 3065.0  2425.888
 3070.0  2435.650
 3075.0  2445.845
 3080.0  2456.773
 3085.0  2468.471
 3090.0  2480.646
 3095.0  2493.005
 3100.0  2505.253
 3105.0  2517.098
 3110.0  2528.247
 3115.0  2538.751
 3120.0  2548.906
 3125.0  2558.783
 3130.0  2568.452
 3135.0  2577.984
 3140.0  2587.451
 3145.0  2596.923
 3150.0  2606.453
 3155.0  2615.997
 3160.0  2625.481
 3165.0  2634.833
 3170.0  2643.978
 3175.0  2652.842
 3180.0  2661.353
 3185.0  2669.571
 3190.0  2677.596
 3195.0  2685.416
 3200.0  2693.016
 3205.0  2700.383
 3210.0  2707.502
 3215.0  2714.360
 3220.0  2721.051
 3225.0  2727.633
 3230.0  2734.043
 3235.0  2740.217
 3240.0  2746.090
 3245.0  2751.597
 3250.0  2756.674
 3255.0  2761.334
 3260.0  2765.674
 3265.0  2769.763
 3270.0  2773.666
 3275.0  2777.452
 3280.0  2781.185
 3285.0  2784.934
 3290.0  2788.784
 3295.0  2792.707
 3300.0  2796.599
 3305.0  2800.358
 3310.0  2803.879
 3315.0  2807.058
 3320.0  2809.792
 3325.0  2812.090
 3330.0  2814.094
 3335.0  2815.901
 3340.0  2817.609
 3345.0  2819.314
 3350.0  2821.113
 3355.0  2823.104
 3360.0  2825.569
 3365.0  2828.520
 3370.0  2831.651
 3375.0  2834.657
 3380.0  2837.230
 3385.0  2839.065
 3390.0  2839.855
 3395.0  2839.993
 3400.0  2840.087
 3405.0  2840.152
 3410.0  2840.206
 3415.0  2840.263
 3420.0  2840.342
 3425.0  2840.457
 3430.0  2840.700
 3435.0  2841.102
 3440.0  2841.593
 3445.0  2842.099
 3450.0  2842.550
 3455.0  2842.873
 3460.0  2842.997
 3465.0  2842.790
 3470.0  2842.198
 3475.0  2841.270
 3480.0  2840.051
 3485.0  2838.588
 3490.0  2836.928
 3495.0  2835.118
 3500.0  2833.204
 3505.0  2507.459
 3510.0  2502.206
 3515.0  2497.742
 3520.0  2494.286
 3525.0  2492.053
 3530.0  2491.261
 3535.0  2491.450
 3540.0  2491.938
 3545.0  2492.606
 3550.0  2493.334
 3555.0  2494.002
 3560.0  2494.491
 3565.0  2494.680
 3570.0  2494.654
 3575.0  2494.579
 3580.0  2494.454
 3585.0  2494.282
 3590.0  2494.064
 3595.0  2493.801
 3600.0  2493.496
 3605.0  2492.281
 3610.0  2489.463
 3615.0  2485.301
 3620.0  2480.056
 3625.0  2473.986
 3630.0  2467.352
 3635.0  2460.413
