 2865.0  1577.639
 2870.0  1616.377
 2875.0  1653.661
 2880.0  1689.344
 2885.0  1723.279
 2890.0  1755.319
 2895.0  1785.318
 2900.0  1813.130
 2905.0  1838.629
 2910.0  1862.133
 2915.0  1884.157
 2920.0  1905.217
 2925.0  1925.827
 2930.0  1946.504
 2935.0  1967.763
 2940.0  1990.820
 2945.0  2015.626
 2950.0  2040.791
 2955.0  2064.930
 2960.0  2086.655
 2965.0  2104.577
 2970.0  2117.311
 2975.0  2125.952
 2980.0  2132.888
 2985.0  2138.664
 2990.0  2143.826
 2995.0  2148.921
 3000.0  2154.495
 3005.0  2161.093
 3010.0  2168.730
 3015.0  2176.962
 3020.0  2185.654
 3025.0  2194.671
 3030.0  2203.875
 3035.0  2213.132
 3040.0  2222.305
 3045.0  2231.559
 3050.0  2241.072
 3055.0  2250.730
 3060.0  2260.415
 3065.0  2270.014
 3070.0  2279.410
 3075.0  2288.487
 3080.0  2297.068
 3085.0  2305.200
 3090.0  2313.112
 3095.0  2321.030
 3100.0  2329.180
 3105.0  2337.789
 3110.0  2347.084
 3115.0  2357.725
 3120.0  2369.778
 3125.0  2382.583
 3130.0  2395.475
 3135.0  2407.795
 3140.0  2418.878
 3145.0  2428.064
 3150.0  2435.389
 3155.0  2441.614
 3160.0  2447.159
 3165.0  2452.448
 3170.0  2457.902
 3175.0  2463.943
 3180.0  2470.993
 3185.0  2480.029
 3190.0  2491.104
 3195.0  2503.251
 3200.0  2515.507
 3205.0  2526.907
 3210.0  2536.485
 3215.0  2543.276
 3220.0  2547.834
 3225.0  2551.539
 3230.0  2554.664
 3235.0  2557.482
 3240.0  2560.268
 3245.0  2563.294
 3250.0  2566.834
 3255.0  2571.095
 3260.0  2575.921
 3265.0  2581.041
 3270.0  2586.186
 3275.0  2591.084
 3280.0  2595.464
 3285.0  2599.057
 3290.0  2601.934
 3295.0  2604.431
 3300.0  2606.670
 3305.0  2608.773
 3310.0  2610.861
 3315.0  2613.056
 3320.0  2615.480
 3325.0  2618.109
 3330.0  2620.831
 3335.0  2623.637
 3340.0  2626.519
 3345.0  2629.468
 3350.0  2632.474
 3355.0  2635.529
 3360.0  2639.079
 3365.0  2643.281
 3370.0  2647.700
 3375.0  2651.898
 3380.0  2655.438
 3385.0  2657.882
 3390.0  2658.794
 3395.0  2657.983
 3400.0  2655.892
 3405.0  2653.032
 3410.0  2649.915
 3415.0  2647.055
 3420.0  2644.964
 3425.0  2644.152
 3430.0  2644.317
 3435.0  2644.743
 3440.0  2645.325
 3445.0  2645.959
 3450.0  2646.541
 3455.0  2646.966
 3460.0  2647.131
 3465.0  2646.980
 3470.0  2646.544
 3475.0  2645.851
 3480.0  2644.928
 3485.0  2643.802
 3490.0  2642.501
 3495.0  2641.050
 3500.0  2639.478
 3505.0  2373.272
 3510.0  2371.961
 3515.0  2370.491
 3520.0  2368.884
 3525.0  2367.163
 3530.0  2365.350
 3535.0  2363.260
 3540.0  2360.778
 3545.0  2358.028
 3550.0  2355.135
 3555.0  2352.224
 3560.0  2349.419
 3565.0  2346.846
 3570.0  2344.591
 3575.0  2342.569
 3580.0  2340.645
 3585.0  2338.688
 3590.0  2336.563
 3595.0  2334.139
 3600.0  2331.281
 3605.0  2327.789
 3610.0  2323.598
 3615.0  2318.782
 3620.0  2313.416
 3625.0  2307.572
 3630.0  2301.325
 3635.0  2294.749
