 2865.0  1646.704
 2870.0  1680.093
 2875.0  1712.545
 2880.0  1744.002
 2885.0  1774.408
 2890.0  1803.704
 2895.0  1831.833
 2900.0  1858.736
 2905.0  1884.565
 2910.0  1909.509
 2915.0  1933.573
 2920.0  1956.761
 2925.0  1979.076
 2930.0  2000.522
 2935.0  2021.104
 2940.0  2041.040
 2945.0  2060.466
 2950.0  2079.264
 2955.0  2097.315
 2960.0  2114.499
 2965.0  2130.699
 2970.0  2145.796
 2975.0  2159.872
 2980.0  2173.162
 2985.0  2185.767
 2990.0  2197.793
 2995.0  2209.342
 3000.0  2220.519
 3005.0  2231.427
 3010.0  2242.093
 3015.0  2252.466
 3020.0  2262.522
 3025.0  2272.243
 3030.0  2281.607
 3035.0  2290.594
 3040.0  2299.183
 3045.0  2306.999
 3050.0  2313.966
 3055.0  2320.507
 3060.0  2327.050
 3065.0  2334.018
 3070.0  2341.838
 3075.0  2350.936
 3080.0  2362.583
 3085.0  2377.064
 3090.0  2393.325
 3095.0  2410.313
 3100.0  2426.972
 3105.0  2442.248
 3110.0  2455.088
 3115.0  2465.808
 3120.0  2475.585
 3125.0  2484.655
 3130.0  2493.254
 3135.0  2501.617
 3140.0  2509.980
 3145.0  2518.580
 3150.0  2527.337
 3155.0  2536.017
 3160.0  2544.623
 3165.0  2553.157
 3170.0  2561.621
 3175.0  2570.019
 3180.0  2578.351
 3185.0  2586.804
 3190.0  2595.438
 3195.0  2604.068
 3200.0  2612.512
 3205.0  2620.585
 3210.0  2628.104
 3215.0  2634.883
 3220.0  2640.881
 3225.0  2646.306
 3230.0  2651.348
 3235.0  2656.198
 3240.0  2661.045
 3245.0  2666.079
 3250.0  2671.492
 3255.0  2677.662
 3260.0  2684.554
 3265.0  2691.736
 3270.0  2698.779
 3275.0  2705.250
 3280.0  2710.719
 3285.0  2714.756
 3290.0  2717.570
 3295.0  2719.802
 3300.0  2721.666
 3305.0  2723.375
 3310.0  2725.145
 3315.0  2727.188
 3320.0  2729.718
 3325.0  2733.345
 3330.0  2738.151
 3335.0  2743.553
 3340.0  2748.969
 3345.0  2753.818
 3350.0  2757.519
 3355.0  2759.489
 3360.0  2760.262
 3365.0  2760.812
 3370.0  2761.220
 3375.0  2761.568
 3380.0  2761.937
 3385.0  2762.407
 3390.0  2763.062
 3395.0  2764.248
 3400.0  2766.062
 3405.0  2768.208
 3410.0  2770.393
 3415.0  2772.319
 3420.0  2773.691
 3425.0  2774.214
 3430.0  2773.506
 3435.0  2771.682
 3440.0  2769.188
 3445.0  2766.470
 3450.0  2763.976
 3455.0  2762.151
 3460.0  2761.444
 3465.0  2761.453
 3470.0  2761.514
 3475.0  2761.682
 3480.0  2762.008
 3485.0  2762.545
 3490.0  2763.347
 3495.0  2764.466
 3500.0  2765.955
 3505.0  2438.746
 3510.0  2434.581
 3515.0  2431.057
 3520.0  2428.337
 3525.0  2426.585
 3530.0  2425.965
 3535.0  2426.167
 3540.0  2426.690
 3545.0  2427.405
 3550.0  2428.184
 3555.0  2428.898
 3560.0  2429.421
 3565.0  2429.624
 3570.0  2429.549
 3575.0  2429.332
 3580.0  2428.984
 3585.0  2428.518
 3590.0  2427.946
 3595.0  2427.278
 3600.0  2426.528
 3605.0  2425.185
 3610.0  2422.833
 3615.0  2419.625
 3620.0  2415.712
 3625.0  2411.245
 3630.0  2406.375
 3635.0  2401.256
