 2865.0  1607.869
 2870.0  1647.333
 2875.0  1685.144
 2880.0  1721.092
 2885.0  1754.966
 2890.0  1786.557
 2895.0  1815.654
 2900.0  1842.048
 2905.0  1865.679
 2910.0  1887.043
 2915.0  1906.758
 2920.0  1925.441
 2925.0  1943.713
 2930.0  1962.191
 2935.0  1981.493
 2940.0  2002.456
 2945.0  2024.805
 2950.0  2047.502
 2955.0  2069.505
 2960.0  2089.774
 2965.0  2107.268
 2970.0  2120.947
 2975.0  2131.279
 2980.0  2139.828
 2985.0  2147.199
 2990.0  2153.997
 2995.0  2160.828
 3000.0  2168.296
 3005.0  2177.006
 3010.0  2187.583
 3015.0  2199.767
 3020.0  2212.832
 3025.0  2226.054
 3030.0  2238.710
 3035.0  2250.074
 3040.0  2259.422
 3045.0  2266.857
 3050.0  2273.222
 3055.0  2278.907
 3060.0  2284.301
 3065.0  2289.793
 3070.0  2295.773
 3075.0  2302.630
 3080.0  2310.384
 3085.0  2318.755
 3090.0  2327.687
 3095.0  2337.119
 3100.0  2346.995
 3105.0  2357.255
 3110.0  2367.842
 3115.0  2379.727
 3120.0  2393.336
 3125.0  2407.787
 3130.0  2422.199
 3135.0  2435.694
 3140.0  2447.389
 3145.0  2456.404
 3150.0  2462.994
 3155.0  2468.321
 3160.0  2472.867
 3165.0  2477.114
 3170.0  2481.545
 3175.0  2486.641
 3180.0  2492.885
 3185.0  2501.475
 3190.0  2512.556
 3195.0  2525.027
 3200.0  2537.786
 3205.0  2549.732
 3210.0  2559.762
 3215.0  2566.777
 3220.0  2571.385
 3225.0  2575.119
 3230.0  2578.260
 3235.0  2581.091
 3240.0  2583.896
 3245.0  2586.956
 3250.0  2590.554
 3255.0  2594.838
 3260.0  2599.628
 3265.0  2604.714
 3270.0  2609.885
 3275.0  2614.930
 3280.0  2619.641
 3285.0  2623.805
 3290.0  2627.602
 3295.0  2631.307
 3300.0  2634.856
 3305.0  2638.183
 3310.0  2641.222
 3315.0  2643.908
 3320.0  2646.175
 3325.0  2648.251
 3330.0  2650.328
 3335.0  2652.288
 3340.0  2654.016
 3345.0  2655.394
 3350.0  2656.307
 3355.0  2656.637
 3360.0  2651.102
 3365.0  2636.828
 3370.0  2617.311
 3375.0  2596.045
 3380.0  2576.527
 3385.0  2562.253
 3390.0  2556.719
 3395.0  2561.983
 3400.0  2575.636
 3405.0  2594.464
 3410.0  2615.257
 3415.0  2634.803
 3420.0  2649.889
 3425.0  2657.303
 3430.0  2659.680
 3435.0  2661.771
 3440.0  2663.547
 3445.0  2664.980
 3450.0  2666.040
 3455.0  2666.698
 3460.0  2666.924
 3465.0  2666.716
 3470.0  2666.095
 3475.0  2665.064
 3480.0  2663.627
 3485.0  2661.787
 3490.0  2659.547
 3495.0  2656.911
 3500.0  2653.882
 3505.0  2383.013
 3510.0  2381.092
 3515.0  2379.211
 3520.0  2377.371
 3525.0  2375.573
 3530.0  2373.819
 3535.0  2372.152
 3540.0  2370.584
 3545.0  2369.067
 3550.0  2367.554
 3555.0  2365.999
 3560.0  2364.354
 3565.0  2362.572
 3570.0  2360.710
 3575.0  2358.820
 3580.0  2356.846
 3585.0  2354.731
 3590.0  2352.420
 3595.0  2349.857
 3600.0  2346.986
 3605.0  2343.631
 3610.0  2339.694
 3615.0  2335.232
 3620.0  2330.304
 3625.0  2324.969
 3630.0  2319.283
 3635.0  2313.306
