 2865.0  1290.760
 2870.0  1323.543
 2875.0  1355.255
 2880.0  1385.814
 2885.0  1415.134
 2890.0  1443.133
 2895.0  1469.727
 2900.0  1494.832
 2905.0  1518.880
 2910.0  1542.220
 2915.0  1564.643
 2920.0  1585.940
 2925.0  1605.903
 2930.0  1624.322
 2935.0  1640.989
 2940.0  1655.316
 2945.0  1667.485
 2950.0  1678.449
 2955.0  1689.156
 2960.0  1700.556
 2965.0  1713.600
 2970.0  1729.239
 2975.0  1751.234
 2980.0  1780.511
 2985.0  1813.765
 2990.0  1847.691
 2995.0  1878.985
 3000.0  1904.341
 3005.0  1920.454
 3010.0  1929.796
 3015.0  1937.364
 3020.0  1943.637
 3025.0  1949.093
 3030.0  1954.213
 3035.0  1959.474
 3040.0  1965.358
 3045.0  1971.474
 3050.0  1977.268
 3055.0  1982.968
 3060.0  1988.804
 3065.0  1995.005
 3070.0  2001.801
 3075.0  2009.421
 3080.0  2018.632
 3085.0  2029.627
 3090.0  2041.771
 3095.0  2054.429
 3100.0  2066.967
 3105.0  2078.749
 3110.0  2089.142
 3115.0  2098.218
 3120.0  2106.618
 3125.0  2114.558
 3130.0  2122.254
 3135.0  2129.923
 3140.0  2137.780
 3145.0  2146.041
 3150.0  2155.127
 3155.0  2164.989
 3160.0  2175.141
 3165.0  2185.098
 3170.0  2194.375
 3175.0  2202.485
 3180.0  2208.943
 3185.0  2213.895
 3190.0  2218.008
 3195.0  2221.583
 3200.0  2224.917
 3205.0  2228.310
 3210.0  2232.060
 3215.0  2236.465
 3220.0  2242.003
 3225.0  2248.617
 3230.0  2255.808
 3235.0  2263.077
 3240.0  2269.925
 3245.0  2275.853
 3250.0  2280.361
 3255.0  2283.692
 3260.0  2286.517
 3265.0  2288.986
 3270.0  2291.246
 3275.0  2293.445
 3280.0  2295.733
 3285.0  2298.257
 3290.0  2301.168
 3295.0  2304.386
 3300.0  2307.714
 3305.0  2310.951
 3310.0  2313.901
 3315.0  2316.363
 3320.0  2318.139
 3325.0  2319.353
 3330.0  2320.316
 3335.0  2321.117
 3340.0  2321.843
 3345.0  2322.581
 3350.0  2323.419
 3355.0  2324.443
 3360.0  2325.841
 3365.0  2327.617
 3370.0  2329.580
 3375.0  2331.539
 3380.0  2333.304
 3385.0  2334.685
 3390.0  2335.491
 3395.0  2335.875
 3400.0  2336.146
 3405.0  2336.348
 3410.0  2336.525
 3415.0  2336.723
 3420.0  2336.985
 3425.0  2337.356
 3430.0  2338.173
 3435.0  2339.571
 3440.0  2341.292
 3445.0  2343.080
 3450.0  2344.676
 3455.0  2345.822
 3460.0  2346.262
 3465.0  2345.858
 3470.0  2344.691
 3475.0  2342.827
 3480.0  2340.334
 3485.0  2337.277
 3490.0  2333.723
 3495.0  2329.739
 3500.0  2325.392
 3505.0  2093.623
 3510.0  2090.955
 3515.0  2088.322
 3520.0  2085.722
 3525.0  2083.157
 3530.0  2080.628
 3535.0  2078.110
 3540.0  2075.594
 3545.0  2073.103
 3550.0  2070.658
 3555.0  2068.281
 3560.0  2065.995
 3565.0  2063.821
 3570.0  2061.855
 3575.0  2060.101
 3580.0  2058.450
 3585.0  2056.789
 3590.0  2055.010
 3595.0  2053.000
 3600.0  2050.649
 3605.0  2047.838
 3610.0  2044.555
 3615.0  2040.846
 3620.0  2036.757
 3625.0  2032.336
 3630.0  2027.628
 3635.0  2022.680
