 2865.0  1418.315
 2870.0  1461.592
 2875.0  1503.669
 2880.0  1544.473
 2885.0  1583.930
 2890.0  1621.968
 2895.0  1658.514
 2900.0  1693.497
 2905.0  1727.624
 2910.0  1761.311
 2915.0  1794.041
 2920.0  1825.299
 2925.0  1854.570
 2930.0  1881.337
 2935.0  1905.086
 2940.0  1926.455
 2945.0  1946.448
 2950.0  1965.091
 2955.0  1982.413
 2960.0  1998.440
 2965.0  2013.200
 2970.0  2026.722
 2975.0  2039.059
 2980.0  2050.382
 2985.0  2060.884
 2990.0  2070.764
 2995.0  2080.215
 3000.0  2089.436
 3005.0  2098.621
 3010.0  2107.670
 3015.0  2116.394
 3020.0  2124.855
 3025.0  2133.116
 3030.0  2141.238
 3035.0  2149.283
 3040.0  2157.315
 3045.0  2165.165
 3050.0  2172.725
 3055.0  2180.144
 3060.0  2187.575
 3065.0  2195.169
 3070.0  2203.076
 3075.0  2211.448
 3080.0  2220.429
 3085.0  2229.957
 3090.0  2239.872
 3095.0  2250.016
 3100.0  2260.228
 3105.0  2270.349
 3110.0  2280.219
 3115.0  2289.891
 3120.0  2299.523
 3125.0  2309.117
 3130.0  2318.676
 3135.0  2328.201
 3140.0  2337.694
 3145.0  2347.158
 3150.0  2356.935
 3155.0  2367.139
 3160.0  2377.425
 3165.0  2387.451
 3170.0  2396.873
 3175.0  2405.348
 3180.0  2412.533
 3185.0  2418.480
 3190.0  2423.643
 3195.0  2428.283
 3200.0  2432.660
 3205.0  2437.034
 3210.0  2441.664
 3215.0  2446.811
 3220.0  2452.695
 3225.0  2459.176
 3230.0  2465.968
 3235.0  2472.787
 3240.0  2479.351
 3245.0  2485.373
 3250.0  2490.571
 3255.0  2495.096
 3260.0  2499.312
 3265.0  2503.249
 3270.0  2506.940
 3275.0  2510.415
 3280.0  2513.707
 3285.0  2516.847
 3290.0  2519.826
 3295.0  2522.635
 3300.0  2525.300
 3305.0  2527.848
 3310.0  2530.307
 3315.0  2532.705
 3320.0  2535.068
 3325.0  2537.467
 3330.0  2539.906
 3335.0  2542.310
 3340.0  2544.607
 3345.0  2546.724
 3350.0  2548.587
 3355.0  2550.122
 3360.0  2551.410
 3365.0  2552.584
 3370.0  2553.651
 3375.0  2554.618
 3380.0  2555.492
 3385.0  2556.280
 3390.0  2556.989
 3395.0  2557.627
 3400.0  2558.207
 3405.0  2558.737
 3410.0  2559.227
 3415.0  2559.688
 3420.0  2560.129
 3425.0  2560.560
 3430.0  2561.018
 3435.0  2561.510
 3440.0  2561.998
 3445.0  2562.444
 3450.0  2562.809
 3455.0  2563.056
 3460.0  2563.147
 3465.0  2562.882
 3470.0  2562.131
 3475.0  2560.957
 3480.0  2559.422
 3485.0  2557.592
 3490.0  2555.529
 3495.0  2553.297
 3500.0  2550.959
 3505.0  2299.471
 3510.0  2297.098
 3515.0  2294.758
 3520.0  2292.453
 3525.0  2290.182
 3530.0  2287.946
 3535.0  2285.798
 3540.0  2283.752
 3545.0  2281.755
 3550.0  2279.753
 3555.0  2277.693
 3560.0  2275.522
 3565.0  2273.187
 3570.0  2270.695
 3575.0  2268.086
 3580.0  2265.353
 3585.0  2262.485
 3590.0  2259.476
 3595.0  2256.317
 3600.0  2253.000
 3605.0  2249.481
 3610.0  2245.733
 3615.0  2241.768
 3620.0  2237.602
 3625.0  2233.247
 3630.0  2228.717
 3635.0  2224.027
