 2865.0  1535.743
 2870.0  1576.698
 2875.0  1616.336
 2880.0  1654.553
 2885.0  1691.251
 2890.0  1726.328
 2895.0  1759.684
 2900.0  1791.217
 2905.0  1822.268
 2910.0  1853.532
 2915.0  1883.935
 2920.0  1912.406
 2925.0  1937.872
 2930.0  1959.261
 2935.0  1975.501
 2940.0  1987.493
 2945.0  1997.311
 2950.0  2005.642
 2955.0  2013.173
 2960.0  2020.591
 2965.0  2028.582
 2970.0  2037.835
 2975.0  2048.280
 2980.0  2059.321
 2985.0  2070.850
 2990.0  2082.762
 2995.0  2094.948
 3000.0  2107.304
 3005.0  2119.722
 3010.0  2132.602
 3015.0  2146.180
 3020.0  2160.106
 3025.0  2174.030
 3030.0  2187.600
 3035.0  2200.465
 3040.0  2212.276
 3045.0  2223.168
 3050.0  2233.551
 3055.0  2243.486
 3060.0  2253.030
 3065.0  2262.245
 3070.0  2271.188
 3075.0  2279.919
 3080.0  2288.107
 3085.0  2295.606
 3090.0  2302.756
 3095.0  2309.898
 3100.0  2317.370
 3105.0  2325.515
 3110.0  2334.671
 3115.0  2345.616
 3120.0  2358.432
 3125.0  2372.412
 3130.0  2386.852
 3135.0  2401.047
 3140.0  2414.290
 3145.0  2425.877
 3150.0  2436.492
 3155.0  2447.066
 3160.0  2457.266
 3165.0  2466.759
 3170.0  2475.212
 3175.0  2482.291
 3180.0  2487.663
 3185.0  2491.480
 3190.0  2494.371
 3195.0  2496.716
 3200.0  2498.893
 3205.0  2501.283
 3210.0  2504.266
 3215.0  2508.222
 3220.0  2514.583
 3225.0  2523.876
 3230.0  2535.127
 3235.0  2547.358
 3240.0  2559.596
 3245.0  2570.863
 3250.0  2580.184
 3255.0  2588.428
 3260.0  2596.831
 3265.0  2604.963
 3270.0  2612.397
 3275.0  2618.705
 3280.0  2623.460
 3285.0  2626.234
 3290.0  2627.655
 3295.0  2628.716
 3300.0  2629.538
 3305.0  2630.237
 3310.0  2630.933
 3315.0  2631.745
 3320.0  2632.792
 3325.0  2634.022
 3330.0  2635.335
 3335.0  2636.770
 3340.0  2638.369
 3345.0  2640.173
 3350.0  2642.223
 3355.0  2644.560
 3360.0  2648.263
 3365.0  2653.803
 3370.0  2660.301
 3375.0  2666.881
 3380.0  2672.667
 3385.0  2676.781
 3390.0  2678.348
 3395.0  2678.069
 3400.0  2677.350
 3405.0  2676.366
 3410.0  2675.294
 3415.0  2674.311
 3420.0  2673.592
 3425.0  2673.313
 3430.0  2673.360
 3435.0  2673.481
 3440.0  2673.647
 3445.0  2673.827
 3450.0  2673.993
 3455.0  2674.114
 3460.0  2674.161
 3465.0  2673.868
 3470.0  2673.042
 3475.0  2671.768
 3480.0  2670.128
 3485.0  2668.204
 3490.0  2666.080
 3495.0  2663.838
 3500.0  2661.562
 3505.0  2395.169
 3510.0  2393.788
 3515.0  2392.491
 3520.0  2391.286
 3525.0  2390.183
 3530.0  2389.189
 3535.0  2388.368
 3540.0  2387.716
 3545.0  2387.150
 3550.0  2386.584
 3555.0  2385.931
 3560.0  2385.108
 3565.0  2384.029
 3570.0  2382.052
 3575.0  2378.841
 3580.0  2374.768
 3585.0  2370.203
 3590.0  2365.518
 3595.0  2361.084
 3600.0  2357.273
 3605.0  2353.942
 3610.0  2350.704
 3615.0  2347.565
 3620.0  2344.530
 3625.0  2341.606
 3630.0  2338.798
 3635.0  2336.112
