 2865.0  1406.846
 2870.0  1450.632
 2875.0  1492.571
 2880.0  1532.424
 2885.0  1569.953
 2890.0  1604.919
 2895.0  1637.083
 2900.0  1666.208
 2905.0  1692.555
 2910.0  1716.796
 2915.0  1739.304
 2920.0  1760.453
 2925.0  1780.616
 2930.0  1800.165
 2935.0  1819.476
 2940.0  1838.794
 2945.0  1857.923
 2950.0  1876.568
 2955.0  1894.435
 2960.0  1911.231
 2965.0  1926.660
 2970.0  1940.430
 2975.0  1952.654
 2980.0  1963.806
 2985.0  1974.127
 2990.0  1983.859
 2995.0  1993.246
 3000.0  2002.530
 3005.0  2011.953
 3010.0  2021.496
 3015.0  2030.946
 3020.0  2040.250
 3025.0  2049.358
 3030.0  2058.218
 3035.0  2066.780
 3040.0  2074.991
 3045.0  2082.797
 3050.0  2090.244
 3055.0  2097.431
 3060.0  2104.459
 3065.0  2111.427
 3070.0  2118.436
 3075.0  2125.585
 3080.0  2132.673
 3085.0  2139.543
 3090.0  2146.364
 3095.0  2153.305
 3100.0  2160.534
 3105.0  2168.219
 3110.0  2176.530
 3115.0  2185.879
 3120.0  2196.316
 3125.0  2207.470
 3130.0  2218.967
 3135.0  2230.433
 3140.0  2241.497
 3145.0  2251.786
 3150.0  2261.534
 3155.0  2271.168
 3160.0  2280.599
 3165.0  2289.739
 3170.0  2298.500
 3175.0  2306.793
 3180.0  2314.530
 3185.0  2321.774
 3190.0  2328.667
 3195.0  2335.240
 3200.0  2341.523
 3205.0  2347.546
 3210.0  2353.340
 3215.0  2358.935
 3220.0  2364.311
 3225.0  2369.455
 3230.0  2374.403
 3235.0  2379.192
 3240.0  2383.859
 3245.0  2388.441
 3250.0  2392.975
 3255.0  2397.581
 3260.0  2402.268
 3265.0  2406.912
 3270.0  2411.389
 3275.0  2415.573
 3280.0  2419.341
 3285.0  2422.566
 3290.0  2425.255
 3295.0  2427.580
 3300.0  2429.665
 3305.0  2431.636
 3310.0  2433.619
 3315.0  2435.739
 3320.0  2438.121
 3325.0  2441.007
 3330.0  2444.376
 3335.0  2447.962
 3340.0  2451.500
 3345.0  2454.724
 3350.0  2457.368
 3355.0  2459.166
 3360.0  2460.388
 3365.0  2461.480
 3370.0  2462.440
 3375.0  2463.264
 3380.0  2463.949
 3385.0  2464.494
 3390.0  2464.895
 3395.0  2465.216
 3400.0  2465.515
 3405.0  2465.783
 3410.0  2466.009
 3415.0  2466.182
 3420.0  2466.294
 3425.0  2466.333
 3430.0  2466.300
 3435.0  2466.213
 3440.0  2466.095
 3445.0  2465.966
 3450.0  2465.848
 3455.0  2465.762
 3460.0  2465.728
 3465.0  2465.797
 3470.0  2465.992
 3475.0  2466.297
 3480.0  2466.694
 3485.0  2467.167
 3490.0  2467.698
 3495.0  2468.271
 3500.0  2468.869
 3505.0  2188.784
 3510.0  2182.178
 3515.0  2176.511
 3520.0  2172.089
 3525.0  2169.213
 3530.0  2168.187
 3535.0  2168.229
 3540.0  2168.338
 3545.0  2168.487
 3550.0  2168.650
 3555.0  2168.799
 3560.0  2168.908
 3565.0  2168.950
 3570.0  2168.598
 3575.0  2167.638
 3580.0  2166.212
 3585.0  2164.465
 3590.0  2162.539
 3595.0  2160.578
 3600.0  2158.725
 3605.0  2156.903
 3610.0  2154.944
 3615.0  2152.859
 3620.0  2150.656
 3625.0  2148.343
 3630.0  2145.929
 3635.0  2143.424
