 2865.0  1554.877
 2870.0  1583.227
 2875.0  1611.463
 2880.0  1639.584
 2885.0  1667.588
 2890.0  1695.476
 2895.0  1723.247
 2900.0  1750.899
 2905.0  1778.974
 2910.0  1807.654
 2915.0  1836.399
 2920.0  1864.672
 2925.0  1891.932
 2930.0  1917.643
 2935.0  1941.265
 2940.0  1963.541
 2945.0  1985.334
 2950.0  2006.288
 2955.0  2026.043
 2960.0  2044.242
 2965.0  2060.527
 2970.0  2074.540
 2975.0  2086.437
 2980.0  2096.885
 2985.0  2106.291
 2990.0  2115.066
 2995.0  2123.619
 3000.0  2132.359
 3005.0  2141.694
 3010.0  2151.575
 3015.0  2161.621
 3020.0  2171.748
 3025.0  2181.871
 3030.0  2191.904
 3035.0  2201.763
 3040.0  2211.362
 3045.0  2220.805
 3050.0  2230.208
 3055.0  2239.501
 3060.0  2248.617
 3065.0  2257.488
 3070.0  2266.044
 3075.0  2274.218
 3080.0  2281.789
 3085.0  2288.763
 3090.0  2295.414
 3095.0  2302.015
 3100.0  2308.841
 3105.0  2316.164
 3110.0  2324.259
 3115.0  2333.439
 3120.0  2343.632
 3125.0  2354.536
 3130.0  2365.846
 3135.0  2377.258
 3140.0  2388.471
 3145.0  2399.178
 3150.0  2409.697
 3155.0  2420.402
 3160.0  2431.084
 3165.0  2441.533
 3170.0  2451.538
 3175.0  2460.889
 3180.0  2469.376
 3185.0  2477.293
 3190.0  2484.992
 3195.0  2492.347
 3200.0  2499.231
 3205.0  2505.520
 3210.0  2511.086
 3215.0  2515.805
 3220.0  2519.653
 3225.0  2522.851
 3230.0  2525.646
 3235.0  2528.285
 3240.0  2531.013
 3245.0  2534.075
 3250.0  2537.719
 3255.0  2542.384
 3260.0  2548.067
 3265.0  2554.344
 3270.0  2560.791
 3275.0  2566.985
 3280.0  2572.503
 3285.0  2576.920
 3290.0  2580.411
 3295.0  2583.500
 3300.0  2586.288
 3305.0  2588.877
 3310.0  2591.368
 3315.0  2593.863
 3320.0  2596.464
 3325.0  2599.162
 3330.0  2601.862
 3335.0  2604.542
 3340.0  2607.179
 3345.0  2609.750
 3350.0  2612.232
 3355.0  2614.603
 3360.0  2617.103
 3365.0  2619.840
 3370.0  2622.588
 3375.0  2625.119
 3380.0  2627.208
 3385.0  2628.627
 3390.0  2629.151
 3395.0  2628.475
 3400.0  2626.733
 3405.0  2624.350
 3410.0  2621.755
 3415.0  2619.372
 3420.0  2617.630
 3425.0  2616.954
 3430.0  2617.245
 3435.0  2617.996
 3440.0  2619.021
 3445.0  2620.139
 3450.0  2621.165
 3455.0  2621.915
 3460.0  2622.206
 3465.0  2621.797
 3470.0  2620.629
 3475.0  2618.794
 3480.0  2616.383
 3485.0  2613.484
 3490.0  2610.191
 3495.0  2606.592
 3500.0  2602.779
 3505.0  2349.854
 3510.0  2347.112
 3515.0  2344.394
 3520.0  2341.698
 3525.0  2339.026
 3530.0  2336.378
 3535.0  2333.821
 3540.0  2331.377
 3545.0  2328.978
 3550.0  2326.556
 3555.0  2324.041
 3560.0  2321.367
 3565.0  2318.464
 3570.0  2315.164
 3575.0  2311.451
 3580.0  2307.484
 3585.0  2303.422
 3590.0  2299.425
 3595.0  2295.650
 3600.0  2292.258
 3605.0  2289.161
 3610.0  2286.174
 3615.0  2283.308
 3620.0  2280.572
 3625.0  2277.975
 3630.0  2275.529
 3635.0  2273.243
