 2865.0  1667.102
 2870.0  1691.403
 2875.0  1715.971
 2880.0  1740.802
 2885.0  1765.892
 2890.0  1791.237
 2895.0  1816.834
 2900.0  1842.678
 2905.0  1869.280
 2910.0  1896.821
 2915.0  1924.799
 2920.0  1952.715
 2925.0  1980.068
 2930.0  2006.357
 2935.0  2031.083
 2940.0  2055.749
 2945.0  2081.364
 2950.0  2106.684
 2955.0  2130.466
 2960.0  2151.465
 2965.0  2168.438
 2970.0  2180.139
 2975.0  2187.734
 2980.0  2193.611
 2985.0  2198.369
 2990.0  2202.603
 2995.0  2206.912
 3000.0  2211.892
 3005.0  2218.140
 3010.0  2225.799
 3015.0  2234.526
 3020.0  2244.184
 3025.0  2254.636
 3030.0  2265.745
 3035.0  2277.376
 3040.0  2289.392
 3045.0  2302.304
 3050.0  2316.496
 3055.0  2331.639
 3060.0  2347.404
 3065.0  2363.461
 3070.0  2379.481
 3075.0  2395.136
 3080.0  2411.347
 3085.0  2428.715
 3090.0  2446.430
 3095.0  2463.679
 3100.0  2479.651
 3105.0  2493.536
 3110.0  2504.522
 3115.0  2512.810
 3120.0  2519.539
 3125.0  2525.305
 3130.0  2530.700
 3135.0  2536.322
 3140.0  2542.763
 3145.0  2550.620
 3150.0  2560.703
 3155.0  2572.959
 3160.0  2586.686
 3165.0  2601.181
 3170.0  2615.740
 3175.0  2629.663
 3180.0  2642.246
 3185.0  2653.844
 3190.0  2665.225
 3195.0  2676.310
 3200.0  2687.015
 3205.0  2697.260
 3210.0  2706.963
 3215.0  2716.043
 3220.0  2724.577
 3225.0  2732.714
 3230.0  2740.478
 3235.0  2747.894
 3240.0  2754.986
 3245.0  2761.781
 3250.0  2768.302
 3255.0  2774.418
 3260.0  2780.090
 3265.0  2785.477
 3270.0  2790.743
 3275.0  2796.049
 3280.0  2801.557
 3285.0  2807.428
 3290.0  2814.169
 3295.0  2821.814
 3300.0  2829.819
 3305.0  2837.638
 3310.0  2844.727
 3315.0  2850.541
 3320.0  2854.533
 3325.0  2857.382
 3330.0  2860.059
 3335.0  2862.469
 3340.0  2864.513
 3345.0  2866.094
 3350.0  2867.114
 3355.0  2867.476
 3360.0  2867.345
 3365.0  2867.008
 3370.0  2866.546
 3375.0  2866.044
 3380.0  2865.582
 3385.0  2865.245
 3390.0  2865.114
 3395.0  2865.243
 3400.0  2865.575
 3405.0  2866.030
 3410.0  2866.525
 3415.0  2866.980
 3420.0  2867.312
 3425.0  2867.441
 3430.0  2866.762
 3435.0  2864.940
 3440.0  2862.296
 3445.0  2859.154
 3450.0  2855.835
 3455.0  2852.663
 3460.0  2849.958
 3465.0  2847.611
 3470.0  2845.298
 3475.0  2843.019
 3480.0  2840.775
 3485.0  2838.567
 3490.0  2836.396
 3495.0  2834.263
 3500.0  2832.167
 3505.0  2512.605
 3510.0  2507.594
 3515.0  2503.311
 3520.0  2499.978
 3525.0  2497.816
 3530.0  2497.046
 3535.0  2497.085
 3540.0  2497.195
 3545.0  2497.372
 3550.0  2497.609
 3555.0  2497.900
 3560.0  2498.238
 3565.0  2498.618
 3570.0  2499.595
 3575.0  2501.473
 3580.0  2503.869
 3585.0  2506.400
 3590.0  2508.682
 3595.0  2510.333
 3600.0  2510.968
 3605.0  2509.835
 3610.0  2506.612
 3615.0  2501.562
 3620.0  2494.951
 3625.0  2487.043
 3630.0  2478.103
 3635.0  2468.393
