 2865.0  1664.913
 2870.0  1707.889
 2875.0  1749.088
 2880.0  1788.291
 2885.0  1825.278
 2890.0  1859.831
 2895.0  1891.730
 2900.0  1920.757
 2905.0  1947.196
 2910.0  1971.681
 2915.0  1994.509
 2920.0  2015.977
 2925.0  2036.384
 2930.0  2056.027
 2935.0  2075.204
 2940.0  2093.979
 2945.0  2112.178
 2950.0  2129.741
 2955.0  2146.610
 2960.0  2162.725
 2965.0  2178.027
 2970.0  2192.457
 2975.0  2206.060
 2980.0  2218.977
 2985.0  2231.297
 2990.0  2243.108
 2995.0  2254.498
 3000.0  2265.556
 3005.0  2276.369
 3010.0  2286.848
 3015.0  2296.908
 3020.0  2306.643
 3025.0  2316.148
 3030.0  2325.520
 3035.0  2334.852
 3040.0  2344.240
 3045.0  2353.565
 3050.0  2362.705
 3055.0  2371.747
 3060.0  2380.782
 3065.0  2389.897
 3070.0  2399.181
 3075.0  2408.724
 3080.0  2418.453
 3085.0  2428.273
 3090.0  2438.232
 3095.0  2448.379
 3100.0  2458.763
 3105.0  2469.434
 3110.0  2480.439
 3115.0  2492.242
 3120.0  2504.970
 3125.0  2518.174
 3130.0  2531.401
 3135.0  2544.201
 3140.0  2556.123
 3145.0  2566.715
 3150.0  2576.082
 3155.0  2584.742
 3160.0  2592.866
 3165.0  2600.626
 3170.0  2608.193
 3175.0  2615.738
 3180.0  2623.433
 3185.0  2631.194
 3190.0  2638.845
 3195.0  2646.414
 3200.0  2653.927
 3205.0  2661.413
 3210.0  2668.901
 3215.0  2676.417
 3220.0  2684.204
 3225.0  2692.317
 3230.0  2700.505
 3235.0  2708.518
 3240.0  2716.106
 3245.0  2723.018
 3250.0  2729.004
 3255.0  2734.284
 3260.0  2739.240
 3265.0  2743.862
 3270.0  2748.143
 3275.0  2752.073
 3280.0  2755.644
 3285.0  2758.847
 3290.0  2761.613
 3295.0  2763.980
 3300.0  2766.102
 3305.0  2768.130
 3310.0  2770.218
 3315.0  2772.518
 3320.0  2775.185
 3325.0  2778.441
 3330.0  2782.259
 3335.0  2786.418
 3340.0  2790.693
 3345.0  2794.862
 3350.0  2798.702
 3355.0  2801.989
 3360.0  2804.993
 3365.0  2808.034
 3370.0  2810.966
 3375.0  2813.641
 3380.0  2815.913
 3385.0  2817.634
 3390.0  2818.659
 3395.0  2819.260
 3400.0  2819.800
 3405.0  2820.268
 3410.0  2820.652
 3415.0  2820.941
 3420.0  2821.123
 3425.0  2821.186
 3430.0  2821.161
 3435.0  2821.088
 3440.0  2820.971
 3445.0  2820.813
 3450.0  2820.620
 3455.0  2820.393
 3460.0  2820.139
 3465.0  2819.674
 3470.0  2818.850
 3475.0  2817.722
 3480.0  2816.344
 3485.0  2814.769
 3490.0  2813.053
 3495.0  2811.248
 3500.0  2809.410
 3505.0  2520.304
 3510.0  2516.875
 3515.0  2513.564
 3520.0  2510.380
 3525.0  2507.328
 3530.0  2504.416
 3535.0  2501.676
 3540.0  2499.102
 3545.0  2496.643
 3550.0  2494.249
 3555.0  2491.870
 3560.0  2489.455
 3565.0  2486.954
 3570.0  2484.396
 3575.0  2481.835
 3580.0  2479.259
 3585.0  2476.654
 3590.0  2474.006
 3595.0  2471.302
 3600.0  2468.529
 3605.0  2465.685
 3610.0  2462.780
 3615.0  2459.816
 3620.0  2456.793
 3625.0  2453.714
 3630.0  2450.581
 3635.0  2447.394
