 2865.0  1423.911
 2870.0  1462.255
 2875.0  1499.104
 2880.0  1534.297
 2885.0  1567.671
 2890.0  1599.065
 2895.0  1628.315
 2900.0  1655.260
 2905.0  1680.487
 2910.0  1704.588
 2915.0  1727.409
 2920.0  1748.794
 2925.0  1768.589
 2930.0  1786.640
 2935.0  1802.790
 2940.0  1816.800
 2945.0  1828.976
 2950.0  1839.980
 2955.0  1850.477
 2960.0  1861.130
 2965.0  1872.602
 2970.0  1885.557
 2975.0  1900.807
 2980.0  1918.119
 2985.0  1936.589
 2990.0  1955.311
 2995.0  1973.381
 3000.0  1989.893
 3005.0  2003.944
 3010.0  2015.749
 3015.0  2026.356
 3020.0  2036.110
 3025.0  2045.357
 3030.0  2054.441
 3035.0  2063.707
 3040.0  2073.499
 3045.0  2083.615
 3050.0  2093.682
 3055.0  2103.789
 3060.0  2114.026
 3065.0  2124.483
 3070.0  2135.248
 3075.0  2146.412
 3080.0  2158.079
 3085.0  2170.222
 3090.0  2182.738
 3095.0  2195.520
 3100.0  2208.464
 3105.0  2221.464
 3110.0  2234.415
 3115.0  2247.821
 3120.0  2261.944
 3125.0  2276.319
 3130.0  2290.479
 3135.0  2303.958
 3140.0  2316.290
 3145.0  2327.010
 3150.0  2336.052
 3155.0  2343.946
 3160.0  2351.118
 3165.0  2357.996
 3170.0  2365.004
 3175.0  2372.569
 3180.0  2381.117
 3185.0  2391.155
 3190.0  2402.537
 3195.0  2414.710
 3200.0  2427.121
 3205.0  2439.218
 3210.0  2450.447
 3215.0  2460.256
 3220.0  2468.733
 3225.0  2476.480
 3230.0  2483.711
 3235.0  2490.640
 3240.0  2497.482
 3245.0  2504.450
 3250.0  2511.759
 3255.0  2520.171
 3260.0  2529.748
 3265.0  2539.661
 3270.0  2549.078
 3275.0  2557.169
 3280.0  2563.101
 3285.0  2566.044
 3290.0  2567.009
 3295.0  2567.648
 3300.0  2568.091
 3305.0  2568.466
 3310.0  2568.903
 3315.0  2569.531
 3320.0  2570.479
 3325.0  2573.782
 3330.0  2580.446
 3335.0  2589.061
 3340.0  2598.216
 3345.0  2606.502
 3350.0  2612.508
 3355.0  2614.823
 3360.0  2613.746
 3365.0  2610.968
 3370.0  2607.170
 3375.0  2603.032
 3380.0  2599.234
 3385.0  2596.456
 3390.0  2595.379
 3395.0  2596.103
 3400.0  2597.970
 3405.0  2600.523
 3410.0  2603.304
 3415.0  2605.857
 3420.0  2607.724
 3425.0  2608.448
 3430.0  2606.769
 3435.0  2602.440
 3440.0  2596.519
 3445.0  2590.069
 3450.0  2584.148
 3455.0  2579.819
 3460.0  2578.140
 3465.0  2578.143
 3470.0  2578.168
 3475.0  2578.234
 3480.0  2578.362
 3485.0  2578.574
 3490.0  2578.891
 3495.0  2579.332
 3500.0  2579.920
 3505.0  2283.499
 3510.0  2285.897
 3515.0  2287.588
 3520.0  2288.671
 3525.0  2289.248
 3530.0  2289.418
 3535.0  2288.051
 3540.0  2284.524
 3545.0  2279.702
 3550.0  2274.448
 3555.0  2269.626
 3560.0  2266.100
 3565.0  2264.733
 3570.0  2265.638
 3575.0  2267.973
 3580.0  2271.165
 3585.0  2274.644
 3590.0  2277.837
 3595.0  2280.171
 3600.0  2281.077
 3605.0  2279.984
 3610.0  2276.859
 3615.0  2271.927
 3620.0  2265.418
 3625.0  2257.559
 3630.0  2248.577
 3635.0  2238.700
