 2865.0  1508.493
 2870.0  1548.250
 2875.0  1586.521
 2880.0  1623.159
 2885.0  1658.014
 2890.0  1690.938
 2895.0  1721.784
 2900.0  1750.403
 2905.0  1777.165
 2910.0  1802.558
 2915.0  1826.606
 2920.0  1849.332
 2925.0  1870.761
 2930.0  1890.918
 2935.0  1909.827
 2940.0  1927.607
 2945.0  1944.419
 2950.0  1960.343
 2955.0  1975.463
 2960.0  1989.861
 2965.0  2003.619
 2970.0  2016.819
 2975.0  2029.384
 2980.0  2041.273
 2985.0  2052.627
 2990.0  2063.582
 2995.0  2074.277
 3000.0  2084.851
 3005.0  2095.442
 3010.0  2106.138
 3015.0  2116.849
 3020.0  2127.451
 3025.0  2137.819
 3030.0  2147.828
 3035.0  2157.353
 3040.0  2166.269
 3045.0  2174.373
 3050.0  2181.750
 3055.0  2188.700
 3060.0  2195.528
 3065.0  2202.534
 3070.0  2210.022
 3075.0  2218.293
 3080.0  2227.639
 3085.0  2237.943
 3090.0  2248.896
 3095.0  2260.191
 3100.0  2271.519
 3105.0  2282.573
 3110.0  2293.045
 3115.0  2303.025
 3120.0  2312.825
 3125.0  2322.465
 3130.0  2331.964
 3135.0  2341.345
 3140.0  2350.626
 3145.0  2359.829
 3150.0  2369.133
 3155.0  2378.583
 3160.0  2387.997
 3165.0  2397.190
 3170.0  2405.981
 3175.0  2414.186
 3180.0  2421.622
 3185.0  2428.333
 3190.0  2434.556
 3195.0  2440.398
 3200.0  2445.969
 3205.0  2451.376
 3210.0  2456.728
 3215.0  2462.132
 3220.0  2467.564
 3225.0  2472.921
 3230.0  2478.197
 3235.0  2483.389
 3240.0  2488.489
 3245.0  2493.493
 3250.0  2498.394
 3255.0  2503.227
 3260.0  2508.010
 3265.0  2512.718
 3270.0  2517.326
 3275.0  2521.808
 3280.0  2526.139
 3285.0  2530.294
 3290.0  2534.432
 3295.0  2538.638
 3300.0  2542.776
 3305.0  2546.707
 3310.0  2550.296
 3315.0  2553.405
 3320.0  2555.896
 3325.0  2558.052
 3330.0  2560.172
 3335.0  2562.149
 3340.0  2563.874
 3345.0  2565.241
 3350.0  2566.140
 3355.0  2566.463
 3360.0  2562.935
 3365.0  2553.837
 3370.0  2541.396
 3375.0  2527.840
 3380.0  2515.399
 3385.0  2506.301
 3390.0  2502.773
 3395.0  2506.905
 3400.0  2517.583
 3405.0  2532.230
 3410.0  2548.269
 3415.0  2563.123
 3420.0  2574.214
 3425.0  2578.965
 3430.0  2579.640
 3435.0  2580.220
 3440.0  2580.701
 3445.0  2581.081
 3450.0  2581.356
 3455.0  2581.523
 3460.0  2581.579
 3465.0  2581.268
 3470.0  2580.387
 3475.0  2579.014
 3480.0  2577.225
 3485.0  2575.097
 3490.0  2572.708
 3495.0  2570.136
 3500.0  2567.456
 3505.0  2279.820
 3510.0  2274.211
 3515.0  2269.213
 3520.0  2264.967
 3525.0  2261.611
 3530.0  2259.286
 3535.0  2257.569
 3540.0  2255.979
 3545.0  2254.568
 3550.0  2253.383
 3555.0  2252.476
 3560.0  2251.895
 3565.0  2251.690
 3570.0  2251.748
 3575.0  2251.895
 3580.0  2252.097
 3585.0  2252.317
 3590.0  2252.519
 3595.0  2252.666
 3600.0  2252.723
 3605.0  2252.200
 3610.0  2250.729
 3615.0  2248.461
 3620.0  2245.548
 3625.0  2242.141
 3630.0  2238.389
 3635.0  2234.445
