 2865.0  1587.535
 2870.0  1627.322
 2875.0  1665.725
 2880.0  1702.620
 2885.0  1737.888
 2890.0  1771.406
 2895.0  1803.054
 2900.0  1832.709
 2905.0  1860.688
 2910.0  1887.390
 2915.0  1912.825
 2920.0  1937.002
 2925.0  1959.929
 2930.0  1981.616
 2935.0  2002.073
 2940.0  2021.379
 2945.0  2039.679
 2950.0  2057.080
 2955.0  2073.687
 2960.0  2089.607
 2965.0  2104.945
 2970.0  2119.807
 2975.0  2134.127
 2980.0  2147.835
 2985.0  2161.032
 2990.0  2173.821
 2995.0  2186.301
 3000.0  2198.576
 3005.0  2210.746
 3010.0  2222.738
 3015.0  2234.447
 3020.0  2245.928
 3025.0  2257.234
 3030.0  2268.418
 3035.0  2279.535
 3040.0  2290.639
 3045.0  2301.954
 3050.0  2313.510
 3055.0  2325.064
 3060.0  2336.378
 3065.0  2347.208
 3070.0  2357.315
 3075.0  2366.458
 3080.0  2374.399
 3085.0  2381.349
 3090.0  2387.734
 3095.0  2393.983
 3100.0  2400.521
 3105.0  2407.777
 3110.0  2416.178
 3115.0  2426.525
 3120.0  2438.858
 3125.0  2452.460
 3130.0  2466.613
 3135.0  2480.602
 3140.0  2493.709
 3145.0  2505.217
 3150.0  2515.786
 3155.0  2526.337
 3160.0  2536.546
 3165.0  2546.090
 3170.0  2554.644
 3175.0  2561.886
 3180.0  2567.490
 3185.0  2571.582
 3190.0  2574.749
 3195.0  2577.363
 3200.0  2579.794
 3205.0  2582.413
 3210.0  2585.592
 3215.0  2589.701
 3220.0  2595.885
 3225.0  2604.465
 3230.0  2614.575
 3235.0  2625.350
 3240.0  2635.925
 3245.0  2645.434
 3250.0  2653.013
 3255.0  2659.040
 3260.0  2664.529
 3265.0  2669.572
 3270.0  2674.256
 3275.0  2678.671
 3280.0  2682.907
 3285.0  2687.053
 3290.0  2691.370
 3295.0  2695.883
 3300.0  2700.329
 3305.0  2704.445
 3310.0  2707.968
 3315.0  2710.636
 3320.0  2712.184
 3325.0  2712.934
 3330.0  2713.449
 3335.0  2713.821
 3340.0  2714.146
 3345.0  2714.520
 3350.0  2715.035
 3355.0  2715.788
 3360.0  2717.877
 3365.0  2721.810
 3370.0  2726.798
 3375.0  2732.052
 3380.0  2736.781
 3385.0  2740.198
 3390.0  2741.513
 3395.0  2740.669
 3400.0  2738.494
 3405.0  2735.519
 3410.0  2732.278
 3415.0  2729.304
 3420.0  2727.128
 3425.0  2726.285
 3430.0  2726.885
 3435.0  2728.432
 3440.0  2730.547
 3445.0  2732.852
 3450.0  2734.967
 3455.0  2736.514
 3460.0  2737.114
 3465.0  2737.104
 3470.0  2737.038
 3475.0  2736.859
 3480.0  2736.510
 3485.0  2735.935
 3490.0  2735.077
 3495.0  2733.879
 3500.0  2732.286
 3505.0  2471.178
 3510.0  2470.476
 3515.0  2469.710
 3520.0  2468.887
 3525.0  2468.015
 3530.0  2467.099
 3535.0  2466.171
 3540.0  2465.223
 3545.0  2464.205
 3550.0  2463.068
 3555.0  2461.765
 3560.0  2460.244
 3565.0  2458.458
 3570.0  2455.805
 3575.0  2451.951
 3580.0  2447.253
 3585.0  2442.068
 3590.0  2436.750
 3595.0  2431.657
 3600.0  2427.145
 3605.0  2423.082
 3610.0  2419.105
 3615.0  2415.215
 3620.0  2411.418
 3625.0  2407.716
 3630.0  2404.113
 3635.0  2400.611
