 2865.0  1718.194
 2870.0  1759.774
 2875.0  1799.674
 2880.0  1837.698
 2885.0  1873.647
 2890.0  1907.325
 2895.0  1938.536
 2900.0  1967.082
 2905.0  1993.029
 2910.0  2016.880
 2915.0  2039.095
 2920.0  2060.133
 2925.0  2080.453
 2930.0  2100.514
 2935.0  2120.777
 2940.0  2141.603
 2945.0  2162.723
 2950.0  2183.645
 2955.0  2203.880
 2960.0  2222.936
 2965.0  2240.323
 2970.0  2255.551
 2975.0  2268.968
 2980.0  2281.343
 2985.0  2292.813
 2990.0  2303.516
 2995.0  2313.591
 3000.0  2323.177
 3005.0  2332.410
 3010.0  2341.054
 3015.0  2348.961
 3020.0  2356.399
 3025.0  2363.637
 3030.0  2370.942
 3035.0  2378.583
 3040.0  2386.829
 3045.0  2395.721
 3050.0  2405.055
 3055.0  2414.730
 3060.0  2424.648
 3065.0  2434.707
 3070.0  2444.809
 3075.0  2454.853
 3080.0  2464.853
 3085.0  2474.906
 3090.0  2485.030
 3095.0  2495.249
 3100.0  2505.583
 3105.0  2516.053
 3110.0  2526.680
 3115.0  2537.649
 3120.0  2549.006
 3125.0  2560.565
 3130.0  2572.143
 3135.0  2583.552
 3140.0  2594.607
 3145.0  2605.124
 3150.0  2615.085
 3155.0  2624.668
 3160.0  2633.973
 3165.0  2643.104
 3170.0  2652.162
 3175.0  2661.249
 3180.0  2670.468
 3185.0  2680.030
 3190.0  2689.917
 3195.0  2699.882
 3200.0  2709.677
 3205.0  2719.057
 3210.0  2727.774
 3215.0  2735.582
 3220.0  2742.679
 3225.0  2749.417
 3230.0  2755.786
 3235.0  2761.776
 3240.0  2767.376
 3245.0  2772.576
 3250.0  2777.364
 3255.0  2781.700
 3260.0  2785.629
 3265.0  2789.271
 3270.0  2792.745
 3275.0  2796.173
 3280.0  2799.672
 3285.0  2803.364
 3290.0  2807.572
 3295.0  2812.297
 3300.0  2817.178
 3305.0  2821.852
 3310.0  2825.956
 3315.0  2829.129
 3320.0  2831.007
 3325.0  2831.940
 3330.0  2832.590
 3335.0  2833.071
 3340.0  2833.493
 3345.0  2833.969
 3350.0  2834.611
 3355.0  2835.531
 3360.0  2837.711
 3365.0  2841.575
 3370.0  2846.397
 3375.0  2851.449
 3380.0  2856.003
 3385.0  2859.334
 3390.0  2860.713
 3395.0  2860.863
 3400.0  2860.992
 3405.0  2861.098
 3410.0  2861.181
 3415.0  2861.241
 3420.0  2861.277
 3425.0  2861.289
 3430.0  2861.125
 3435.0  2860.671
 3440.0  2859.984
 3445.0  2859.120
 3450.0  2858.136
 3455.0  2857.090
 3460.0  2856.038
 3465.0  2854.889
 3470.0  2853.530
 3475.0  2851.981
 3480.0  2850.264
 3485.0  2848.401
 3490.0  2846.413
 3495.0  2844.322
 3500.0  2842.149
 3505.0  2518.427
 3510.0  2512.073
 3515.0  2506.838
 3520.0  2502.891
 3525.0  2500.400
 3530.0  2499.532
 3535.0  2500.369
 3540.0  2502.528
 3545.0  2505.479
 3550.0  2508.695
 3555.0  2511.646
 3560.0  2513.805
 3565.0  2514.642
 3570.0  2514.518
 3575.0  2514.166
 3580.0  2513.612
 3585.0  2512.885
 3590.0  2512.012
 3595.0  2511.020
 3600.0  2509.937
 3605.0  2508.391
 3610.0  2506.065
 3615.0  2503.066
 3620.0  2499.505
 3625.0  2495.489
 3630.0  2491.129
 3635.0  2486.531
