 2865.0  1000.434
 2870.0  1019.610
 2875.0  1038.450
 2880.0  1056.942
 2885.0  1075.077
 2890.0  1092.842
 2895.0  1110.228
 2900.0  1127.223
 2905.0  1144.237
 2910.0  1161.435
 2915.0  1178.434
 2920.0  1194.854
 2925.0  1210.313
 2930.0  1224.431
 2935.0  1236.825
 2940.0  1247.862
 2945.0  1258.176
 2950.0  1267.787
 2955.0  1276.716
 2960.0  1284.982
 2965.0  1292.607
 2970.0  1299.611
 2975.0  1305.829
 2980.0  1311.275
 2985.0  1316.238
 2990.0  1321.007
 2995.0  1325.871
 3000.0  1331.118
 3005.0  1337.037
 3010.0  1343.929
 3015.0  1351.684
 3020.0  1359.970
 3025.0  1368.453
 3030.0  1376.803
 3035.0  1384.688
 3040.0  1391.775
 3045.0  1398.109
 3050.0  1404.033
 3055.0  1409.662
 3060.0  1415.109
 3065.0  1420.489
 3070.0  1425.916
 3075.0  1431.505
 3080.0  1437.141
 3085.0  1442.684
 3090.0  1448.210
 3095.0  1453.797
 3100.0  1459.522
 3105.0  1465.461
 3110.0  1471.693
 3115.0  1478.338
 3120.0  1485.385
 3125.0  1492.710
 3130.0  1500.194
 3135.0  1507.712
 3140.0  1515.142
 3145.0  1522.364
 3150.0  1529.633
 3155.0  1537.146
 3160.0  1544.687
 3165.0  1552.039
 3170.0  1558.987
 3175.0  1565.314
 3180.0  1570.806
 3185.0  1575.675
 3190.0  1580.266
 3195.0  1584.554
 3200.0  1588.517
 3205.0  1592.129
 3210.0  1595.368
 3215.0  1598.210
 3220.0  1600.580
 3225.0  1602.532
 3230.0  1604.241
 3235.0  1605.880
 3240.0  1607.623
 3245.0  1609.643
 3250.0  1612.114
 3255.0  1615.518
 3260.0  1619.952
 3265.0  1625.017
 3270.0  1630.309
 3275.0  1635.429
 3280.0  1639.974
 3285.0  1643.542
 3290.0  1646.307
 3295.0  1648.757
 3300.0  1650.968
 3305.0  1653.012
 3310.0  1654.965
 3315.0  1656.901
 3320.0  1658.895
 3325.0  1660.883
 3330.0  1662.779
 3335.0  1664.624
 3340.0  1666.461
 3345.0  1668.331
 3350.0  1670.276
 3355.0  1672.337
 3360.0  1674.654
 3365.0  1677.241
 3370.0  1679.952
 3375.0  1682.643
 3380.0  1685.167
 3385.0  1687.379
 3390.0  1689.134
 3395.0  1690.633
 3400.0  1692.122
 3405.0  1693.521
 3410.0  1694.748
 3415.0  1695.725
 3420.0  1696.370
 3425.0  1696.603
 3430.0  1696.532
 3435.0  1696.340
 3440.0  1696.057
 3445.0  1695.713
 3450.0  1695.338
 3455.0  1694.964
 3460.0  1694.621
 3465.0  1694.295
 3470.0  1693.956
 3475.0  1693.604
 3480.0  1693.240
 3485.0  1692.863
 3490.0  1692.476
 3495.0  1692.077
 3500.0  1691.669
 3505.0  1523.413
 3510.0  1522.388
 3515.0  1521.326
 3520.0  1520.228
 3525.0  1519.097
 3530.0  1517.934
 3535.0  1516.721
 3540.0  1515.446
 3545.0  1514.125
 3550.0  1512.770
 3555.0  1511.395
 3560.0  1510.014
 3565.0  1508.640
 3570.0  1507.275
 3575.0  1505.905
 3580.0  1504.527
 3585.0  1503.133
 3590.0  1501.718
 3595.0  1500.276
 3600.0  1498.803
 3605.0  1497.297
 3610.0  1495.762
 3615.0  1494.200
 3620.0  1492.610
 3625.0  1490.993
 3630.0  1489.350
 3635.0  1487.682
