 2865.0  1479.536
 2870.0  1513.881
 2875.0  1547.785
 2880.0  1581.237
 2885.0  1614.228
 2890.0  1646.749
 2895.0  1678.788
 2900.0  1710.337
 2905.0  1742.219
 2910.0  1774.734
 2915.0  1807.083
 2920.0  1838.469
 2925.0  1868.094
 2930.0  1895.158
 2935.0  1918.866
 2940.0  1939.930
 2945.0  1959.625
 2950.0  1977.987
 2955.0  1995.054
 2960.0  2010.865
 2965.0  2025.456
 2970.0  2038.866
 2975.0  2051.136
 2980.0  2062.411
 2985.0  2072.884
 2990.0  2082.749
 2995.0  2092.202
 3000.0  2101.434
 3005.0  2110.641
 3010.0  2119.745
 3015.0  2128.564
 3020.0  2137.136
 3025.0  2145.500
 3030.0  2153.693
 3035.0  2161.754
 3040.0  2169.720
 3045.0  2177.452
 3050.0  2184.872
 3055.0  2192.118
 3060.0  2199.327
 3065.0  2206.635
 3070.0  2214.179
 3075.0  2222.095
 3080.0  2230.367
 3085.0  2238.881
 3090.0  2247.626
 3095.0  2256.591
 3100.0  2265.765
 3105.0  2275.139
 3110.0  2284.700
 3115.0  2294.736
 3120.0  2305.362
 3125.0  2316.313
 3130.0  2327.325
 3135.0  2338.133
 3140.0  2348.472
 3145.0  2358.078
 3150.0  2367.022
 3155.0  2375.592
 3160.0  2383.848
 3165.0  2391.848
 3170.0  2399.653
 3175.0  2407.320
 3180.0  2414.910
 3185.0  2422.747
 3190.0  2430.894
 3195.0  2439.016
 3200.0  2446.777
 3205.0  2453.844
 3210.0  2459.882
 3215.0  2464.556
 3220.0  2467.981
 3225.0  2470.686
 3230.0  2472.951
 3235.0  2475.058
 3240.0  2477.289
 3245.0  2479.925
 3250.0  2483.249
 3255.0  2488.025
 3260.0  2494.400
 3265.0  2501.731
 3270.0  2509.376
 3275.0  2516.691
 3280.0  2523.032
 3285.0  2527.758
 3290.0  2531.183
 3295.0  2534.135
 3300.0  2536.734
 3305.0  2539.103
 3310.0  2541.363
 3315.0  2543.635
 3320.0  2546.042
 3325.0  2548.758
 3330.0  2551.733
 3335.0  2554.753
 3340.0  2557.605
 3345.0  2560.074
 3350.0  2561.948
 3355.0  2563.012
 3360.0  2563.574
 3365.0  2564.076
 3370.0  2564.509
 3375.0  2564.864
 3380.0  2565.129
 3385.0  2565.296
 3390.0  2565.353
 3395.0  2565.067
 3400.0  2564.327
 3405.0  2563.316
 3410.0  2562.214
 3415.0  2561.202
 3420.0  2560.462
 3425.0  2560.176
 3430.0  2560.896
 3435.0  2562.752
 3440.0  2565.291
 3445.0  2568.057
 3450.0  2570.595
 3455.0  2572.452
 3460.0  2573.172
 3465.0  2572.847
 3470.0  2571.885
 3475.0  2570.304
 3480.0  2568.121
 3485.0  2565.354
 3490.0  2562.021
 3495.0  2558.140
 3500.0  2553.728
 3505.0  2301.966
 3510.0  2299.974
 3515.0  2297.874
 3520.0  2295.673
 3525.0  2293.380
 3530.0  2291.001
 3535.0  2288.407
 3540.0  2285.536
 3545.0  2282.497
 3550.0  2279.400
 3555.0  2276.352
 3560.0  2273.464
 3565.0  2270.845
 3570.0  2268.555
 3575.0  2266.505
 3580.0  2264.584
 3585.0  2262.680
 3590.0  2260.679
 3595.0  2258.469
 3600.0  2255.939
 3605.0  2253.028
 3610.0  2249.774
 3615.0  2246.206
 3620.0  2242.351
 3625.0  2238.238
 3630.0  2233.897
 3635.0  2229.356
