 2865.0  1536.006
 2870.0  1573.747
 2875.0  1610.319
 2880.0  1645.637
 2885.0  1679.617
 2890.0  1712.176
 2895.0  1743.228
 2900.0  1772.691
 2905.0  1800.667
 2910.0  1827.395
 2915.0  1852.996
 2920.0  1877.593
 2925.0  1901.307
 2930.0  1924.260
 2935.0  1946.572
 2940.0  1969.322
 2945.0  1992.814
 2950.0  2016.013
 2955.0  2037.881
 2960.0  2057.383
 2965.0  2073.483
 2970.0  2085.143
 2975.0  2093.169
 2980.0  2099.464
 2985.0  2104.643
 2990.0  2109.320
 2995.0  2114.107
 3000.0  2119.621
 3005.0  2126.473
 3010.0  2135.277
 3015.0  2145.844
 3020.0  2157.592
 3025.0  2169.936
 3030.0  2182.294
 3035.0  2194.081
 3040.0  2204.715
 3045.0  2214.484
 3050.0  2224.031
 3055.0  2233.300
 3060.0  2242.235
 3065.0  2250.780
 3070.0  2258.879
 3075.0  2266.476
 3080.0  2273.303
 3085.0  2279.361
 3090.0  2284.999
 3095.0  2290.567
 3100.0  2296.412
 3105.0  2302.884
 3110.0  2310.332
 3115.0  2319.371
 3120.0  2330.033
 3125.0  2341.789
 3130.0  2354.110
 3135.0  2366.467
 3140.0  2378.332
 3145.0  2389.175
 3150.0  2399.211
 3155.0  2408.999
 3160.0  2418.531
 3165.0  2427.797
 3170.0  2436.788
 3175.0  2445.493
 3180.0  2453.903
 3185.0  2462.427
 3190.0  2471.226
 3195.0  2479.924
 3200.0  2488.142
 3205.0  2495.504
 3210.0  2501.631
 3215.0  2506.146
 3220.0  2509.298
 3225.0  2511.756
 3230.0  2513.779
 3235.0  2515.622
 3240.0  2517.544
 3245.0  2519.802
 3250.0  2522.652
 3255.0  2526.594
 3260.0  2531.665
 3265.0  2537.427
 3270.0  2543.439
 3275.0  2549.264
 3280.0  2554.461
 3285.0  2558.593
 3290.0  2561.839
 3295.0  2564.730
 3300.0  2567.350
 3305.0  2569.782
 3310.0  2572.112
 3315.0  2574.422
 3320.0  2576.797
 3325.0  2579.118
 3330.0  2581.273
 3335.0  2583.356
 3340.0  2585.459
 3345.0  2587.677
 3350.0  2590.103
 3355.0  2592.831
 3360.0  2596.517
 3365.0  2601.338
 3370.0  2606.675
 3375.0  2611.906
 3380.0  2616.411
 3385.0  2619.569
 3390.0  2620.760
 3395.0  2619.484
 3400.0  2616.194
 3405.0  2611.696
 3410.0  2606.794
 3415.0  2602.296
 3420.0  2599.006
 3425.0  2597.730
 3430.0  2598.119
 3435.0  2599.124
 3440.0  2600.498
 3445.0  2601.994
 3450.0  2603.368
 3455.0  2604.372
 3460.0  2604.762
 3465.0  2604.757
 3470.0  2604.727
 3475.0  2604.643
 3480.0  2604.480
 3485.0  2604.212
 3490.0  2603.812
 3495.0  2603.254
 3500.0  2602.511
 3505.0  2331.076
 3510.0  2328.653
 3515.0  2326.339
 3520.0  2324.141
 3525.0  2322.069
 3530.0  2320.130
 3535.0  2318.400
 3540.0  2316.884
 3545.0  2315.484
 3550.0  2314.104
 3555.0  2312.645
 3560.0  2311.009
 3565.0  2309.100
 3570.0  2306.845
 3575.0  2304.262
 3580.0  2301.388
 3585.0  2298.260
 3590.0  2294.915
 3595.0  2291.390
 3600.0  2287.722
 3605.0  2283.820
 3610.0  2279.585
 3615.0  2275.041
 3620.0  2270.211
 3625.0  2265.119
 3630.0  2259.787
 3635.0  2254.240
