 2865.0  1427.737
 2870.0  1455.943
 2875.0  1483.889
 2880.0  1511.571
 2885.0  1538.984
 2890.0  1566.124
 2895.0  1592.988
 2900.0  1619.572
 2905.0  1647.109
 2910.0  1676.021
 2915.0  1705.084
 2920.0  1733.075
 2925.0  1758.770
 2930.0  1780.948
 2935.0  1798.384
 2940.0  1811.645
 2945.0  1822.629
 2950.0  1832.105
 2955.0  1840.842
 2960.0  1849.611
 2965.0  1859.181
 2970.0  1870.323
 2975.0  1883.517
 2980.0  1898.323
 2985.0  1914.126
 2990.0  1930.313
 2995.0  1946.269
 3000.0  1961.380
 3005.0  1975.031
 3010.0  1986.967
 3015.0  1997.703
 3020.0  2007.785
 3025.0  2017.755
 3030.0  2028.160
 3035.0  2039.542
 3040.0  2052.447
 3045.0  2067.225
 3050.0  2083.691
 3055.0  2101.579
 3060.0  2120.623
 3065.0  2140.558
 3070.0  2161.119
 3075.0  2182.042
 3080.0  2205.397
 3085.0  2232.186
 3090.0  2260.536
 3095.0  2288.577
 3100.0  2314.435
 3105.0  2336.239
 3110.0  2352.118
 3115.0  2363.106
 3120.0  2371.967
 3125.0  2379.426
 3130.0  2386.206
 3135.0  2393.030
 3140.0  2400.623
 3145.0  2409.708
 3150.0  2420.414
 3155.0  2432.243
 3160.0  2444.977
 3165.0  2458.397
 3170.0  2472.285
 3175.0  2486.424
 3180.0  2500.594
 3185.0  2515.572
 3190.0  2531.828
 3195.0  2548.693
 3200.0  2565.495
 3205.0  2581.563
 3210.0  2596.225
 3215.0  2608.812
 3220.0  2619.174
 3225.0  2628.025
 3230.0  2635.986
 3235.0  2643.679
 3240.0  2651.723
 3245.0  2660.742
 3250.0  2671.354
 3255.0  2684.680
 3260.0  2700.757
 3265.0  2718.591
 3270.0  2737.184
 3275.0  2755.541
 3280.0  2772.666
 3285.0  2787.561
 3290.0  2800.736
 3295.0  2813.340
 3300.0  2825.343
 3305.0  2836.710
 3310.0  2847.411
 3315.0  2857.411
 3320.0  2866.680
 3325.0  2876.055
 3330.0  2885.925
 3335.0  2895.584
 3340.0  2904.325
 3345.0  2911.443
 3350.0  2916.232
 3355.0  2917.985
 3360.0  2913.636
 3365.0  2902.422
 3370.0  2887.089
 3375.0  2870.382
 3380.0  2855.049
 3385.0  2843.835
 3390.0  2839.487
 3395.0  2839.900
 3400.0  2840.966
 3405.0  2842.423
 3410.0  2844.010
 3415.0  2845.467
 3420.0  2846.533
 3425.0  2846.946
 3430.0  2843.865
 3435.0  2835.875
 3440.0  2824.851
 3445.0  2812.672
 3450.0  2801.212
 3455.0  2792.350
 3460.0  2787.962
 3465.0  2786.516
 3470.0  2785.241
 3475.0  2784.156
 3480.0  2783.280
 3485.0  2782.632
 3490.0  2782.229
 3495.0  2782.090
 3500.0  2782.235
 3505.0  2465.530
 3510.0  2468.115
 3515.0  2470.220
 3520.0  2471.791
 3525.0  2472.773
 3530.0  2473.112
 3535.0  2472.679
 3540.0  2471.563
 3545.0  2470.037
 3550.0  2468.374
 3555.0  2466.848
 3560.0  2465.732
 3565.0  2465.299
 3570.0  2468.052
 3575.0  2475.151
 3580.0  2484.858
 3585.0  2495.435
 3590.0  2505.142
 3595.0  2512.241
 3600.0  2514.994
 3605.0  2512.267
 3610.0  2504.428
 3615.0  2491.992
 3620.0  2475.472
 3625.0  2455.382
 3630.0  2432.236
 3635.0  2406.548
