 2865.0  1973.196
 2870.0  2025.599
 2875.0  2076.912
 2880.0  2127.091
 2885.0  2176.092
 2890.0  2223.871
 2895.0  2270.385
 2900.0  2315.588
 2905.0  2361.293
 2910.0  2408.212
 2915.0  2454.650
 2920.0  2498.913
 2925.0  2539.306
 2930.0  2574.134
 2935.0  2601.701
 2940.0  2622.972
 2945.0  2640.772
 2950.0  2656.203
 2955.0  2670.366
 2960.0  2684.363
 2965.0  2699.294
 2970.0  2716.262
 2975.0  2735.872
 2980.0  2757.400
 2985.0  2779.951
 2990.0  2802.630
 2995.0  2824.543
 3000.0  2844.795
 3005.0  2862.492
 3010.0  2877.956
 3015.0  2892.260
 3020.0  2905.631
 3025.0  2918.299
 3030.0  2930.491
 3035.0  2942.437
 3040.0  2954.365
 3045.0  2965.637
 3050.0  2975.855
 3055.0  2985.607
 3060.0  2995.477
 3065.0  3006.054
 3070.0  3017.922
 3075.0  3031.669
 3080.0  3049.741
 3085.0  3072.823
 3090.0  3098.856
 3095.0  3125.782
 3100.0  3151.542
 3105.0  3174.078
 3110.0  3191.333
 3115.0  3204.012
 3120.0  3214.657
 3125.0  3223.956
 3130.0  3232.600
 3135.0  3241.279
 3140.0  3250.682
 3145.0  3261.501
 3150.0  3274.078
 3155.0  3287.984
 3160.0  3302.749
 3165.0  3317.902
 3170.0  3332.971
 3175.0  3347.488
 3180.0  3360.981
 3185.0  3373.774
 3190.0  3386.417
 3195.0  3398.778
 3200.0  3410.725
 3205.0  3422.127
 3210.0  3432.851
 3215.0  3442.767
 3220.0  3451.841
 3225.0  3460.246
 3230.0  3468.161
 3235.0  3475.764
 3240.0  3483.231
 3245.0  3490.740
 3250.0  3498.469
 3255.0  3506.297
 3260.0  3514.025
 3265.0  3521.716
 3270.0  3529.432
 3275.0  3537.235
 3280.0  3545.189
 3285.0  3553.356
 3290.0  3562.688
 3295.0  3573.454
 3300.0  3584.687
 3305.0  3595.421
 3310.0  3604.692
 3315.0  3611.533
 3320.0  3614.978
 3325.0  3616.327
 3330.0  3617.511
 3335.0  3618.513
 3340.0  3619.320
 3345.0  3619.916
 3350.0  3620.284
 3355.0  3620.410
 3360.0  3619.344
 3365.0  3616.514
 3370.0  3612.472
 3375.0  3607.772
 3380.0  3602.965
 3385.0  3598.605
 3390.0  3595.244
 3395.0  3592.724
 3400.0  3590.463
 3405.0  3588.385
 3410.0  3586.410
 3415.0  3584.459
 3420.0  3582.454
 3425.0  3580.317
 3430.0  3577.804
 3435.0  3574.904
 3440.0  3571.885
 3445.0  3569.013
 3450.0  3566.556
 3455.0  3564.782
 3460.0  3563.958
 3465.0  3563.713
 3470.0  3563.501
 3475.0  3563.323
 3480.0  3563.182
 3485.0  3563.078
 3490.0  3563.015
 3495.0  3562.993
 3500.0  3563.016
 3505.0  3200.375
 3510.0  3199.003
 3515.0  3197.245
 3520.0  3195.196
 3525.0  3192.950
 3530.0  3190.603
 3535.0  3187.256
 3540.0  3182.368
 3545.0  3176.571
 3550.0  3170.495
 3555.0  3164.770
 3560.0  3160.027
 3565.0  3156.897
 3570.0  3155.112
 3575.0  3153.839
 3580.0  3152.857
 3585.0  3151.944
 3590.0  3150.881
 3595.0  3149.446
 3600.0  3147.418
 3605.0  3143.437
 3610.0  3136.577
 3615.0  3127.269
 3620.0  3115.941
 3625.0  3103.026
 3630.0  3088.952
 3635.0  3074.149
