 2865.0  1416.566
 2870.0  1458.657
 2875.0  1499.123
 2880.0  1537.790
 2885.0  1574.486
 2890.0  1609.037
 2895.0  1641.270
 2900.0  1671.013
 2905.0  1698.652
 2910.0  1724.740
 2915.0  1749.352
 2920.0  1772.560
 2925.0  1794.440
 2930.0  1815.063
 2935.0  1834.505
 2940.0  1853.032
 2945.0  1870.805
 2950.0  1887.738
 2955.0  1903.746
 2960.0  1918.744
 2965.0  1932.647
 2970.0  1945.368
 2975.0  1956.911
 2980.0  1967.488
 2985.0  1977.329
 2990.0  1986.663
 2995.0  1995.720
 3000.0  2004.730
 3005.0  2013.921
 3010.0  2023.278
 3015.0  2032.592
 3020.0  2041.811
 3025.0  2050.881
 3030.0  2059.747
 3035.0  2068.357
 3040.0  2076.657
 3045.0  2084.580
 3050.0  2092.165
 3055.0  2099.518
 3060.0  2106.742
 3065.0  2113.942
 3070.0  2121.222
 3075.0  2128.687
 3080.0  2136.142
 3085.0  2143.432
 3090.0  2150.715
 3095.0  2158.153
 3100.0  2165.904
 3105.0  2174.129
 3110.0  2182.987
 3115.0  2193.102
 3120.0  2204.604
 3125.0  2216.916
 3130.0  2229.460
 3135.0  2241.658
 3140.0  2252.934
 3145.0  2262.709
 3150.0  2271.192
 3155.0  2279.057
 3160.0  2286.420
 3165.0  2293.398
 3170.0  2300.109
 3175.0  2306.670
 3180.0  2313.199
 3185.0  2319.585
 3190.0  2325.698
 3195.0  2331.626
 3200.0  2337.454
 3205.0  2343.268
 3210.0  2349.155
 3215.0  2355.200
 3220.0  2361.661
 3225.0  2368.549
 3230.0  2375.578
 3235.0  2382.463
 3240.0  2388.918
 3245.0  2394.659
 3250.0  2399.400
 3255.0  2403.278
 3260.0  2406.698
 3265.0  2409.777
 3270.0  2412.630
 3275.0  2415.375
 3280.0  2418.127
 3285.0  2421.003
 3290.0  2424.021
 3295.0  2427.086
 3300.0  2430.141
 3305.0  2433.129
 3310.0  2435.993
 3315.0  2438.676
 3320.0  2441.122
 3325.0  2443.355
 3330.0  2445.452
 3335.0  2447.433
 3340.0  2449.320
 3345.0  2451.132
 3350.0  2452.890
 3355.0  2454.616
 3360.0  2456.362
 3365.0  2458.133
 3370.0  2459.873
 3375.0  2461.528
 3380.0  2463.044
 3385.0  2464.364
 3390.0  2465.434
 3395.0  2466.372
 3400.0  2467.298
 3405.0  2468.166
 3410.0  2468.925
 3415.0  2469.527
 3420.0  2469.925
 3425.0  2470.068
 3430.0  2469.807
 3435.0  2469.133
 3440.0  2468.213
 3445.0  2467.210
 3450.0  2466.289
 3455.0  2465.616
 3460.0  2465.355
 3465.0  2465.431
 3470.0  2465.662
 3475.0  2466.054
 3480.0  2466.615
 3485.0  2467.349
 3490.0  2468.263
 3495.0  2469.364
 3500.0  2470.657
 3505.0  2181.038
 3510.0  2173.921
 3515.0  2167.892
 3520.0  2163.234
 3525.0  2160.231
 3530.0  2159.167
 3535.0  2159.487
 3540.0  2160.313
 3545.0  2161.441
 3550.0  2162.671
 3555.0  2163.799
 3560.0  2164.625
 3565.0  2164.945
 3570.0  2164.652
 3575.0  2163.852
 3580.0  2162.657
 3585.0  2161.184
 3590.0  2159.546
 3595.0  2157.860
 3600.0  2156.239
 3605.0  2154.604
 3610.0  2152.808
 3615.0  2150.864
 3620.0  2148.783
 3625.0  2146.578
 3630.0  2144.261
 3635.0  2141.844
