 2865.0  1380.777
 2870.0  1420.888
 2875.0  1459.530
 2880.0  1496.562
 2885.0  1531.843
 2890.0  1565.230
 2895.0  1596.584
 2900.0  1625.763
 2905.0  1653.080
 2910.0  1678.986
 2915.0  1703.542
 2920.0  1726.812
 2925.0  1748.859
 2930.0  1769.745
 2935.0  1789.534
 2940.0  1808.564
 2945.0  1827.008
 2950.0  1844.686
 2955.0  1861.418
 2960.0  1877.020
 2965.0  1891.314
 2970.0  1904.117
 2975.0  1915.544
 2980.0  1925.969
 2985.0  1935.601
 2990.0  1944.651
 2995.0  1953.327
 3000.0  1961.840
 3005.0  1970.398
 3010.0  1978.939
 3015.0  1987.266
 3020.0  1995.392
 3025.0  2003.331
 3030.0  2011.094
 3035.0  2018.695
 3040.0  2026.145
 3045.0  2033.258
 3050.0  2039.967
 3055.0  2046.466
 3060.0  2052.952
 3065.0  2059.618
 3070.0  2066.660
 3075.0  2074.272
 3080.0  2082.586
 3085.0  2091.512
 3090.0  2100.912
 3095.0  2110.646
 3100.0  2120.576
 3105.0  2130.563
 3110.0  2140.467
 3115.0  2150.631
 3120.0  2161.294
 3125.0  2172.166
 3130.0  2182.955
 3135.0  2193.370
 3140.0  2203.121
 3145.0  2211.916
 3150.0  2219.783
 3155.0  2227.049
 3160.0  2233.878
 3165.0  2240.433
 3170.0  2246.878
 3175.0  2253.376
 3180.0  2260.090
 3185.0  2267.132
 3190.0  2274.396
 3195.0  2281.713
 3200.0  2288.917
 3205.0  2295.842
 3210.0  2302.321
 3215.0  2308.186
 3220.0  2313.550
 3225.0  2318.639
 3230.0  2323.464
 3235.0  2328.034
 3240.0  2332.360
 3245.0  2336.450
 3250.0  2340.315
 3255.0  2343.965
 3260.0  2347.417
 3265.0  2350.696
 3270.0  2353.826
 3275.0  2356.831
 3280.0  2359.736
 3285.0  2362.564
 3290.0  2365.295
 3295.0  2367.910
 3300.0  2370.431
 3305.0  2372.883
 3310.0  2375.288
 3315.0  2377.670
 3320.0  2380.053
 3325.0  2382.699
 3330.0  2385.676
 3335.0  2388.713
 3340.0  2391.544
 3345.0  2393.898
 3350.0  2395.508
 3355.0  2396.105
 3360.0  2392.404
 3365.0  2382.861
 3370.0  2369.811
 3375.0  2355.594
 3380.0  2342.544
 3385.0  2333.001
 3390.0  2329.300
 3395.0  2333.200
 3400.0  2343.257
 3405.0  2357.009
 3410.0  2371.992
 3415.0  2385.744
 3420.0  2395.801
 3425.0  2399.700
 3430.0  2399.611
 3435.0  2399.361
 3440.0  2398.977
 3445.0  2398.487
 3450.0  2397.917
 3455.0  2397.296
 3460.0  2396.650
 3465.0  2395.885
 3470.0  2394.909
 3475.0  2393.746
 3480.0  2392.420
 3485.0  2390.958
 3490.0  2389.385
 3495.0  2387.725
 3500.0  2386.004
 3505.0  2108.449
 3510.0  2107.659
 3515.0  2106.749
 3520.0  2105.739
 3525.0  2104.649
 3530.0  2103.499
 3535.0  2101.991
 3540.0  2099.978
 3545.0  2097.703
 3550.0  2095.411
 3555.0  2093.344
 3560.0  2091.748
 3565.0  2090.865
 3570.0  2090.498
 3575.0  2090.252
 3580.0  2090.078
 3585.0  2089.925
 3590.0  2089.742
 3595.0  2089.480
 3600.0  2089.088
 3605.0  2088.002
 3610.0  2085.805
 3615.0  2082.674
 3620.0  2078.782
 3625.0  2074.303
 3630.0  2069.413
 3635.0  2064.286
