 2865.0  1622.326
 2870.0  1652.263
 2875.0  1681.812
 2880.0  1710.962
 2885.0  1739.706
 2890.0  1768.035
 2895.0  1795.939
 2900.0  1823.411
 2905.0  1850.834
 2910.0  1878.358
 2915.0  1905.622
 2920.0  1932.266
 2925.0  1957.928
 2930.0  1982.246
 2935.0  2004.861
 2940.0  2026.346
 2945.0  2047.327
 2950.0  2067.525
 2955.0  2086.661
 2960.0  2104.455
 2965.0  2120.625
 2970.0  2134.894
 2975.0  2147.368
 2980.0  2158.560
 2985.0  2168.799
 2990.0  2178.410
 2995.0  2187.722
 3000.0  2197.062
 3005.0  2206.758
 3010.0  2216.712
 3015.0  2226.603
 3020.0  2236.420
 3025.0  2246.154
 3030.0  2255.795
 3035.0  2265.333
 3040.0  2274.758
 3045.0  2283.913
 3050.0  2292.757
 3055.0  2301.454
 3060.0  2310.167
 3065.0  2319.060
 3070.0  2328.298
 3075.0  2338.044
 3080.0  2348.650
 3085.0  2360.112
 3090.0  2372.060
 3095.0  2384.125
 3100.0  2395.936
 3105.0  2407.124
 3110.0  2417.319
 3115.0  2426.473
 3120.0  2434.944
 3125.0  2442.970
 3130.0  2450.788
 3135.0  2458.637
 3140.0  2466.754
 3145.0  2475.378
 3150.0  2484.553
 3155.0  2494.095
 3160.0  2503.894
 3165.0  2513.843
 3170.0  2523.835
 3175.0  2533.760
 3180.0  2543.510
 3185.0  2553.292
 3190.0  2563.270
 3195.0  2573.275
 3200.0  2583.138
 3205.0  2592.689
 3210.0  2601.759
 3215.0  2610.180
 3220.0  2618.137
 3225.0  2625.881
 3230.0  2633.339
 3235.0  2640.439
 3240.0  2647.108
 3245.0  2653.275
 3250.0  2658.867
 3255.0  2663.884
 3260.0  2668.455
 3265.0  2672.695
 3270.0  2676.719
 3275.0  2680.642
 3280.0  2684.581
 3285.0  2688.651
 3290.0  2693.046
 3295.0  2697.730
 3300.0  2702.470
 3305.0  2707.032
 3310.0  2711.183
 3315.0  2714.689
 3320.0  2717.319
 3325.0  2719.181
 3330.0  2720.644
 3335.0  2721.859
 3340.0  2722.979
 3345.0  2724.155
 3350.0  2725.540
 3355.0  2727.284
 3360.0  2729.985
 3365.0  2733.774
 3370.0  2738.101
 3375.0  2742.421
 3380.0  2746.184
 3385.0  2748.844
 3390.0  2749.853
 3395.0  2749.669
 3400.0  2749.191
 3405.0  2748.528
 3410.0  2747.791
 3415.0  2747.090
 3420.0  2746.534
 3425.0  2746.234
 3430.0  2746.103
 3435.0  2745.986
 3440.0  2745.885
 3445.0  2745.801
 3450.0  2745.739
 3455.0  2745.699
 3460.0  2745.686
 3465.0  2745.829
 3470.0  2746.234
 3475.0  2746.860
 3480.0  2747.668
 3485.0  2748.618
 3490.0  2749.669
 3495.0  2750.783
 3500.0  2751.919
 3505.0  2435.431
 3510.0  2433.595
 3515.0  2431.761
 3520.0  2429.930
 3525.0  2428.101
 3530.0  2426.274
 3535.0  2424.228
 3540.0  2421.889
 3545.0  2419.479
 3550.0  2417.218
 3555.0  2415.329
 3560.0  2414.033
 3565.0  2413.552
 3570.0  2413.682
 3575.0  2414.019
 3580.0  2414.480
 3585.0  2414.981
 3590.0  2415.442
 3595.0  2415.779
 3600.0  2415.909
 3605.0  2415.263
 3610.0  2413.443
 3615.0  2410.628
 3620.0  2407.000
 3625.0  2402.736
 3630.0  2398.017
 3635.0  2393.023
