 2865.0  1753.101
 2870.0  1785.795
 2875.0  1818.004
 2880.0  1849.717
 2885.0  1880.920
 2890.0  1911.601
 2895.0  1941.747
 2900.0  1971.345
 2905.0  2001.155
 2910.0  2031.461
 2915.0  2061.538
 2920.0  2090.660
 2925.0  2118.101
 2930.0  2143.137
 2935.0  2165.042
 2940.0  2184.449
 2945.0  2202.526
 2950.0  2219.345
 2955.0  2234.978
 2960.0  2249.498
 2965.0  2262.977
 2970.0  2275.487
 2975.0  2286.817
 2980.0  2296.968
 2985.0  2306.331
 2990.0  2315.296
 2995.0  2324.255
 3000.0  2333.599
 3005.0  2343.719
 3010.0  2354.812
 3015.0  2366.611
 3020.0  2378.816
 3025.0  2391.126
 3030.0  2403.241
 3035.0  2414.859
 3040.0  2425.681
 3045.0  2435.604
 3050.0  2444.890
 3055.0  2453.783
 3060.0  2462.526
 3065.0  2471.363
 3070.0  2480.538
 3075.0  2490.294
 3080.0  2500.852
 3085.0  2512.089
 3090.0  2523.730
 3095.0  2535.498
 3100.0  2547.121
 3105.0  2558.322
 3110.0  2568.827
 3115.0  2578.447
 3120.0  2587.382
 3125.0  2595.945
 3130.0  2604.448
 3135.0  2613.203
 3140.0  2622.522
 3145.0  2632.717
 3150.0  2644.486
 3155.0  2657.849
 3160.0  2672.103
 3165.0  2686.545
 3170.0  2700.474
 3175.0  2713.186
 3180.0  2723.979
 3185.0  2733.280
 3190.0  2741.991
 3195.0  2750.125
 3200.0  2757.696
 3205.0  2764.716
 3210.0  2771.197
 3215.0  2777.152
 3220.0  2782.614
 3225.0  2787.656
 3230.0  2792.348
 3235.0  2796.762
 3240.0  2800.970
 3245.0  2805.042
 3250.0  2809.050
 3255.0  2812.922
 3260.0  2816.584
 3265.0  2820.099
 3270.0  2823.533
 3275.0  2826.951
 3280.0  2830.417
 3285.0  2833.995
 3290.0  2837.792
 3295.0  2841.786
 3300.0  2845.850
 3305.0  2849.857
 3310.0  2853.681
 3315.0  2857.196
 3320.0  2860.274
 3325.0  2862.922
 3330.0  2865.291
 3335.0  2867.468
 3340.0  2869.545
 3345.0  2871.610
 3350.0  2873.752
 3355.0  2876.062
 3360.0  2878.858
 3365.0  2882.169
 3370.0  2885.651
 3375.0  2888.958
 3380.0  2891.748
 3385.0  2893.674
 3390.0  2894.392
 3395.0  2894.296
 3400.0  2894.047
 3405.0  2893.707
 3410.0  2893.336
 3415.0  2892.996
 3420.0  2892.747
 3425.0  2892.651
 3430.0  2892.820
 3435.0  2893.257
 3440.0  2893.854
 3445.0  2894.505
 3450.0  2895.102
 3455.0  2895.539
 3460.0  2895.708
 3465.0  2895.615
 3470.0  2895.341
 3475.0  2894.896
 3480.0  2894.290
 3485.0  2893.530
 3490.0  2892.628
 3495.0  2891.591
 3500.0  2890.429
 3505.0  2564.491
 3510.0  2559.010
 3515.0  2554.227
 3520.0  2550.340
 3525.0  2547.548
 3530.0  2546.050
 3535.0  2545.306
 3540.0  2544.651
 3545.0  2544.094
 3550.0  2543.644
 3555.0  2543.311
 3560.0  2543.104
 3565.0  2543.033
 3570.0  2543.074
 3575.0  2543.179
 3580.0  2543.323
 3585.0  2543.480
 3590.0  2543.624
 3595.0  2543.729
 3600.0  2543.770
 3605.0  2542.764
 3610.0  2539.944
 3615.0  2535.608
 3620.0  2530.053
 3625.0  2523.576
 3630.0  2516.474
 3635.0  2509.045
