 2865.0  1594.728
 2870.0  1624.685
 2875.0  1654.415
 2880.0  1683.916
 2885.0  1713.184
 2890.0  1742.218
 2895.0  1771.013
 2900.0  1799.567
 2905.0  1828.439
 2910.0  1857.819
 2915.0  1887.159
 2920.0  1915.908
 2925.0  1943.517
 2930.0  1969.435
 2935.0  1993.112
 2940.0  2015.314
 2945.0  2036.946
 2950.0  2057.668
 2955.0  2077.138
 2960.0  2095.015
 2965.0  2110.960
 2970.0  2124.631
 2975.0  2136.232
 2980.0  2146.439
 2985.0  2155.624
 2990.0  2164.159
 2995.0  2172.414
 3000.0  2180.760
 3005.0  2189.569
 3010.0  2198.631
 3015.0  2207.547
 3020.0  2216.402
 3025.0  2225.283
 3030.0  2234.277
 3035.0  2243.470
 3040.0  2252.947
 3045.0  2262.990
 3050.0  2273.623
 3055.0  2284.549
 3060.0  2295.471
 3065.0  2306.090
 3070.0  2316.112
 3075.0  2325.237
 3080.0  2333.258
 3085.0  2340.418
 3090.0  2347.097
 3095.0  2353.674
 3100.0  2360.529
 3105.0  2368.040
 3110.0  2376.587
 3115.0  2386.952
 3120.0  2399.180
 3125.0  2412.541
 3130.0  2426.304
 3135.0  2439.742
 3140.0  2452.123
 3145.0  2462.720
 3150.0  2471.723
 3155.0  2479.947
 3160.0  2487.596
 3165.0  2494.873
 3170.0  2501.982
 3175.0  2509.127
 3180.0  2516.513
 3185.0  2524.279
 3190.0  2532.289
 3195.0  2540.338
 3200.0  2548.217
 3205.0  2555.722
 3210.0  2562.644
 3215.0  2568.776
 3220.0  2574.253
 3225.0  2579.369
 3230.0  2584.159
 3235.0  2588.658
 3240.0  2592.901
 3245.0  2596.924
 3250.0  2600.760
 3255.0  2604.394
 3260.0  2607.814
 3265.0  2611.059
 3270.0  2614.167
 3275.0  2617.179
 3280.0  2620.133
 3285.0  2623.068
 3290.0  2625.928
 3295.0  2628.662
 3300.0  2631.318
 3305.0  2633.947
 3310.0  2636.598
 3315.0  2639.319
 3320.0  2642.161
 3325.0  2645.214
 3330.0  2648.467
 3335.0  2651.818
 3340.0  2655.162
 3345.0  2658.397
 3350.0  2661.420
 3355.0  2664.127
 3360.0  2666.787
 3365.0  2669.603
 3370.0  2672.369
 3375.0  2674.878
 3380.0  2676.925
 3385.0  2678.304
 3390.0  2678.810
 3395.0  2677.997
 3400.0  2675.902
 3405.0  2673.037
 3410.0  2669.915
 3415.0  2667.050
 3420.0  2664.954
 3425.0  2664.142
 3430.0  2664.721
 3435.0  2666.214
 3440.0  2668.255
 3445.0  2670.479
 3450.0  2672.521
 3455.0  2674.014
 3460.0  2674.593
 3465.0  2674.264
 3470.0  2673.300
 3475.0  2671.737
 3480.0  2669.608
 3485.0  2666.948
 3490.0  2663.793
 3495.0  2660.176
 3500.0  2656.133
 3505.0  2394.495
 3510.0  2392.643
 3515.0  2390.758
 3520.0  2388.840
 3525.0  2386.890
 3530.0  2384.910
 3535.0  2382.956
 3540.0  2381.046
 3545.0  2379.120
 3550.0  2377.118
 3555.0  2374.980
 3560.0  2372.646
 3565.0  2370.056
 3570.0  2367.029
 3575.0  2363.509
 3580.0  2359.627
 3585.0  2355.512
 3590.0  2351.291
 3595.0  2347.096
 3600.0  2343.054
 3605.0  2339.123
 3610.0  2335.173
 3615.0  2331.204
 3620.0  2327.216
 3625.0  2323.210
 3630.0  2319.184
 3635.0  2315.141
