 2865.0   981.621
 2870.0  1015.776
 2875.0  1048.401
 2880.0  1079.265
 2885.0  1108.139
 2890.0  1134.791
 2895.0  1158.991
 2900.0  1180.509
 2905.0  1199.785
 2910.0  1217.529
 2915.0  1233.915
 2920.0  1249.117
 2925.0  1263.309
 2930.0  1276.667
 2935.0  1289.365
 2940.0  1301.326
 2945.0  1312.472
 2950.0  1322.968
 2955.0  1332.981
 2960.0  1342.677
 2965.0  1352.223
 2970.0  1361.784
 2975.0  1371.551
 2980.0  1381.448
 2985.0  1391.242
 2990.0  1400.704
 2995.0  1409.599
 3000.0  1417.697
 3005.0  1424.766
 3010.0  1430.889
 3015.0  1436.406
 3020.0  1441.466
 3025.0  1446.223
 3030.0  1450.827
 3035.0  1455.430
 3040.0  1460.184
 3045.0  1464.913
 3050.0  1469.427
 3055.0  1473.851
 3060.0  1478.310
 3065.0  1482.932
 3070.0  1487.841
 3075.0  1493.164
 3080.0  1499.034
 3085.0  1505.421
 3090.0  1512.203
 3095.0  1519.260
 3100.0  1526.473
 3105.0  1533.719
 3110.0  1540.879
 3115.0  1548.222
 3120.0  1555.947
 3125.0  1563.829
 3130.0  1571.639
 3135.0  1579.151
 3140.0  1586.139
 3145.0  1592.375
 3150.0  1597.875
 3155.0  1602.897
 3160.0  1607.581
 3165.0  1612.067
 3170.0  1616.496
 3175.0  1621.008
 3180.0  1625.742
 3185.0  1630.789
 3190.0  1636.055
 3195.0  1641.405
 3200.0  1646.701
 3205.0  1651.808
 3210.0  1656.589
 3215.0  1660.909
 3220.0  1664.813
 3225.0  1668.468
 3230.0  1671.919
 3235.0  1675.212
 3240.0  1678.391
 3245.0  1681.502
 3250.0  1684.588
 3255.0  1687.717
 3260.0  1690.873
 3265.0  1693.983
 3270.0  1696.974
 3275.0  1699.771
 3280.0  1702.302
 3285.0  1704.493
 3290.0  1706.368
 3295.0  1708.039
 3300.0  1709.560
 3305.0  1710.987
 3310.0  1712.375
 3315.0  1713.779
 3320.0  1715.255
 3325.0  1716.844
 3330.0  1718.511
 3335.0  1720.195
 3340.0  1721.838
 3345.0  1723.378
 3350.0  1724.758
 3355.0  1725.917
 3360.0  1726.880
 3365.0  1727.732
 3370.0  1728.503
 3375.0  1729.221
 3380.0  1729.915
 3385.0  1730.615
 3390.0  1731.350
 3395.0  1732.199
 3400.0  1733.164
 3405.0  1734.155
 3410.0  1735.082
 3415.0  1735.856
 3420.0  1736.386
 3425.0  1736.582
 3430.0  1736.494
 3435.0  1736.265
 3440.0  1735.952
 3445.0  1735.611
 3450.0  1735.298
 3455.0  1735.069
 3460.0  1734.981
 3465.0  1734.985
 3470.0  1735.003
 3475.0  1735.044
 3480.0  1735.115
 3485.0  1735.227
 3490.0  1735.387
 3495.0  1735.603
 3500.0  1735.885
 3505.0  1538.056
 3510.0  1534.374
 3515.0  1531.155
 3520.0  1528.528
 3525.0  1526.621
 3530.0  1525.565
 3535.0  1525.022
 3540.0  1524.566
 3545.0  1524.187
 3550.0  1523.878
 3555.0  1523.629
 3560.0  1523.432
 3565.0  1523.279
 3570.0  1523.168
 3575.0  1523.092
 3580.0  1523.035
 3585.0  1522.982
 3590.0  1522.918
 3595.0  1522.825
 3600.0  1522.690
 3605.0  1522.106
 3610.0  1520.763
 3615.0  1518.783
 3620.0  1516.289
 3625.0  1513.403
 3630.0  1510.250
 3635.0  1506.951
