 2865.0  1424.334
 2870.0  1451.995
 2875.0  1479.338
 2880.0  1506.356
 2885.0  1533.043
 2890.0  1559.393
 2895.0  1585.400
 2900.0  1611.058
 2905.0  1637.342
 2910.0  1664.594
 2915.0  1691.854
 2920.0  1718.162
 2925.0  1742.559
 2930.0  1764.084
 2935.0  1781.778
 2940.0  1796.034
 2945.0  1808.290
 2950.0  1819.158
 2955.0  1829.250
 2960.0  1839.179
 2965.0  1849.554
 2970.0  1860.990
 2975.0  1873.780
 2980.0  1887.492
 2985.0  1901.649
 2990.0  1915.768
 2995.0  1929.372
 3000.0  1941.980
 3005.0  1953.113
 3010.0  1962.740
 3015.0  1971.381
 3020.0  1979.375
 3025.0  1987.066
 3030.0  1994.794
 3035.0  2002.901
 3040.0  2011.729
 3045.0  2021.212
 3050.0  2031.047
 3055.0  2041.218
 3060.0  2051.710
 3065.0  2062.508
 3070.0  2073.595
 3075.0  2084.957
 3080.0  2097.468
 3085.0  2111.454
 3090.0  2126.078
 3095.0  2140.505
 3100.0  2153.896
 3105.0  2165.416
 3110.0  2174.228
 3115.0  2180.677
 3120.0  2185.945
 3125.0  2190.450
 3130.0  2194.609
 3135.0  2198.841
 3140.0  2203.564
 3145.0  2209.194
 3150.0  2215.910
 3155.0  2223.476
 3160.0  2231.690
 3165.0  2240.348
 3170.0  2249.249
 3175.0  2258.190
 3180.0  2266.968
 3185.0  2275.981
 3190.0  2285.545
 3195.0  2295.334
 3200.0  2305.025
 3205.0  2314.292
 3210.0  2322.812
 3215.0  2330.260
 3220.0  2336.733
 3225.0  2342.640
 3230.0  2348.115
 3235.0  2353.295
 3240.0  2358.317
 3245.0  2363.317
 3250.0  2368.432
 3255.0  2373.632
 3260.0  2378.789
 3265.0  2383.889
 3270.0  2388.918
 3275.0  2393.862
 3280.0  2398.707
 3285.0  2403.439
 3290.0  2408.259
 3295.0  2413.248
 3300.0  2418.218
 3305.0  2422.979
 3310.0  2427.342
 3315.0  2431.118
 3320.0  2434.117
 3325.0  2436.686
 3330.0  2439.210
 3335.0  2441.563
 3340.0  2443.615
 3345.0  2445.239
 3350.0  2446.308
 3355.0  2446.692
 3360.0  2446.482
 3365.0  2445.942
 3370.0  2445.202
 3375.0  2444.396
 3380.0  2443.657
 3385.0  2443.116
 3390.0  2442.906
 3395.0  2443.451
 3400.0  2444.857
 3405.0  2446.779
 3410.0  2448.874
 3415.0  2450.796
 3420.0  2452.202
 3425.0  2452.747
 3430.0  2452.430
 3435.0  2451.593
 3440.0  2450.403
 3445.0  2449.031
 3450.0  2447.644
 3455.0  2446.412
 3460.0  2445.503
 3465.0  2444.827
 3470.0  2444.185
 3475.0  2443.590
 3480.0  2443.050
 3485.0  2442.578
 3490.0  2442.182
 3495.0  2441.875
 3500.0  2441.666
 3505.0  2152.818
 3510.0  2149.053
 3515.0  2145.927
 3520.0  2143.554
 3525.0  2142.047
 3530.0  2141.519
 3535.0  2141.838
 3540.0  2142.680
 3545.0  2143.878
 3550.0  2145.263
 3555.0  2146.668
 3560.0  2147.922
 3565.0  2148.859
 3570.0  2149.603
 3575.0  2150.360
 3580.0  2151.084
 3585.0  2151.727
 3590.0  2152.244
 3595.0  2152.588
 3600.0  2152.713
 3605.0  2152.349
 3610.0  2151.313
 3615.0  2149.692
 3620.0  2147.570
 3625.0  2145.034
 3630.0  2142.169
 3635.0  2139.061
