 2865.0  2232.288
 2870.0  2265.062
 2875.0  2296.690
 2880.0  2327.071
 2885.0  2356.102
 2890.0  2383.684
 2895.0  2409.715
 2900.0  2434.093
 2905.0  2457.238
 2910.0  2479.537
 2915.0  2500.841
 2920.0  2521.000
 2925.0  2539.864
 2930.0  2557.285
 2935.0  2573.112
 2940.0  2587.766
 2945.0  2601.702
 2950.0  2614.824
 2955.0  2627.040
 2960.0  2638.254
 2965.0  2648.373
 2970.0  2657.302
 2975.0  2664.945
 2980.0  2671.524
 2985.0  2677.416
 2990.0  2682.999
 2995.0  2688.651
 3000.0  2694.750
 3005.0  2701.675
 3010.0  2709.920
 3015.0  2719.362
 3020.0  2729.447
 3025.0  2739.624
 3030.0  2749.341
 3035.0  2758.046
 3040.0  2765.188
 3045.0  2770.701
 3050.0  2775.187
 3055.0  2779.097
 3060.0  2782.879
 3065.0  2786.984
 3070.0  2791.859
 3075.0  2797.956
 3080.0  2807.505
 3085.0  2821.213
 3090.0  2837.235
 3095.0  2853.731
 3100.0  2868.857
 3105.0  2880.772
 3110.0  2887.633
 3115.0  2890.818
 3120.0  2893.144
 3125.0  2894.924
 3130.0  2896.473
 3135.0  2898.103
 3140.0  2900.128
 3145.0  2902.863
 3150.0  2907.288
 3155.0  2913.621
 3160.0  2921.034
 3165.0  2928.698
 3170.0  2935.784
 3175.0  2941.463
 3180.0  2944.908
 3185.0  2946.709
 3190.0  2948.099
 3195.0  2949.211
 3200.0  2950.181
 3205.0  2951.140
 3210.0  2952.223
 3215.0  2953.565
 3220.0  2955.208
 3225.0  2957.065
 3230.0  2959.069
 3235.0  2961.155
 3240.0  2963.258
 3245.0  2965.311
 3250.0  2967.250
 3255.0  2969.304
 3260.0  2971.608
 3265.0  2973.956
 3270.0  2976.142
 3275.0  2977.958
 3280.0  2979.200
 3285.0  2979.660
 3290.0  2979.451
 3295.0  2978.864
 3300.0  2977.960
 3305.0  2976.800
 3310.0  2975.444
 3315.0  2973.953
 3320.0  2972.387
 3325.0  2970.149
 3330.0  2966.873
 3335.0  2962.964
 3340.0  2958.831
 3345.0  2954.880
 3350.0  2951.519
 3355.0  2949.153
 3360.0  2947.664
 3365.0  2946.550
 3370.0  2945.650
 3375.0  2944.803
 3380.0  2943.845
 3385.0  2942.617
 3390.0  2940.955
 3395.0  2938.125
 3400.0  2933.756
 3405.0  2928.235
 3410.0  2921.948
 3415.0  2915.282
 3420.0  2908.623
 3425.0  2902.359
 3430.0  2896.760
 3435.0  2891.566
 3440.0  2886.368
 3445.0  2880.754
 3450.0  2874.315
 3455.0  2866.639
 3460.0  2857.317
 3465.0  2844.149
 3470.0  2825.675
 3475.0  2802.598
 3480.0  2775.618
 3485.0  2745.436
 3490.0  2712.753
 3495.0  2678.269
 3500.0  2642.686
 3505.0  2564.083
 3510.0  2559.508
 3515.0  2554.907
 3520.0  2550.279
 3525.0  2545.626
 3530.0  2540.948
 3535.0  2536.415
 3540.0  2532.085
 3545.0  2527.785
 3550.0  2523.343
 3555.0  2518.588
 3560.0  2513.348
 3565.0  2507.451
 3570.0  2501.119
 3575.0  2494.450
 3580.0  2487.084
 3585.0  2478.658
 3590.0  2468.813
 3595.0  2457.186
 3600.0  2443.418
 3605.0  2423.493
 3610.0  2394.467
 3615.0  2357.579
 3620.0  2314.068
 3625.0  2265.177
 3630.0  2212.144
 3635.0  2156.211
