 2865.0  1722.676
 2870.0  1757.773
 2875.0  1791.933
 2880.0  1825.102
 2885.0  1857.227
 2890.0  1888.253
 2895.0  1918.127
 2900.0  1946.795
 2905.0  1974.518
 2910.0  2001.513
 2915.0  2027.662
 2920.0  2052.850
 2925.0  2076.959
 2930.0  2099.873
 2935.0  2121.476
 2940.0  2142.163
 2945.0  2162.279
 2950.0  2181.627
 2955.0  2200.010
 2960.0  2217.232
 2965.0  2233.098
 2970.0  2247.409
 2975.0  2260.288
 2980.0  2272.122
 2985.0  2283.116
 2990.0  2293.472
 2995.0  2303.396
 3000.0  2313.090
 3005.0  2322.760
 3010.0  2332.260
 3015.0  2341.375
 3020.0  2350.211
 3025.0  2358.872
 3030.0  2367.463
 3035.0  2376.086
 3040.0  2384.847
 3045.0  2393.557
 3050.0  2402.060
 3055.0  2410.510
 3060.0  2419.062
 3065.0  2427.869
 3070.0  2437.085
 3075.0  2446.866
 3080.0  2457.619
 3085.0  2469.382
 3090.0  2481.755
 3095.0  2494.338
 3100.0  2506.731
 3105.0  2518.532
 3110.0  2529.343
 3115.0  2539.145
 3120.0  2548.327
 3125.0  2557.092
 3130.0  2565.646
 3135.0  2574.193
 3140.0  2582.938
 3145.0  2592.086
 3150.0  2601.638
 3155.0  2611.416
 3160.0  2621.358
 3165.0  2631.403
 3170.0  2641.488
 3175.0  2651.553
 3180.0  2661.535
 3185.0  2672.081
 3190.0  2683.462
 3195.0  2695.051
 3200.0  2706.223
 3205.0  2716.350
 3210.0  2724.808
 3215.0  2730.971
 3220.0  2735.220
 3225.0  2738.570
 3230.0  2741.346
 3235.0  2743.871
 3240.0  2746.467
 3245.0  2749.458
 3250.0  2753.167
 3255.0  2758.009
 3260.0  2763.923
 3265.0  2770.521
 3270.0  2777.412
 3275.0  2784.209
 3280.0  2790.521
 3285.0  2795.961
 3290.0  2801.051
 3295.0  2806.352
 3300.0  2811.529
 3305.0  2816.249
 3310.0  2820.176
 3315.0  2822.978
 3320.0  2824.319
 3325.0  2824.732
 3330.0  2825.009
 3335.0  2825.202
 3340.0  2825.363
 3345.0  2825.545
 3350.0  2825.800
 3355.0  2826.180
 3360.0  2827.009
 3365.0  2828.449
 3370.0  2830.313
 3375.0  2832.416
 3380.0  2834.570
 3385.0  2836.589
 3390.0  2838.286
 3395.0  2839.868
 3400.0  2841.575
 3405.0  2843.273
 3410.0  2844.826
 3415.0  2846.103
 3420.0  2846.967
 3425.0  2847.285
 3430.0  2847.084
 3435.0  2846.556
 3440.0  2845.809
 3445.0  2844.953
 3450.0  2844.096
 3455.0  2843.350
 3460.0  2842.822
 3465.0  2842.446
 3470.0  2842.090
 3475.0  2841.762
 3480.0  2841.471
 3485.0  2841.226
 3490.0  2841.037
 3495.0  2840.911
 3500.0  2840.859
 3505.0  2502.332
 3510.0  2494.376
 3515.0  2487.799
 3520.0  2482.825
 3525.0  2479.676
 3530.0  2478.577
 3535.0  2479.415
 3540.0  2481.608
 3545.0  2484.670
 3550.0  2488.117
 3555.0  2491.466
 3560.0  2494.231
 3565.0  2495.929
 3570.0  2496.909
 3575.0  2497.824
 3580.0  2498.642
 3585.0  2499.333
 3590.0  2499.864
 3595.0  2500.206
 3600.0  2500.327
 3605.0  2499.505
 3610.0  2497.186
 3615.0  2493.589
 3620.0  2488.934
 3625.0  2483.440
 3630.0  2477.327
 3635.0  2470.816
