 2865.0  1485.541
 2870.0  1523.158
 2875.0  1560.033
 2880.0  1596.139
 2885.0  1631.449
 2890.0  1665.934
 2895.0  1699.566
 2900.0  1732.318
 2905.0  1765.206
 2910.0  1798.638
 2915.0  1831.671
 2920.0  1863.363
 2925.0  1892.771
 2930.0  1918.952
 2935.0  1940.964
 2940.0  1959.694
 2945.0  1976.769
 2950.0  1992.359
 2955.0  2006.634
 2960.0  2019.765
 2965.0  2031.921
 2970.0  2043.272
 2975.0  2053.619
 2980.0  2062.881
 2985.0  2071.404
 2990.0  2079.536
 2995.0  2087.622
 3000.0  2096.011
 3005.0  2105.047
 3010.0  2115.009
 3015.0  2125.689
 3020.0  2136.711
 3025.0  2147.698
 3030.0  2158.271
 3035.0  2168.054
 3040.0  2176.669
 3045.0  2184.026
 3050.0  2190.513
 3055.0  2196.469
 3060.0  2202.232
 3065.0  2208.142
 3070.0  2214.538
 3075.0  2221.758
 3080.0  2230.105
 3085.0  2239.439
 3090.0  2249.441
 3095.0  2259.792
 3100.0  2270.174
 3105.0  2280.266
 3110.0  2289.749
 3115.0  2298.502
 3120.0  2306.776
 3125.0  2314.809
 3130.0  2322.842
 3135.0  2331.113
 3140.0  2339.862
 3145.0  2349.327
 3150.0  2360.265
 3155.0  2372.766
 3160.0  2386.072
 3165.0  2399.428
 3170.0  2412.074
 3175.0  2423.255
 3180.0  2432.214
 3185.0  2439.262
 3190.0  2445.391
 3195.0  2450.861
 3200.0  2455.931
 3205.0  2460.861
 3210.0  2465.911
 3215.0  2471.340
 3220.0  2477.142
 3225.0  2483.083
 3230.0  2489.085
 3235.0  2495.069
 3240.0  2500.956
 3245.0  2506.667
 3250.0  2512.122
 3255.0  2517.615
 3260.0  2523.319
 3265.0  2528.983
 3270.0  2534.353
 3275.0  2539.176
 3280.0  2543.199
 3285.0  2546.170
 3290.0  2548.324
 3295.0  2550.129
 3300.0  2551.674
 3305.0  2553.050
 3310.0  2554.348
 3315.0  2555.660
 3320.0  2557.074
 3325.0  2558.496
 3330.0  2559.814
 3335.0  2561.094
 3340.0  2562.401
 3345.0  2563.803
 3350.0  2565.365
 3355.0  2567.153
 3360.0  2569.689
 3365.0  2573.136
 3370.0  2577.018
 3375.0  2580.862
 3380.0  2584.195
 3385.0  2586.542
 3390.0  2587.430
 3395.0  2587.066
 3400.0  2586.128
 3405.0  2584.845
 3410.0  2583.448
 3415.0  2582.165
 3420.0  2581.227
 3425.0  2580.863
 3430.0  2580.940
 3435.0  2581.137
 3440.0  2581.407
 3445.0  2581.701
 3450.0  2581.970
 3455.0  2582.168
 3460.0  2582.244
 3465.0  2582.195
 3470.0  2582.051
 3475.0  2581.819
 3480.0  2581.504
 3485.0  2581.115
 3490.0  2580.656
 3495.0  2580.135
 3500.0  2579.557
 3505.0  2281.549
 3510.0  2276.497
 3515.0  2272.278
 3520.0  2269.059
 3525.0  2267.005
 3530.0  2266.284
 3535.0  2266.738
 3540.0  2267.909
 3545.0  2269.510
 3550.0  2271.254
 3555.0  2272.856
 3560.0  2274.027
 3565.0  2274.481
 3570.0  2274.003
 3575.0  2272.705
 3580.0  2270.793
 3585.0  2268.472
 3590.0  2265.945
 3595.0  2263.419
 3600.0  2261.098
 3605.0  2258.900
 3610.0  2256.609
 3615.0  2254.229
 3620.0  2251.765
 3625.0  2249.220
 3630.0  2246.598
 3635.0  2243.904
