 2865.0  1628.952
 2870.0  1654.651
 2875.0  1680.186
 2880.0  1705.555
 2885.0  1730.757
 2890.0  1755.790
 2895.0  1780.651
 2900.0  1805.340
 2905.0  1830.223
 2910.0  1855.424
 2915.0  1880.583
 2920.0  1905.339
 2925.0  1929.331
 2930.0  1952.197
 2935.0  1973.578
 2940.0  1993.910
 2945.0  2013.747
 2950.0  2032.898
 2955.0  2051.175
 2960.0  2068.388
 2965.0  2084.348
 2970.0  2098.864
 2975.0  2111.961
 2980.0  2123.965
 2985.0  2135.140
 2990.0  2145.751
 2995.0  2156.060
 3000.0  2166.333
 3005.0  2176.832
 3010.0  2187.279
 3015.0  2197.348
 3020.0  2207.237
 3025.0  2217.141
 3030.0  2227.256
 3035.0  2237.778
 3040.0  2248.903
 3045.0  2260.590
 3050.0  2272.679
 3055.0  2285.193
 3060.0  2298.153
 3065.0  2311.580
 3070.0  2325.497
 3075.0  2339.925
 3080.0  2355.724
 3085.0  2373.209
 3090.0  2391.586
 3095.0  2410.058
 3100.0  2427.830
 3105.0  2444.107
 3110.0  2458.094
 3115.0  2469.920
 3120.0  2480.502
 3125.0  2490.226
 3130.0  2499.476
 3135.0  2508.638
 3140.0  2518.097
 3145.0  2528.237
 3150.0  2538.981
 3155.0  2549.966
 3160.0  2561.153
 3165.0  2572.504
 3170.0  2583.980
 3175.0  2595.541
 3180.0  2607.149
 3185.0  2619.295
 3190.0  2632.178
 3195.0  2645.325
 3200.0  2658.261
 3205.0  2670.510
 3210.0  2681.598
 3215.0  2691.050
 3220.0  2698.830
 3225.0  2705.499
 3230.0  2711.480
 3235.0  2717.193
 3240.0  2723.060
 3245.0  2729.502
 3250.0  2736.940
 3255.0  2746.193
 3260.0  2757.246
 3265.0  2769.271
 3270.0  2781.443
 3275.0  2792.935
 3280.0  2802.920
 3285.0  2810.571
 3290.0  2816.363
 3295.0  2821.427
 3300.0  2825.921
 3305.0  2830.007
 3310.0  2833.843
 3315.0  2837.589
 3320.0  2841.404
 3325.0  2845.631
 3330.0  2850.251
 3335.0  2854.883
 3340.0  2859.148
 3345.0  2862.666
 3350.0  2865.055
 3355.0  2865.936
 3360.0  2864.627
 3365.0  2861.252
 3370.0  2856.638
 3375.0  2851.610
 3380.0  2846.995
 3385.0  2843.620
 3390.0  2842.312
 3395.0  2843.181
 3400.0  2845.423
 3405.0  2848.488
 3410.0  2851.828
 3415.0  2854.893
 3420.0  2857.134
 3425.0  2858.004
 3430.0  2856.466
 3435.0  2852.466
 3440.0  2846.917
 3445.0  2840.737
 3450.0  2834.840
 3455.0  2830.144
 3460.0  2827.563
 3465.0  2826.395
 3470.0  2825.339
 3475.0  2824.422
 3480.0  2823.665
 3485.0  2823.095
 3490.0  2822.735
 3495.0  2822.610
 3500.0  2822.744
 3505.0  2476.633
 3510.0  2476.655
 3515.0  2476.669
 3520.0  2476.676
 3525.0  2476.678
 3530.0  2476.679
 3535.0  2476.291
 3540.0  2475.291
 3545.0  2473.925
 3550.0  2472.436
 3555.0  2471.069
 3560.0  2470.070
 3565.0  2469.682
 3570.0  2471.157
 3575.0  2474.962
 3580.0  2480.164
 3585.0  2485.832
 3590.0  2491.034
 3595.0  2494.838
 3600.0  2496.314
 3605.0  2495.058
 3610.0  2491.433
 3615.0  2485.652
 3620.0  2477.929
 3625.0  2468.478
 3630.0  2457.513
 3635.0  2445.247
