 2865.0  1547.994
 2870.0  1584.187
 2875.0  1619.059
 2880.0  1652.485
 2885.0  1684.338
 2890.0  1714.493
 2895.0  1742.823
 2900.0  1769.203
 2905.0  1793.884
 2910.0  1817.258
 2915.0  1839.410
 2920.0  1860.422
 2925.0  1880.381
 2930.0  1899.369
 2935.0  1917.472
 2940.0  1934.746
 2945.0  1951.232
 2950.0  1966.983
 2955.0  1982.056
 2960.0  1996.505
 2965.0  2010.387
 2970.0  2023.756
 2975.0  2036.582
 2980.0  2048.852
 2985.0  2060.648
 2990.0  2072.052
 2995.0  2083.146
 3000.0  2094.012
 3005.0  2104.732
 3010.0  2115.618
 3015.0  2126.714
 3020.0  2137.698
 3025.0  2148.249
 3030.0  2158.047
 3035.0  2166.771
 3040.0  2174.099
 3045.0  2179.933
 3050.0  2184.690
 3055.0  2188.822
 3060.0  2192.780
 3065.0  2197.017
 3070.0  2201.984
 3075.0  2208.133
 3080.0  2216.530
 3085.0  2227.404
 3090.0  2239.956
 3095.0  2253.384
 3100.0  2266.888
 3105.0  2279.668
 3110.0  2290.924
 3115.0  2300.935
 3120.0  2310.544
 3125.0  2319.790
 3130.0  2328.716
 3135.0  2337.362
 3140.0  2345.769
 3145.0  2353.979
 3150.0  2361.818
 3155.0  2369.206
 3160.0  2376.326
 3165.0  2383.361
 3170.0  2390.493
 3175.0  2397.904
 3180.0  2405.778
 3185.0  2414.618
 3190.0  2424.447
 3195.0  2434.724
 3200.0  2444.912
 3205.0  2454.470
 3210.0  2462.860
 3215.0  2469.542
 3220.0  2474.754
 3225.0  2479.237
 3230.0  2483.204
 3235.0  2486.869
 3240.0  2490.447
 3245.0  2494.150
 3250.0  2498.192
 3255.0  2502.597
 3260.0  2507.183
 3265.0  2511.858
 3270.0  2516.533
 3275.0  2521.116
 3280.0  2525.515
 3285.0  2529.640
 3290.0  2533.852
 3295.0  2538.363
 3300.0  2542.859
 3305.0  2547.025
 3310.0  2550.546
 3315.0  2553.106
 3320.0  2554.392
 3325.0  2554.843
 3330.0  2555.148
 3335.0  2555.362
 3340.0  2555.544
 3345.0  2555.748
 3350.0  2556.031
 3355.0  2556.451
 3360.0  2557.308
 3365.0  2558.758
 3370.0  2560.637
 3375.0  2562.780
 3380.0  2565.024
 3385.0  2567.205
 3390.0  2569.159
 3395.0  2571.152
 3400.0  2573.418
 3405.0  2575.747
 3410.0  2577.926
 3415.0  2579.745
 3420.0  2580.991
 3425.0  2581.453
 3430.0  2581.397
 3435.0  2581.236
 3440.0  2580.982
 3445.0  2580.644
 3450.0  2580.236
 3455.0  2579.766
 3460.0  2579.248
 3465.0  2578.448
 3470.0  2577.174
 3475.0  2575.494
 3480.0  2573.477
 3485.0  2571.191
 3490.0  2568.703
 3495.0  2566.083
 3500.0  2563.399
 3505.0  2268.921
 3510.0  2262.012
 3515.0  2256.092
 3520.0  2251.474
 3525.0  2248.472
 3530.0  2247.402
 3535.0  2247.463
 3540.0  2247.620
 3545.0  2247.835
 3550.0  2248.070
 3555.0  2248.285
 3560.0  2248.442
 3565.0  2248.503
 3570.0  2248.481
 3575.0  2248.417
 3580.0  2248.312
 3585.0  2248.169
 3590.0  2247.990
 3595.0  2247.778
 3600.0  2247.534
 3605.0  2246.930
 3610.0  2245.701
 3615.0  2243.946
 3620.0  2241.764
 3625.0  2239.251
 3630.0  2236.508
 3635.0  2233.632
