 2865.0  1495.669
 2870.0  1522.265
 2875.0  1548.782
 2880.0  1575.218
 2885.0  1601.574
 2890.0  1627.849
 2895.0  1654.042
 2900.0  1680.154
 2905.0  1707.445
 2910.0  1736.338
 2915.0  1765.571
 2920.0  1793.885
 2925.0  1820.018
 2930.0  1842.710
 2935.0  1860.701
 2940.0  1874.516
 2945.0  1886.037
 2950.0  1896.035
 2955.0  1905.284
 2960.0  1914.557
 2965.0  1924.627
 2970.0  1936.268
 2975.0  1949.902
 2980.0  1965.059
 2985.0  1981.173
 2990.0  1997.678
 2995.0  2014.006
 3000.0  2029.592
 3005.0  2043.868
 3010.0  2057.226
 3015.0  2070.344
 3020.0  2083.078
 3025.0  2095.288
 3030.0  2106.833
 3035.0  2117.572
 3040.0  2127.363
 3045.0  2136.086
 3050.0  2143.919
 3055.0  2151.167
 3060.0  2158.136
 3065.0  2165.133
 3070.0  2172.463
 3075.0  2180.432
 3080.0  2189.049
 3085.0  2198.063
 3090.0  2207.391
 3095.0  2216.951
 3100.0  2226.660
 3105.0  2236.435
 3110.0  2246.193
 3115.0  2256.112
 3120.0  2266.329
 3125.0  2276.695
 3130.0  2287.063
 3135.0  2297.286
 3140.0  2307.217
 3145.0  2316.709
 3150.0  2326.782
 3155.0  2337.921
 3160.0  2349.173
 3165.0  2359.584
 3170.0  2368.200
 3175.0  2374.070
 3180.0  2376.238
 3185.0  2372.428
 3190.0  2362.604
 3195.0  2349.170
 3200.0  2334.534
 3205.0  2321.101
 3210.0  2311.276
 3215.0  2307.467
 3220.0  2315.703
 3225.0  2337.149
 3230.0  2366.904
 3235.0  2400.070
 3240.0  2431.750
 3245.0  2457.044
 3250.0  2471.054
 3255.0  2476.983
 3260.0  2481.569
 3265.0  2485.218
 3270.0  2488.339
 3275.0  2491.338
 3280.0  2494.623
 3285.0  2498.600
 3290.0  2503.445
 3295.0  2508.870
 3300.0  2514.587
 3305.0  2520.307
 3310.0  2525.742
 3315.0  2530.603
 3320.0  2534.602
 3325.0  2538.168
 3330.0  2541.780
 3335.0  2545.221
 3340.0  2548.274
 3345.0  2550.722
 3350.0  2552.350
 3355.0  2552.941
 3360.0  2552.825
 3365.0  2552.526
 3370.0  2552.116
 3375.0  2551.670
 3380.0  2551.261
 3385.0  2550.961
 3390.0  2550.845
 3395.0  2550.955
 3400.0  2551.237
 3405.0  2551.623
 3410.0  2552.043
 3415.0  2552.429
 3420.0  2552.711
 3425.0  2552.820
 3430.0  2552.777
 3435.0  2552.657
 3440.0  2552.474
 3445.0  2552.245
 3450.0  2551.983
 3455.0  2551.704
 3460.0  2551.421
 3465.0  2551.110
 3470.0  2550.738
 3475.0  2550.312
 3480.0  2549.838
 3485.0  2549.322
 3490.0  2548.772
 3495.0  2548.192
 3500.0  2547.590
 3505.0  2256.461
 3510.0  2254.805
 3515.0  2253.319
 3520.0  2252.040
 3525.0  2251.005
 3530.0  2250.248
 3535.0  2249.715
 3540.0  2249.300
 3545.0  2248.962
 3550.0  2248.660
 3555.0  2248.351
 3560.0  2247.995
 3565.0  2247.551
 3570.0  2247.049
 3575.0  2246.526
 3580.0  2245.951
 3585.0  2245.292
 3590.0  2244.518
 3595.0  2243.597
 3600.0  2242.497
 3605.0  2240.850
 3610.0  2238.383
 3615.0  2235.209
 3620.0  2231.443
 3625.0  2227.199
 3630.0  2222.591
 3635.0  2217.732
