 2865.0  1436.879
 2870.0  1483.784
 2875.0  1529.136
 2880.0  1572.809
 2885.0  1614.680
 2890.0  1654.624
 2895.0  1692.516
 2900.0  1728.231
 2905.0  1763.221
 2910.0  1798.272
 2915.0  1832.267
 2920.0  1864.088
 2925.0  1892.616
 2930.0  1916.734
 2935.0  1935.324
 2940.0  1949.325
 2945.0  1960.912
 2950.0  1970.827
 2955.0  1979.806
 2960.0  1988.590
 2965.0  1997.918
 2970.0  2008.529
 2975.0  2020.589
 2980.0  2033.521
 2985.0  2046.943
 2990.0  2060.474
 2995.0  2073.733
 3000.0  2086.338
 3005.0  2097.909
 3010.0  2108.733
 3015.0  2119.290
 3020.0  2129.484
 3025.0  2139.222
 3030.0  2148.409
 3035.0  2156.950
 3040.0  2164.750
 3045.0  2171.532
 3050.0  2177.363
 3055.0  2182.665
 3060.0  2187.859
 3065.0  2193.369
 3070.0  2199.616
 3075.0  2207.022
 3080.0  2216.681
 3085.0  2228.792
 3090.0  2242.436
 3095.0  2256.695
 3100.0  2270.649
 3105.0  2283.380
 3110.0  2293.970
 3115.0  2302.678
 3120.0  2310.535
 3125.0  2317.773
 3130.0  2324.627
 3135.0  2331.330
 3140.0  2338.115
 3145.0  2345.217
 3150.0  2352.524
 3155.0  2359.793
 3160.0  2367.056
 3165.0  2374.344
 3170.0  2381.693
 3175.0  2389.132
 3180.0  2396.697
 3185.0  2404.620
 3190.0  2412.954
 3195.0  2421.457
 3200.0  2429.885
 3205.0  2437.996
 3210.0  2445.547
 3215.0  2452.297
 3220.0  2458.409
 3225.0  2464.212
 3230.0  2469.703
 3235.0  2474.881
 3240.0  2479.745
 3245.0  2484.293
 3250.0  2488.524
 3255.0  2492.360
 3260.0  2495.811
 3265.0  2499.014
 3270.0  2502.102
 3275.0  2505.209
 3280.0  2508.471
 3285.0  2512.021
 3290.0  2516.259
 3295.0  2521.208
 3300.0  2526.437
 3305.0  2531.517
 3310.0  2536.020
 3315.0  2539.514
 3320.0  2541.571
 3325.0  2542.719
 3330.0  2543.756
 3335.0  2544.659
 3340.0  2545.404
 3345.0  2545.965
 3350.0  2546.320
 3355.0  2546.443
 3360.0  2546.027
 3365.0  2544.954
 3370.0  2543.487
 3375.0  2541.889
 3380.0  2540.422
 3385.0  2539.349
 3390.0  2538.933
 3395.0  2539.027
 3400.0  2539.293
 3405.0  2539.706
 3410.0  2540.241
 3415.0  2540.873
 3420.0  2541.578
 3425.0  2542.332
 3430.0  2543.612
 3435.0  2545.678
 3440.0  2548.171
 3445.0  2550.734
 3450.0  2553.007
 3455.0  2554.634
 3460.0  2555.255
 3465.0  2555.084
 3470.0  2554.552
 3475.0  2553.630
 3480.0  2552.292
 3485.0  2550.509
 3490.0  2548.255
 3495.0  2545.501
 3500.0  2542.219
 3505.0  2258.847
 3510.0  2255.541
 3515.0  2252.519
 3520.0  2249.826
 3525.0  2247.510
 3530.0  2245.616
 3535.0  2243.940
 3540.0  2242.300
 3545.0  2240.775
 3550.0  2239.449
 3555.0  2238.401
 3560.0  2237.712
 3565.0  2237.465
 3570.0  2237.506
 3575.0  2237.612
 3580.0  2237.756
 3585.0  2237.914
 3590.0  2238.059
 3595.0  2238.165
 3600.0  2238.206
 3605.0  2237.330
 3610.0  2234.874
 3615.0  2231.096
 3620.0  2226.255
 3625.0  2220.609
 3630.0  2214.416
 3635.0  2207.935
