 2865.0  1570.039
 2870.0  1608.270
 2875.0  1645.198
 2880.0  1680.714
 2885.0  1714.707
 2890.0  1747.068
 2895.0  1777.687
 2900.0  1806.454
 2905.0  1833.314
 2910.0  1858.517
 2915.0  1882.411
 2920.0  1905.344
 2925.0  1927.664
 2930.0  1949.718
 2935.0  1971.855
 2940.0  1995.199
 2945.0  2019.828
 2950.0  2044.524
 2955.0  2068.065
 2960.0  2089.235
 2965.0  2106.812
 2970.0  2119.578
 2975.0  2128.440
 2980.0  2135.517
 2985.0  2141.410
 2990.0  2146.721
 2995.0  2152.051
 3000.0  2158.000
 3005.0  2165.170
 3010.0  2173.831
 3015.0  2183.622
 3020.0  2194.192
 3025.0  2205.193
 3030.0  2216.275
 3035.0  2227.089
 3040.0  2237.286
 3045.0  2247.046
 3050.0  2256.747
 3055.0  2266.329
 3060.0  2275.737
 3065.0  2284.913
 3070.0  2293.800
 3075.0  2302.341
 3080.0  2310.320
 3085.0  2317.732
 3090.0  2324.838
 3095.0  2331.897
 3100.0  2339.169
 3105.0  2346.914
 3110.0  2355.392
 3115.0  2365.024
 3120.0  2375.775
 3125.0  2387.221
 3130.0  2398.940
 3135.0  2410.508
 3140.0  2421.503
 3145.0  2431.502
 3150.0  2440.582
 3155.0  2449.182
 3160.0  2457.416
 3165.0  2465.401
 3170.0  2473.251
 3175.0  2481.083
 3180.0  2489.012
 3185.0  2497.282
 3190.0  2505.873
 3195.0  2514.502
 3200.0  2522.890
 3205.0  2530.755
 3210.0  2537.816
 3215.0  2543.791
 3220.0  2548.691
 3225.0  2552.883
 3230.0  2556.623
 3235.0  2560.164
 3240.0  2563.763
 3245.0  2567.674
 3250.0  2572.154
 3255.0  2577.774
 3260.0  2584.538
 3265.0  2591.842
 3270.0  2599.083
 3275.0  2605.658
 3280.0  2610.963
 3285.0  2614.397
 3290.0  2616.399
 3295.0  2617.923
 3300.0  2619.140
 3305.0  2620.220
 3310.0  2621.330
 3315.0  2622.642
 3320.0  2624.324
 3325.0  2626.723
 3330.0  2629.858
 3335.0  2633.405
 3340.0  2637.042
 3345.0  2640.445
 3350.0  2643.291
 3355.0  2645.258
 3360.0  2646.662
 3365.0  2647.999
 3370.0  2649.213
 3375.0  2650.252
 3380.0  2651.061
 3385.0  2651.586
 3390.0  2651.773
 3395.0  2651.593
 3400.0  2651.127
 3405.0  2650.490
 3410.0  2649.797
 3415.0  2649.160
 3420.0  2648.694
 3425.0  2648.513
 3430.0  2649.116
 3435.0  2650.669
 3440.0  2652.794
 3445.0  2655.108
 3450.0  2657.232
 3455.0  2658.786
 3460.0  2659.388
 3465.0  2659.029
 3470.0  2657.979
 3475.0  2656.278
 3480.0  2653.970
 3485.0  2651.093
 3490.0  2647.691
 3495.0  2643.803
 3500.0  2639.471
 3505.0  2374.352
 3510.0  2372.228
 3515.0  2369.971
 3520.0  2367.590
 3525.0  2365.097
 3530.0  2362.503
 3535.0  2359.563
 3540.0  2356.168
 3545.0  2352.533
 3550.0  2348.877
 3555.0  2345.413
 3560.0  2342.359
 3565.0  2339.931
 3570.0  2338.126
 3575.0  2336.689
 3580.0  2335.462
 3585.0  2334.286
 3590.0  2333.000
 3595.0  2331.447
 3600.0  2329.466
 3605.0  2326.800
 3610.0  2323.358
 3615.0  2319.236
 3620.0  2314.524
 3625.0  2309.318
 3630.0  2303.710
 3635.0  2297.794
