 2865.0  1745.275
 2870.0  1779.426
 2875.0  1812.622
 2880.0  1844.805
 2885.0  1875.916
 2890.0  1905.898
 2895.0  1934.691
 2900.0  1962.237
 2905.0  1988.786
 2910.0  2014.564
 2915.0  2039.478
 2920.0  2063.433
 2925.0  2086.334
 2930.0  2108.087
 2935.0  2128.598
 2940.0  2148.038
 2945.0  2166.653
 2950.0  2184.461
 2955.0  2201.480
 2960.0  2217.728
 2965.0  2233.223
 2970.0  2247.985
 2975.0  2262.118
 2980.0  2275.712
 2985.0  2288.754
 2990.0  2301.236
 2995.0  2313.145
 3000.0  2324.472
 3005.0  2335.205
 3010.0  2345.165
 3015.0  2354.354
 3020.0  2363.038
 3025.0  2371.481
 3030.0  2379.949
 3035.0  2388.708
 3040.0  2398.021
 3045.0  2407.637
 3050.0  2417.248
 3055.0  2427.034
 3060.0  2437.177
 3065.0  2447.857
 3070.0  2459.256
 3075.0  2471.553
 3080.0  2486.159
 3085.0  2503.503
 3090.0  2522.303
 3095.0  2541.274
 3100.0  2559.132
 3105.0  2574.594
 3110.0  2586.374
 3115.0  2594.909
 3120.0  2601.875
 3125.0  2607.845
 3130.0  2613.395
 3135.0  2619.097
 3140.0  2625.526
 3145.0  2633.257
 3150.0  2642.878
 3155.0  2654.212
 3160.0  2666.689
 3165.0  2679.737
 3170.0  2692.787
 3175.0  2705.267
 3180.0  2716.605
 3185.0  2727.110
 3190.0  2737.416
 3195.0  2747.446
 3200.0  2757.119
 3205.0  2766.357
 3210.0  2775.081
 3215.0  2783.212
 3220.0  2790.804
 3225.0  2797.997
 3230.0  2804.836
 3235.0  2811.365
 3240.0  2817.630
 3245.0  2823.676
 3250.0  2829.547
 3255.0  2835.298
 3260.0  2840.924
 3265.0  2846.381
 3270.0  2851.627
 3275.0  2856.619
 3280.0  2861.315
 3285.0  2865.670
 3290.0  2869.679
 3295.0  2873.408
 3300.0  2876.922
 3305.0  2880.290
 3310.0  2883.577
 3315.0  2886.849
 3320.0  2890.174
 3325.0  2893.796
 3330.0  2897.737
 3335.0  2901.733
 3340.0  2905.519
 3345.0  2908.829
 3350.0  2911.398
 3355.0  2912.962
 3360.0  2913.796
 3365.0  2914.409
 3370.0  2914.880
 3375.0  2915.290
 3380.0  2915.721
 3385.0  2916.251
 3390.0  2916.963
 3395.0  2918.158
 3400.0  2919.905
 3405.0  2921.935
 3410.0  2923.982
 3415.0  2925.775
 3420.0  2927.048
 3425.0  2927.532
 3430.0  2926.730
 3435.0  2924.615
 3440.0  2921.624
 3445.0  2918.197
 3450.0  2914.770
 3455.0  2911.782
 3460.0  2909.669
 3465.0  2908.168
 3470.0  2906.743
 3475.0  2905.432
 3480.0  2904.269
 3485.0  2903.291
 3490.0  2902.534
 3495.0  2902.034
 3500.0  2901.825
 3505.0  2564.746
 3510.0  2558.982
 3515.0  2554.082
 3520.0  2550.285
 3525.0  2547.831
 3530.0  2546.960
 3535.0  2547.060
 3540.0  2547.342
 3545.0  2547.777
 3550.0  2548.336
 3555.0  2548.991
 3560.0  2549.713
 3565.0  2550.475
 3570.0  2551.689
 3575.0  2553.576
 3580.0  2555.824
 3585.0  2558.118
 3590.0  2560.145
 3595.0  2561.592
 3600.0  2562.143
 3605.0  2561.056
 3610.0  2557.963
 3615.0  2553.119
 3620.0  2546.780
 3625.0  2539.200
 3630.0  2530.633
 3635.0  2521.336
