 2865.0  1653.289
 2870.0  1676.574
 2875.0  1700.240
 2880.0  1724.281
 2885.0  1748.687
 2890.0  1773.452
 2895.0  1798.565
 2900.0  1824.021
 2905.0  1850.723
 2910.0  1878.994
 2915.0  1907.949
 2920.0  1936.704
 2925.0  1964.377
 2930.0  1990.084
 2935.0  2012.940
 2940.0  2033.779
 2945.0  2053.864
 2950.0  2072.953
 2955.0  2090.806
 2960.0  2107.180
 2965.0  2121.835
 2970.0  2134.531
 2975.0  2145.469
 2980.0  2155.204
 2985.0  2164.019
 2990.0  2172.198
 2995.0  2180.025
 3000.0  2187.784
 3005.0  2195.758
 3010.0  2203.617
 3015.0  2211.003
 3020.0  2218.164
 3025.0  2225.346
 3030.0  2232.798
 3035.0  2240.766
 3040.0  2249.497
 3045.0  2259.268
 3050.0  2270.025
 3055.0  2281.513
 3060.0  2293.480
 3065.0  2305.673
 3070.0  2317.838
 3075.0  2329.724
 3080.0  2341.658
 3085.0  2353.975
 3090.0  2366.433
 3095.0  2378.788
 3100.0  2390.797
 3105.0  2402.215
 3110.0  2412.801
 3115.0  2422.454
 3120.0  2431.403
 3125.0  2439.894
 3130.0  2448.173
 3135.0  2456.487
 3140.0  2465.082
 3145.0  2474.205
 3150.0  2484.049
 3155.0  2494.470
 3160.0  2505.211
 3165.0  2516.014
 3170.0  2526.620
 3175.0  2536.770
 3180.0  2546.208
 3185.0  2555.135
 3190.0  2563.875
 3195.0  2572.354
 3200.0  2580.496
 3205.0  2588.226
 3210.0  2595.470
 3215.0  2602.151
 3220.0  2608.320
 3225.0  2614.113
 3230.0  2619.582
 3235.0  2624.780
 3240.0  2629.758
 3245.0  2634.570
 3250.0  2639.269
 3255.0  2643.789
 3260.0  2648.078
 3265.0  2652.201
 3270.0  2656.223
 3275.0  2660.212
 3280.0  2664.232
 3285.0  2668.349
 3290.0  2672.752
 3295.0  2677.444
 3300.0  2682.215
 3305.0  2686.856
 3310.0  2691.159
 3315.0  2694.914
 3320.0  2697.912
 3325.0  2700.273
 3330.0  2702.314
 3335.0  2704.119
 3340.0  2705.774
 3345.0  2707.365
 3350.0  2708.978
 3355.0  2710.697
 3360.0  2712.537
 3365.0  2714.428
 3370.0  2716.327
 3375.0  2718.190
 3380.0  2719.973
 3385.0  2721.633
 3390.0  2723.127
 3395.0  2724.600
 3400.0  2726.150
 3405.0  2727.666
 3410.0  2729.039
 3415.0  2730.157
 3420.0  2730.909
 3425.0  2731.184
 3430.0  2731.139
 3435.0  2731.022
 3440.0  2730.862
 3445.0  2730.688
 3450.0  2730.529
 3455.0  2730.412
 3460.0  2730.366
 3465.0  2730.435
 3470.0  2730.631
 3475.0  2730.939
 3480.0  2731.343
 3485.0  2731.827
 3490.0  2732.376
 3495.0  2732.974
 3500.0  2733.605
 3505.0  2396.011
 3510.0  2393.510
 3515.0  2391.344
 3520.0  2389.616
 3525.0  2388.431
 3530.0  2387.890
 3535.0  2387.718
 3540.0  2387.570
 3545.0  2387.445
 3550.0  2387.347
 3555.0  2387.275
 3560.0  2387.232
 3565.0  2387.217
 3570.0  2387.655
 3575.0  2388.786
 3580.0  2390.331
 3585.0  2392.016
 3590.0  2393.561
 3595.0  2394.692
 3600.0  2395.130
 3605.0  2394.661
 3610.0  2393.314
 3615.0  2391.183
 3620.0  2388.358
 3625.0  2384.934
 3630.0  2381.002
 3635.0  2376.655
