 2865.0  1468.450
 2870.0  1511.068
 2875.0  1552.151
 2880.0  1591.553
 2885.0  1629.133
 2890.0  1664.747
 2895.0  1698.251
 2900.0  1729.503
 2905.0  1759.036
 2910.0  1787.378
 2915.0  1814.378
 2920.0  1839.884
 2925.0  1863.743
 2930.0  1885.804
 2935.0  1905.914
 2940.0  1924.572
 2945.0  1942.306
 2950.0  1959.011
 2955.0  1974.579
 2960.0  1988.907
 2965.0  2001.886
 2970.0  2013.411
 2975.0  2023.233
 2980.0  2031.563
 2985.0  2038.990
 2990.0  2046.100
 2995.0  2053.481
 3000.0  2061.721
 3005.0  2071.407
 3010.0  2083.304
 3015.0  2097.317
 3020.0  2112.742
 3025.0  2128.878
 3030.0  2145.021
 3035.0  2160.470
 3040.0  2174.521
 3045.0  2186.960
 3050.0  2198.372
 3055.0  2209.248
 3060.0  2220.084
 3065.0  2231.374
 3070.0  2243.612
 3075.0  2257.291
 3080.0  2274.118
 3085.0  2294.380
 3090.0  2316.443
 3095.0  2338.671
 3100.0  2359.429
 3105.0  2377.082
 3110.0  2389.995
 3115.0  2399.973
 3120.0  2409.619
 3125.0  2418.494
 3130.0  2426.160
 3135.0  2432.179
 3140.0  2436.111
 3145.0  2437.520
 3150.0  2437.384
 3155.0  2437.033
 3160.0  2436.553
 3165.0  2436.030
 3170.0  2435.550
 3175.0  2435.200
 3180.0  2435.064
 3185.0  2441.026
 3190.0  2456.789
 3195.0  2479.163
 3200.0  2504.960
 3205.0  2530.989
 3210.0  2554.064
 3215.0  2570.994
 3220.0  2582.857
 3225.0  2593.168
 3230.0  2602.394
 3235.0  2611.001
 3240.0  2619.456
 3245.0  2628.227
 3250.0  2637.781
 3255.0  2648.803
 3260.0  2661.113
 3265.0  2673.880
 3270.0  2686.273
 3275.0  2697.460
 3280.0  2706.609
 3285.0  2712.889
 3290.0  2717.004
 3295.0  2720.358
 3300.0  2723.164
 3305.0  2725.637
 3310.0  2727.991
 3315.0  2730.441
 3320.0  2733.200
 3325.0  2736.586
 3330.0  2740.513
 3335.0  2744.596
 3340.0  2748.445
 3345.0  2751.674
 3350.0  2753.896
 3355.0  2754.723
 3360.0  2753.861
 3365.0  2751.588
 3370.0  2748.372
 3375.0  2744.679
 3380.0  2740.976
 3385.0  2737.732
 3390.0  2735.413
 3395.0  2733.962
 3400.0  2732.888
 3405.0  2732.009
 3410.0  2731.143
 3415.0  2730.109
 3420.0  2728.726
 3425.0  2726.811
 3430.0  2720.228
 3435.0  2706.859
 3440.0  2689.545
 3445.0  2671.130
 3450.0  2654.457
 3455.0  2642.368
 3460.0  2637.707
 3465.0  2638.412
 3470.0  2640.750
 3475.0  2645.055
 3480.0  2651.661
 3485.0  2660.901
 3490.0  2673.111
 3495.0  2688.623
 3500.0  2707.773
 3505.0  2373.570
 3510.0  2372.201
 3515.0  2370.803
 3520.0  2369.378
 3525.0  2367.926
 3530.0  2366.449
 3535.0  2364.735
 3540.0  2362.712
 3545.0  2360.588
 3550.0  2358.573
 3555.0  2356.876
 3560.0  2355.704
 3565.0  2355.267
 3570.0  2357.204
 3575.0  2362.200
 3580.0  2369.031
 3585.0  2376.473
 3590.0  2383.304
 3595.0  2388.299
 3600.0  2390.237
 3605.0  2388.826
 3610.0  2384.733
 3615.0  2378.167
 3620.0  2369.337
 3625.0  2358.452
 3630.0  2345.722
 3635.0  2331.355
