 2865.0  1519.284
 2870.0  1553.149
 2875.0  1586.176
 2880.0  1618.324
 2885.0  1649.548
 2890.0  1679.807
 2895.0  1709.057
 2900.0  1737.255
 2905.0  1764.861
 2910.0  1792.134
 2915.0  1818.728
 2920.0  1844.297
 2925.0  1868.495
 2930.0  1890.976
 2935.0  1911.395
 2940.0  1930.054
 2945.0  1947.557
 2950.0  1964.013
 2955.0  1979.527
 2960.0  1994.207
 2965.0  2008.159
 2970.0  2021.490
 2975.0  2034.424
 2980.0  2047.014
 2985.0  2059.112
 2990.0  2070.569
 2995.0  2081.237
 3000.0  2090.968
 3005.0  2099.612
 3010.0  2107.079
 3015.0  2113.598
 3020.0  2119.505
 3025.0  2125.134
 3030.0  2130.819
 3035.0  2136.894
 3040.0  2143.695
 3045.0  2151.232
 3050.0  2159.248
 3055.0  2167.669
 3060.0  2176.423
 3065.0  2185.439
 3070.0  2194.643
 3075.0  2203.963
 3080.0  2213.595
 3085.0  2223.683
 3090.0  2234.073
 3095.0  2244.616
 3100.0  2255.159
 3105.0  2265.551
 3110.0  2275.640
 3115.0  2285.433
 3120.0  2295.068
 3125.0  2304.593
 3130.0  2314.056
 3135.0  2323.505
 3140.0  2332.988
 3145.0  2342.553
 3150.0  2352.550
 3155.0  2363.055
 3160.0  2373.701
 3165.0  2384.120
 3170.0  2393.945
 3175.0  2402.811
 3180.0  2410.349
 3185.0  2416.642
 3190.0  2422.173
 3195.0  2427.178
 3200.0  2431.891
 3205.0  2436.547
 3210.0  2441.381
 3215.0  2446.627
 3220.0  2452.379
 3225.0  2458.464
 3230.0  2464.717
 3235.0  2470.975
 3240.0  2477.073
 3245.0  2482.847
 3250.0  2488.133
 3255.0  2493.018
 3260.0  2497.702
 3265.0  2502.190
 3270.0  2506.485
 3275.0  2510.592
 3280.0  2514.515
 3285.0  2518.258
 3290.0  2521.906
 3295.0  2525.498
 3300.0  2528.973
 3305.0  2532.271
 3310.0  2535.331
 3315.0  2538.093
 3320.0  2540.497
 3325.0  2542.613
 3330.0  2544.562
 3335.0  2546.359
 3340.0  2548.018
 3345.0  2549.553
 3350.0  2550.979
 3355.0  2552.309
 3360.0  2553.507
 3365.0  2554.564
 3370.0  2555.532
 3375.0  2556.466
 3380.0  2557.418
 3385.0  2558.441
 3390.0  2559.590
 3395.0  2561.032
 3400.0  2562.783
 3405.0  2564.671
 3410.0  2566.520
 3415.0  2568.159
 3420.0  2569.412
 3425.0  2570.108
 3430.0  2570.451
 3435.0  2570.757
 3440.0  2571.021
 3445.0  2571.237
 3450.0  2571.398
 3455.0  2571.500
 3460.0  2571.535
 3465.0  2571.181
 3470.0  2570.186
 3475.0  2568.646
 3480.0  2566.658
 3485.0  2564.321
 3490.0  2561.730
 3495.0  2558.984
 3500.0  2556.180
 3505.0  2271.658
 3510.0  2264.529
 3515.0  2258.466
 3520.0  2253.768
 3525.0  2250.731
 3530.0  2249.652
 3535.0  2249.891
 3540.0  2250.505
 3545.0  2251.346
 3550.0  2252.262
 3555.0  2253.102
 3560.0  2253.717
 3565.0  2253.955
 3570.0  2253.492
 3575.0  2252.247
 3580.0  2250.440
 3585.0  2248.287
 3590.0  2246.009
 3595.0  2243.822
 3600.0  2241.946
 3605.0  2240.306
 3610.0  2238.683
 3615.0  2237.078
 3620.0  2235.491
 3625.0  2233.922
 3630.0  2232.372
 3635.0  2230.840
