 2865.0  1507.512
 2870.0  1532.422
 2875.0  1557.833
 2880.0  1583.732
 2885.0  1610.106
 2890.0  1636.944
 2895.0  1664.232
 2900.0  1691.958
 2905.0  1722.189
 2910.0  1755.644
 2915.0  1790.291
 2920.0  1824.094
 2925.0  1855.022
 2930.0  1881.041
 2935.0  1900.118
 2940.0  1913.640
 2945.0  1924.816
 2950.0  1934.342
 2955.0  1942.914
 2960.0  1951.229
 2965.0  1959.983
 2970.0  1969.872
 2975.0  1980.693
 2980.0  1991.770
 2985.0  2003.090
 2990.0  2014.642
 2995.0  2026.411
 3000.0  2038.386
 3005.0  2050.554
 3010.0  2062.816
 3015.0  2075.161
 3020.0  2087.705
 3025.0  2100.565
 3030.0  2113.857
 3035.0  2127.697
 3040.0  2142.203
 3045.0  2157.582
 3050.0  2173.856
 3055.0  2190.856
 3060.0  2208.414
 3065.0  2226.364
 3070.0  2244.537
 3075.0  2262.765
 3080.0  2281.974
 3085.0  2302.630
 3090.0  2323.883
 3095.0  2344.881
 3100.0  2364.773
 3105.0  2382.707
 3110.0  2397.832
 3115.0  2410.509
 3120.0  2421.873
 3125.0  2432.239
 3130.0  2441.919
 3135.0  2451.228
 3140.0  2460.477
 3145.0  2469.981
 3150.0  2479.315
 3155.0  2488.062
 3160.0  2496.554
 3165.0  2505.119
 3170.0  2514.088
 3175.0  2523.789
 3180.0  2534.552
 3185.0  2547.345
 3190.0  2562.325
 3195.0  2578.609
 3200.0  2595.311
 3205.0  2611.548
 3210.0  2626.435
 3215.0  2639.089
 3220.0  2649.576
 3225.0  2658.844
 3230.0  2667.330
 3235.0  2675.471
 3240.0  2683.702
 3245.0  2692.461
 3250.0  2702.184
 3255.0  2713.226
 3260.0  2725.359
 3265.0  2738.152
 3270.0  2751.171
 3275.0  2763.984
 3280.0  2776.157
 3285.0  2787.259
 3290.0  2797.701
 3295.0  2808.047
 3300.0  2818.091
 3305.0  2827.626
 3310.0  2836.444
 3315.0  2844.340
 3320.0  2851.106
 3325.0  2857.401
 3330.0  2863.772
 3335.0  2869.836
 3340.0  2875.215
 3345.0  2879.527
 3350.0  2882.394
 3355.0  2883.434
 3360.0  2881.336
 3365.0  2875.926
 3370.0  2868.529
 3375.0  2860.470
 3380.0  2853.073
 3385.0  2847.664
 3390.0  2845.566
 3395.0  2845.709
 3400.0  2846.078
 3405.0  2846.582
 3410.0  2847.131
 3415.0  2847.636
 3420.0  2848.005
 3425.0  2848.148
 3430.0  2845.616
 3435.0  2839.061
 3440.0  2830.039
 3445.0  2820.110
 3450.0  2810.831
 3455.0  2803.760
 3460.0  2800.456
 3465.0  2799.606
 3470.0  2798.865
 3475.0  2798.241
 3480.0  2797.743
 3485.0  2797.377
 3490.0  2797.152
 3495.0  2797.075
 3500.0  2797.154
 3505.0  2483.065
 3510.0  2484.211
 3515.0  2485.121
 3520.0  2485.785
 3525.0  2486.192
 3530.0  2486.330
 3535.0  2486.056
 3540.0  2485.349
 3545.0  2484.382
 3550.0  2483.328
 3555.0  2482.361
 3560.0  2481.654
 3565.0  2481.380
 3570.0  2483.140
 3575.0  2487.678
 3580.0  2493.883
 3585.0  2500.644
 3590.0  2506.849
 3595.0  2511.388
 3600.0  2513.147
 3605.0  2510.951
 3610.0  2504.673
 3615.0  2494.776
 3620.0  2481.726
 3625.0  2465.986
 3630.0  2448.021
 3635.0  2428.295
