 2865.0  1389.108
 2870.0  1418.722
 2875.0  1447.901
 2880.0  1476.635
 2885.0  1504.911
 2890.0  1532.719
 2895.0  1560.048
 2900.0  1586.885
 2905.0  1614.200
 2910.0  1642.343
 2915.0  1670.376
 2920.0  1697.360
 2925.0  1722.358
 2930.0  1744.430
 2935.0  1762.638
 2940.0  1777.426
 2945.0  1790.240
 2950.0  1801.648
 2955.0  1812.216
 2960.0  1822.511
 2965.0  1833.101
 2970.0  1844.553
 2975.0  1857.014
 2980.0  1870.032
 2985.0  1883.274
 2990.0  1896.405
 2995.0  1909.093
 3000.0  1921.003
 3005.0  1931.801
 3010.0  1941.504
 3015.0  1950.484
 3020.0  1958.940
 3025.0  1967.074
 3030.0  1975.085
 3035.0  1983.172
 3040.0  1991.536
 3045.0  1999.989
 3050.0  2008.291
 3055.0  2016.563
 3060.0  2024.926
 3065.0  2033.502
 3070.0  2042.410
 3075.0  2051.773
 3080.0  2061.986
 3085.0  2073.098
 3090.0  2084.715
 3095.0  2096.440
 3100.0  2107.878
 3105.0  2118.631
 3110.0  2128.306
 3115.0  2136.936
 3120.0  2144.943
 3125.0  2152.503
 3130.0  2159.797
 3135.0  2167.003
 3140.0  2174.300
 3145.0  2181.866
 3150.0  2189.566
 3155.0  2197.196
 3160.0  2204.832
 3165.0  2212.552
 3170.0  2220.431
 3175.0  2228.548
 3180.0  2236.978
 3185.0  2246.128
 3190.0  2256.080
 3195.0  2266.423
 3200.0  2276.748
 3205.0  2286.645
 3210.0  2295.705
 3215.0  2303.517
 3220.0  2310.324
 3225.0  2316.667
 3230.0  2322.583
 3235.0  2328.112
 3240.0  2333.291
 3245.0  2338.158
 3250.0  2342.753
 3255.0  2347.026
 3260.0  2350.962
 3265.0  2354.653
 3270.0  2358.189
 3275.0  2361.663
 3280.0  2365.165
 3285.0  2368.786
 3290.0  2372.621
 3295.0  2376.618
 3300.0  2380.655
 3305.0  2384.608
 3310.0  2388.351
 3315.0  2391.761
 3320.0  2394.714
 3325.0  2397.377
 3330.0  2399.958
 3335.0  2402.395
 3340.0  2404.624
 3345.0  2406.582
 3350.0  2408.207
 3355.0  2409.436
 3360.0  2410.391
 3365.0  2411.239
 3370.0  2411.986
 3375.0  2412.639
 3380.0  2413.203
 3385.0  2413.683
 3390.0  2414.086
 3395.0  2414.454
 3400.0  2414.812
 3405.0  2415.143
 3410.0  2415.430
 3415.0  2415.656
 3420.0  2415.804
 3425.0  2415.858
 3430.0  2415.753
 3435.0  2415.474
 3440.0  2415.070
 3445.0  2414.594
 3450.0  2414.095
 3455.0  2413.626
 3460.0  2413.236
 3465.0  2412.907
 3470.0  2412.587
 3475.0  2412.277
 3480.0  2411.976
 3485.0  2411.685
 3490.0  2411.406
 3495.0  2411.138
 3500.0  2410.881
 3505.0  2129.607
 3510.0  2126.407
 3515.0  2123.772
 3520.0  2121.785
 3525.0  2120.532
 3530.0  2120.096
 3535.0  2120.522
 3540.0  2121.620
 3545.0  2123.121
 3550.0  2124.757
 3555.0  2126.258
 3560.0  2127.356
 3565.0  2127.782
 3570.0  2127.504
 3575.0  2126.737
 3580.0  2125.581
 3585.0  2124.134
 3590.0  2122.495
 3595.0  2120.763
 3600.0  2119.038
 3605.0  2117.188
 3610.0  2115.037
 3615.0  2112.614
 3620.0  2109.949
 3625.0  2107.069
 3630.0  2104.006
 3635.0  2100.787
