 2865 1566.654 
 2870 1602.788 
 2875 1637.840 
 2880 1671.730 
 2885 1704.384 
 2890 1735.721 
 2895 1765.665 
 2900 1794.139 
 2905 1821.536 
 2910 1848.177 
 2915 1873.874 
 2920 1898.442 
 2925 1921.692 
 2930 1943.438 
 2935 1963.492 
 2940 1982.145 
 2945 1999.827 
 2950 2016.563 
 2955 2032.382 
 2960 2047.308 
 2965 2061.368 
 2970 2074.588 
 2975 2086.991 
 2980 2098.657 
 2985 2109.697 
 2990 2120.221 
 2995 2130.342 
 3000 2140.170 
 3005 2149.817 
 3010 2159.174 
 3015 2168.132 
 3020 2176.793 
 3025 2185.264 
 3030 2193.647 
 3035 2202.049 
 3040 2210.572 
 3045 2219.130 
 3050 2227.602 
 3055 2236.044 
 3060 2244.516 
 3065 2253.071 
 3070 2261.769 
 3075 2270.666 
 3080 2279.861 
 3085 2289.339 
 3090 2298.990 
 3095 2308.701 
 3100 2318.361 
 3105 2327.857 
 3110 2337.079 
 3115 2345.984 
 3120 2354.661 
 3125 2363.190 
 3130 2371.651 
 3135 2380.129 
 3140 2388.701 
 3145 2397.450 
 3150 2406.650 
 3155 2416.325 
 3160 2426.188 
 3165 2435.948 
 3170 2445.316 
 3175 2454.003 
 3180 2461.720 
 3185 2468.511 
 3190 2474.727 
 3195 2480.531 
 3200 2486.087 
 3205 2491.560 
 3210 2497.115 
 3215 2502.915 
 3220 2509.182 
 3225 2515.846 
 3230 2522.637 
 3235 2529.284 
 3240 2535.518 
 3245 2541.069 
 3250 2545.666 
 3255 2549.397 
 3260 2552.630 
 3265 2555.519 
 3270 2558.216 
 3275 2560.873 
 3280 2563.645 
 3285 2566.684 
 3290 2570.107 
 3295 2573.821 
 3300 2577.666 
 3305 2581.479 
 3310 2585.099 
 3315 2588.366 
 3320 2591.117 
 3325 2593.403 
 3330 2595.427 
 3335 2597.250 
 3340 2598.933 
 3345 2600.538 
 3350 2602.128 
 3355 2603.765 
 3360 2605.576 
 3365 2607.556 
 3370 2609.562 
 3375 2611.451 
 3380 2613.081 
 3385 2614.309 
 3390 2614.994 
 3395 2615.313 
 3400 2615.551 
 3405 2615.727 
 3410 2615.860 
 3415 2615.967 
 3420 2616.066 
 3425 2616.177 
 3430 2616.062 
 3435 2615.546 
 3440 2614.738 
 3445 2613.746 
 3450 2612.680 
 3455 2611.648 
 3460 2610.759 
 3465 2609.916 
 3470 2608.961 
 3475 2607.913 
 3480 2606.789 
 3485 2605.610 
 3490 2604.391 
 3495 2603.151 
 3500 2601.910 
 3505 2335.092 
 3510 2332.187 
 3515 2329.358 
 3520 2326.609 
 3525 2323.948 
 3530 2321.378 
 3535 2318.904 
 3540 2316.513 
 3545 2314.188 
 3550 2311.912 
 3555 2309.664 
 3560 2307.428 
 3565 2305.186 
 3570 2303.010 
 3575 2300.929 
 3580 2298.864 
 3585 2296.736 
 3590 2294.465 
 3595 2291.972 
 3600 2289.178 
 3605 2285.952 
 3610 2282.248 
 3615 2278.113 
 3620 2273.595 
 3625 2268.740 
 3630 2263.596 
 3635 2258.209 
