 2865.0  1334.876
 2870.0  1376.694
 2875.0  1416.816
 2880.0  1455.041
 2885.0  1491.168
 2890.0  1524.998
 2895.0  1556.330
 2900.0  1584.963
 2905.0  1611.568
 2910.0  1636.857
 2915.0  1660.696
 2920.0  1682.949
 2925.0  1703.479
 2930.0  1722.152
 2935.0  1738.830
 2940.0  1753.634
 2945.0  1766.992
 2950.0  1779.239
 2955.0  1790.708
 2960.0  1801.731
 2965.0  1812.641
 2970.0  1823.771
 2975.0  1834.870
 2980.0  1845.566
 2985.0  1856.015
 2990.0  1866.369
 2995.0  1876.785
 3000.0  1887.416
 3005.0  1898.417
 3010.0  1910.354
 3015.0  1923.284
 3020.0  1936.599
 3025.0  1949.692
 3030.0  1961.953
 3035.0  1972.775
 3040.0  1981.550
 3045.0  1988.395
 3050.0  1994.110
 3055.0  1999.110
 3060.0  2003.811
 3065.0  2008.630
 3070.0  2013.981
 3075.0  2020.280
 3080.0  2027.688
 3085.0  2035.974
 3090.0  2044.972
 3095.0  2054.515
 3100.0  2064.435
 3105.0  2074.566
 3110.0  2084.739
 3115.0  2095.434
 3120.0  2106.977
 3125.0  2118.976
 3130.0  2131.040
 3135.0  2142.776
 3140.0  2153.791
 3145.0  2163.694
 3150.0  2173.140
 3155.0  2182.759
 3160.0  2192.115
 3165.0  2200.774
 3170.0  2208.302
 3175.0  2214.263
 3180.0  2218.224
 3185.0  2220.594
 3190.0  2222.264
 3195.0  2223.525
 3200.0  2224.665
 3205.0  2225.974
 3210.0  2227.740
 3215.0  2230.252
 3220.0  2236.065
 3225.0  2246.443
 3230.0  2259.740
 3235.0  2274.308
 3240.0  2288.503
 3245.0  2300.677
 3250.0  2309.185
 3255.0  2314.972
 3260.0  2320.125
 3265.0  2324.707
 3270.0  2328.783
 3275.0  2332.418
 3280.0  2335.676
 3285.0  2338.622
 3290.0  2341.259
 3295.0  2343.595
 3300.0  2345.707
 3305.0  2347.669
 3310.0  2349.556
 3315.0  2351.442
 3320.0  2353.403
 3325.0  2355.326
 3330.0  2357.108
 3335.0  2358.836
 3340.0  2360.601
 3345.0  2362.490
 3350.0  2364.592
 3355.0  2366.995
 3360.0  2370.389
 3365.0  2374.986
 3370.0  2380.156
 3375.0  2385.272
 3380.0  2389.704
 3385.0  2392.824
 3390.0  2394.004
 3395.0  2393.284
 3400.0  2391.427
 3405.0  2388.887
 3410.0  2386.121
 3415.0  2383.581
 3420.0  2381.724
 3425.0  2381.004
 3430.0  2381.521
 3435.0  2382.852
 3440.0  2384.673
 3445.0  2386.658
 3450.0  2388.479
 3455.0  2389.810
 3460.0  2390.327
 3465.0  2390.104
 3470.0  2389.441
 3475.0  2388.348
 3480.0  2386.836
 3485.0  2384.913
 3490.0  2382.591
 3495.0  2379.878
 3500.0  2376.784
 3505.0  2142.996
 3510.0  2140.359
 3515.0  2137.939
 3520.0  2135.770
 3525.0  2133.885
 3530.0  2132.319
 3535.0  2131.088
 3540.0  2130.116
 3545.0  2129.296
 3550.0  2128.518
 3555.0  2127.677
 3560.0  2126.664
 3565.0  2125.372
 3570.0  2123.580
 3575.0  2121.227
 3580.0  2118.444
 3585.0  2115.364
 3590.0  2112.118
 3595.0  2108.838
 3600.0  2105.655
 3605.0  2102.514
 3610.0  2099.272
 3615.0  2095.935
 3620.0  2092.505
 3625.0  2088.985
 3630.0  2085.381
 3635.0  2081.694
