 2865.0  1421.361
 2870.0  1462.795
 2875.0  1502.610
 2880.0  1540.631
 2885.0  1576.680
 2890.0  1610.582
 2895.0  1642.159
 2900.0  1671.236
 2905.0  1698.441
 2910.0  1724.416
 2915.0  1749.001
 2920.0  1772.039
 2925.0  1793.371
 2930.0  1812.838
 2935.0  1830.283
 2940.0  1845.724
 2945.0  1859.569
 2950.0  1872.250
 2955.0  1884.197
 2960.0  1895.839
 2965.0  1907.608
 2970.0  1919.933
 2975.0  1933.000
 2980.0  1946.487
 2985.0  1960.067
 2990.0  1973.411
 2995.0  1986.190
 3000.0  1998.076
 3005.0  2008.740
 3010.0  2018.264
 3015.0  2027.058
 3020.0  2035.291
 3025.0  2043.132
 3030.0  2050.747
 3035.0  2058.305
 3040.0  2065.974
 3045.0  2073.561
 3050.0  2080.855
 3055.0  2088.000
 3060.0  2095.136
 3065.0  2102.407
 3070.0  2109.956
 3075.0  2117.924
 3080.0  2126.338
 3085.0  2135.097
 3090.0  2144.157
 3095.0  2153.472
 3100.0  2162.997
 3105.0  2172.688
 3110.0  2182.499
 3115.0  2192.867
 3120.0  2203.989
 3125.0  2215.455
 3130.0  2226.853
 3135.0  2237.775
 3140.0  2247.810
 3145.0  2256.548
 3150.0  2264.047
 3155.0  2270.790
 3160.0  2277.005
 3165.0  2282.921
 3170.0  2288.764
 3175.0  2294.763
 3180.0  2301.146
 3185.0  2308.056
 3190.0  2315.341
 3195.0  2322.786
 3200.0  2330.174
 3205.0  2337.289
 3210.0  2343.913
 3215.0  2349.832
 3220.0  2355.160
 3225.0  2360.178
 3230.0  2364.914
 3235.0  2369.396
 3240.0  2373.653
 3245.0  2377.714
 3250.0  2381.607
 3255.0  2385.302
 3260.0  2388.782
 3265.0  2392.096
 3270.0  2395.294
 3275.0  2398.424
 3280.0  2401.536
 3285.0  2404.679
 3290.0  2407.852
 3295.0  2411.012
 3300.0  2414.144
 3305.0  2417.235
 3310.0  2420.270
 3315.0  2423.237
 3320.0  2426.121
 3325.0  2429.232
 3330.0  2432.687
 3335.0  2436.187
 3340.0  2439.432
 3345.0  2442.121
 3350.0  2443.954
 3355.0  2444.632
 3360.0  2443.858
 3365.0  2441.862
 3370.0  2439.133
 3375.0  2436.159
 3380.0  2433.430
 3385.0  2431.434
 3390.0  2430.660
 3395.0  2431.929
 3400.0  2435.208
 3405.0  2439.705
 3410.0  2444.629
 3415.0  2449.187
 3420.0  2452.587
 3425.0  2454.038
 3430.0  2454.237
 3435.0  2454.408
 3440.0  2454.549
 3445.0  2454.661
 3450.0  2454.742
 3455.0  2454.791
 3460.0  2454.807
 3465.0  2454.750
 3470.0  2454.585
 3475.0  2454.326
 3480.0  2453.984
 3485.0  2453.574
 3490.0  2453.107
 3495.0  2452.596
 3500.0  2452.053
 3505.0  2169.028
 3510.0  2163.951
 3515.0  2159.687
 3520.0  2156.417
 3525.0  2154.322
 3530.0  2153.584
 3535.0  2153.950
 3540.0  2154.895
 3545.0  2156.187
 3550.0  2157.594
 3555.0  2158.886
 3560.0  2159.831
 3565.0  2160.197
 3570.0  2159.887
 3575.0  2159.039
 3580.0  2157.774
 3585.0  2156.213
 3590.0  2154.479
 3595.0  2152.693
 3600.0  2150.977
 3605.0  2149.246
 3610.0  2147.346
 3615.0  2145.288
 3620.0  2143.087
 3625.0  2140.754
 3630.0  2138.302
 3635.0  2135.745
