 2865.0  1720.610
 2870.0  1764.910
 2875.0  1807.156
 2880.0  1847.009
 2885.0  1884.126
 2890.0  1918.167
 2895.0  1948.791
 2900.0  1975.657
 2905.0  1998.966
 2910.0  2019.618
 2915.0  2038.322
 2920.0  2055.787
 2925.0  2072.720
 2930.0  2089.830
 2935.0  2107.826
 2940.0  2127.186
 2945.0  2147.442
 2950.0  2167.878
 2955.0  2187.780
 2960.0  2206.432
 2965.0  2223.120
 2970.0  2237.128
 2975.0  2248.711
 2980.0  2258.873
 2985.0  2268.023
 2990.0  2276.571
 2995.0  2284.926
 3000.0  2293.498
 3005.0  2302.696
 3010.0  2312.775
 3015.0  2323.457
 3020.0  2334.352
 3025.0  2345.075
 3030.0  2355.237
 3035.0  2364.450
 3040.0  2372.326
 3045.0  2378.725
 3050.0  2384.065
 3055.0  2388.802
 3060.0  2393.389
 3065.0  2398.279
 3070.0  2403.927
 3075.0  2410.786
 3080.0  2419.594
 3085.0  2430.446
 3090.0  2442.837
 3095.0  2456.259
 3100.0  2470.205
 3105.0  2484.169
 3110.0  2497.644
 3115.0  2511.184
 3120.0  2525.430
 3125.0  2540.008
 3130.0  2554.544
 3135.0  2568.663
 3140.0  2581.992
 3145.0  2594.155
 3150.0  2605.532
 3155.0  2616.646
 3160.0  2627.339
 3165.0  2637.453
 3170.0  2646.831
 3175.0  2655.314
 3180.0  2662.745
 3185.0  2669.103
 3190.0  2674.650
 3195.0  2679.655
 3200.0  2684.387
 3205.0  2689.113
 3210.0  2694.102
 3215.0  2699.623
 3220.0  2705.636
 3225.0  2711.902
 3230.0  2718.397
 3235.0  2725.093
 3240.0  2731.963
 3245.0  2738.981
 3250.0  2746.121
 3255.0  2754.274
 3260.0  2763.770
 3265.0  2773.741
 3270.0  2783.318
 3275.0  2791.632
 3280.0  2797.815
 3285.0  2800.998
 3290.0  2802.195
 3295.0  2803.071
 3300.0  2803.732
 3305.0  2804.284
 3310.0  2804.834
 3315.0  2805.487
 3320.0  2806.351
 3325.0  2807.390
 3330.0  2808.519
 3335.0  2809.769
 3340.0  2811.170
 3345.0  2812.753
 3350.0  2814.549
 3355.0  2816.588
 3360.0  2819.819
 3365.0  2824.657
 3370.0  2830.334
 3375.0  2836.085
 3380.0  2841.142
 3385.0  2844.738
 3390.0  2846.107
 3395.0  2845.217
 3400.0  2842.922
 3405.0  2839.784
 3410.0  2836.365
 3415.0  2833.227
 3420.0  2830.932
 3425.0  2830.042
 3430.0  2830.225
 3435.0  2830.696
 3440.0  2831.340
 3445.0  2832.042
 3450.0  2832.686
 3455.0  2833.157
 3460.0  2833.340
 3465.0  2833.225
 3470.0  2832.889
 3475.0  2832.348
 3480.0  2831.614
 3485.0  2830.703
 3490.0  2829.629
 3495.0  2828.405
 3500.0  2827.048
 3505.0  2522.508
 3510.0  2517.433
 3515.0  2513.146
 3520.0  2509.843
 3525.0  2507.718
 3530.0  2506.966
 3535.0  2507.242
 3540.0  2507.955
 3545.0  2508.930
 3550.0  2509.991
 3555.0  2510.966
 3560.0  2511.678
 3565.0  2511.955
 3570.0  2511.585
 3575.0  2510.573
 3580.0  2509.067
 3585.0  2507.213
 3590.0  2505.158
 3595.0  2503.050
 3600.0  2501.035
 3605.0  2499.020
 3610.0  2496.823
 3615.0  2494.458
 3620.0  2491.937
 3625.0  2489.275
 3630.0  2486.483
 3635.0  2483.575
