 2865.0  1439.968
 2870.0  1480.092
 2875.0  1518.685
 2880.0  1555.589
 2885.0  1590.645
 2890.0  1623.693
 2895.0  1654.575
 2900.0  1683.131
 2905.0  1709.837
 2910.0  1735.241
 2915.0  1759.290
 2920.0  1781.934
 2925.0  1803.120
 2930.0  1822.798
 2935.0  1840.916
 2940.0  1857.554
 2945.0  1872.971
 2950.0  1887.384
 2955.0  1901.012
 2960.0  1914.073
 2965.0  1926.785
 2970.0  1939.365
 2975.0  1951.819
 2980.0  1963.981
 2985.0  1975.814
 2990.0  1987.279
 2995.0  1998.341
 3000.0  2008.960
 3005.0  2019.100
 3010.0  2028.781
 3015.0  2038.077
 3020.0  2047.031
 3025.0  2055.682
 3030.0  2064.073
 3035.0  2072.246
 3040.0  2080.241
 3045.0  2087.887
 3050.0  2095.103
 3055.0  2102.066
 3060.0  2108.956
 3065.0  2115.949
 3070.0  2123.223
 3075.0  2130.957
 3080.0  2139.140
 3085.0  2147.626
 3090.0  2156.396
 3095.0  2165.427
 3100.0  2174.698
 3105.0  2184.189
 3110.0  2193.878
 3115.0  2204.240
 3120.0  2215.468
 3125.0  2227.114
 3130.0  2238.733
 3135.0  2249.878
 3140.0  2260.104
 3145.0  2268.963
 3150.0  2276.520
 3155.0  2283.294
 3160.0  2289.526
 3165.0  2295.459
 3170.0  2301.331
 3175.0  2307.385
 3180.0  2313.862
 3185.0  2320.914
 3190.0  2328.382
 3195.0  2336.040
 3200.0  2343.658
 3205.0  2351.010
 3210.0  2357.867
 3215.0  2364.002
 3220.0  2369.484
 3225.0  2374.583
 3230.0  2379.380
 3235.0  2383.953
 3240.0  2388.382
 3245.0  2392.744
 3250.0  2397.120
 3255.0  2401.587
 3260.0  2406.105
 3265.0  2410.576
 3270.0  2414.900
 3275.0  2418.980
 3280.0  2422.716
 3285.0  2426.009
 3290.0  2428.893
 3295.0  2431.511
 3300.0  2433.927
 3305.0  2436.204
 3310.0  2438.407
 3315.0  2440.598
 3320.0  2442.842
 3325.0  2445.135
 3330.0  2447.420
 3335.0  2449.681
 3340.0  2451.902
 3345.0  2454.067
 3350.0  2456.160
 3355.0  2458.166
 3360.0  2460.290
 3365.0  2462.618
 3370.0  2464.957
 3375.0  2467.114
 3380.0  2468.894
 3385.0  2470.104
 3390.0  2470.550
 3395.0  2470.549
 3400.0  2470.547
 3405.0  2470.544
 3410.0  2470.540
 3415.0  2470.537
 3420.0  2470.534
 3425.0  2470.533
 3430.0  2470.747
 3435.0  2471.298
 3440.0  2472.052
 3445.0  2472.873
 3450.0  2473.627
 3455.0  2474.178
 3460.0  2474.392
 3465.0  2474.389
 3470.0  2474.372
 3475.0  2474.325
 3480.0  2474.233
 3485.0  2474.082
 3490.0  2473.856
 3495.0  2473.541
 3500.0  2473.122
 3505.0  2185.724
 3510.0  2179.848
 3515.0  2174.912
 3520.0  2171.125
 3525.0  2168.699
 3530.0  2167.844
 3535.0  2168.262
 3540.0  2169.339
 3545.0  2170.813
 3550.0  2172.419
 3555.0  2173.893
 3560.0  2174.970
 3565.0  2175.388
 3570.0  2175.014
 3575.0  2174.003
 3580.0  2172.524
 3585.0  2170.748
 3590.0  2168.841
 3595.0  2166.974
 3600.0  2165.315
 3605.0  2163.808
 3610.0  2162.281
 3615.0  2160.736
 3620.0  2159.173
 3625.0  2157.592
 3630.0  2155.994
 3635.0  2154.378
