 2865.0  1591.733
 2870.0  1623.229
 2875.0  1654.460
 2880.0  1685.421
 2885.0  1716.110
 2890.0  1746.523
 2895.0  1776.656
 2900.0  1806.505
 2905.0  1836.810
 2910.0  1867.827
 2915.0  1898.827
 2920.0  1929.077
 2925.0  1957.849
 2930.0  1984.412
 2935.0  2008.035
 2940.0  2029.679
 2945.0  2050.564
 2950.0  2070.355
 2955.0  2088.713
 2960.0  2105.302
 2965.0  2119.785
 2970.0  2131.825
 2975.0  2141.557
 2980.0  2149.702
 2985.0  2156.803
 2990.0  2163.398
 2995.0  2170.028
 3000.0  2177.234
 3005.0  2185.556
 3010.0  2195.091
 3015.0  2205.446
 3020.0  2216.435
 3025.0  2227.867
 3030.0  2239.555
 3035.0  2251.310
 3040.0  2262.944
 3045.0  2274.710
 3050.0  2286.866
 3055.0  2299.225
 3060.0  2311.600
 3065.0  2323.806
 3070.0  2335.656
 3075.0  2346.964
 3080.0  2357.983
 3085.0  2368.978
 3090.0  2379.782
 3095.0  2390.226
 3100.0  2400.144
 3105.0  2409.367
 3110.0  2417.727
 3115.0  2425.007
 3120.0  2431.360
 3125.0  2437.176
 3130.0  2442.844
 3135.0  2448.754
 3140.0  2455.295
 3145.0  2462.858
 3150.0  2472.027
 3155.0  2482.776
 3160.0  2494.578
 3165.0  2506.905
 3170.0  2519.231
 3175.0  2531.026
 3180.0  2541.765
 3185.0  2551.650
 3190.0  2561.243
 3195.0  2570.550
 3200.0  2579.577
 3205.0  2588.332
 3210.0  2596.821
 3215.0  2605.051
 3220.0  2613.197
 3225.0  2621.330
 3230.0  2629.297
 3235.0  2636.943
 3240.0  2644.116
 3245.0  2650.663
 3250.0  2656.429
 3255.0  2661.537
 3260.0  2666.246
 3265.0  2670.611
 3270.0  2674.682
 3275.0  2678.515
 3280.0  2682.162
 3285.0  2685.675
 3290.0  2689.035
 3295.0  2692.206
 3300.0  2695.222
 3305.0  2698.115
 3310.0  2700.920
 3315.0  2703.668
 3320.0  2706.394
 3325.0  2709.063
 3330.0  2711.638
 3335.0  2714.147
 3340.0  2716.617
 3345.0  2719.077
 3350.0  2721.553
 3355.0  2724.074
 3360.0  2726.951
 3365.0  2730.261
 3370.0  2733.685
 3375.0  2736.904
 3380.0  2739.599
 3385.0  2741.451
 3390.0  2742.139
 3395.0  2741.920
 3400.0  2741.354
 3405.0  2740.582
 3410.0  2739.740
 3415.0  2738.967
 3420.0  2738.402
 3425.0  2738.183
 3430.0  2738.782
 3435.0  2740.328
 3440.0  2742.442
 3445.0  2744.745
 3450.0  2746.859
 3455.0  2748.405
 3460.0  2749.004
 3465.0  2748.844
 3470.0  2748.353
 3475.0  2747.512
 3480.0  2746.303
 3485.0  2744.708
 3490.0  2742.707
 3495.0  2740.283
 3500.0  2737.418
 3505.0  2438.684
 3510.0  2433.916
 3515.0  2429.638
 3520.0  2425.953
 3525.0  2422.964
 3530.0  2420.774
 3535.0  2419.102
 3540.0  2417.602
 3545.0  2416.281
 3550.0  2415.147
 3555.0  2414.207
 3560.0  2413.468
 3565.0  2412.936
 3570.0  2412.582
 3575.0  2412.339
 3580.0  2412.158
 3585.0  2411.992
 3590.0  2411.792
 3595.0  2411.511
 3600.0  2411.100
 3605.0  2409.931
 3610.0  2407.538
 3615.0  2404.112
 3620.0  2399.848
 3625.0  2394.938
 3630.0  2389.577
 3635.0  2383.956
