 2865.0  1728.384
 2870.0  1770.558
 2875.0  1811.212
 2880.0  1850.204
 2885.0  1887.392
 2890.0  1922.635
 2895.0  1955.791
 2900.0  1986.718
 2905.0  2015.618
 2910.0  2042.904
 2915.0  2068.753
 2920.0  2093.340
 2925.0  2116.843
 2930.0  2139.438
 2935.0  2161.302
 2940.0  2182.869
 2945.0  2204.205
 2950.0  2224.931
 2955.0  2244.669
 2960.0  2263.040
 2965.0  2279.665
 2970.0  2294.166
 2975.0  2306.769
 2980.0  2318.137
 2985.0  2328.539
 2990.0  2338.247
 2995.0  2347.533
 3000.0  2356.668
 3005.0  2365.922
 3010.0  2375.071
 3015.0  2383.811
 3020.0  2392.294
 3025.0  2400.675
 3030.0  2409.108
 3035.0  2417.744
 3040.0  2426.739
 3045.0  2436.110
 3050.0  2445.731
 3055.0  2455.545
 3060.0  2465.495
 3065.0  2475.521
 3070.0  2485.566
 3075.0  2495.571
 3080.0  2505.518
 3085.0  2515.456
 3090.0  2525.420
 3095.0  2535.447
 3100.0  2545.576
 3105.0  2555.843
 3110.0  2566.286
 3115.0  2576.951
 3120.0  2587.825
 3125.0  2598.854
 3130.0  2609.986
 3135.0  2621.165
 3140.0  2632.339
 3145.0  2643.455
 3150.0  2654.916
 3155.0  2666.906
 3160.0  2679.037
 3165.0  2690.924
 3170.0  2702.178
 3175.0  2712.414
 3180.0  2721.245
 3185.0  2728.754
 3190.0  2735.442
 3195.0  2741.550
 3200.0  2747.318
 3205.0  2752.986
 3210.0  2758.796
 3215.0  2764.987
 3220.0  2771.791
 3225.0  2779.072
 3230.0  2786.523
 3235.0  2793.832
 3240.0  2800.690
 3245.0  2806.789
 3250.0  2811.819
 3255.0  2815.859
 3260.0  2819.323
 3265.0  2822.402
 3270.0  2825.288
 3275.0  2828.173
 3280.0  2831.246
 3285.0  2834.700
 3290.0  2838.735
 3295.0  2843.259
 3300.0  2848.029
 3305.0  2852.801
 3310.0  2857.331
 3315.0  2861.377
 3320.0  2864.693
 3325.0  2867.385
 3330.0  2869.771
 3335.0  2871.928
 3340.0  2873.932
 3345.0  2875.862
 3350.0  2877.794
 3355.0  2879.805
 3360.0  2882.106
 3365.0  2884.699
 3370.0  2887.348
 3375.0  2889.819
 3380.0  2891.876
 3385.0  2893.282
 3390.0  2893.803
 3395.0  2893.350
 3400.0  2892.182
 3405.0  2890.584
 3410.0  2888.843
 3415.0  2887.245
 3420.0  2886.076
 3425.0  2885.623
 3430.0  2886.249
 3435.0  2887.864
 3440.0  2890.071
 3445.0  2892.476
 3450.0  2894.684
 3455.0  2896.298
 3460.0  2896.924
 3465.0  2896.832
 3470.0  2896.527
 3475.0  2895.969
 3480.0  2895.115
 3485.0  2893.925
 3490.0  2892.356
 3495.0  2890.367
 3500.0  2887.917
 3505.0  2555.324
 3510.0  2550.565
 3515.0  2546.575
 3520.0  2543.520
 3525.0  2541.566
 3530.0  2540.877
 3535.0  2541.248
 3540.0  2542.202
 3545.0  2543.507
 3550.0  2544.929
 3555.0  2546.234
 3560.0  2547.189
 3565.0  2547.559
 3570.0  2547.217
 3575.0  2546.263
 3580.0  2544.807
 3585.0  2542.956
 3590.0  2540.820
 3595.0  2538.508
 3600.0  2536.127
 3605.0  2533.388
 3610.0  2529.978
 3615.0  2525.973
 3620.0  2521.449
 3625.0  2516.484
 3630.0  2511.152
 3635.0  2505.532
