 2865.0  1489.141
 2870.0  1518.060
 2875.0  1546.387
 2880.0  1574.097
 2885.0  1601.166
 2890.0  1627.572
 2895.0  1653.291
 2900.0  1678.299
 2905.0  1703.088
 2910.0  1727.879
 2915.0  1752.243
 2920.0  1775.752
 2925.0  1797.976
 2930.0  1818.489
 2935.0  1836.860
 2940.0  1853.514
 2945.0  1869.179
 2950.0  1883.879
 2955.0  1897.638
 2960.0  1910.481
 2965.0  1922.434
 2970.0  1933.519
 2975.0  1943.635
 2980.0  1952.835
 2985.0  1961.382
 2990.0  1969.539
 2995.0  1977.568
 3000.0  1985.731
 3005.0  1994.292
 3010.0  2003.133
 3015.0  2011.982
 3020.0  2020.869
 3025.0  2029.826
 3030.0  2038.884
 3035.0  2048.074
 3040.0  2057.426
 3045.0  2066.960
 3050.0  2076.658
 3055.0  2086.498
 3060.0  2096.455
 3065.0  2106.507
 3070.0  2116.631
 3075.0  2126.803
 3080.0  2137.415
 3085.0  2148.620
 3090.0  2160.037
 3095.0  2171.283
 3100.0  2181.975
 3105.0  2191.733
 3110.0  2200.175
 3115.0  2207.165
 3120.0  2213.112
 3125.0  2218.450
 3130.0  2223.613
 3135.0  2229.034
 3140.0  2235.146
 3145.0  2242.384
 3150.0  2251.505
 3155.0  2262.545
 3160.0  2274.858
 3165.0  2287.796
 3170.0  2300.710
 3175.0  2312.955
 3180.0  2323.881
 3185.0  2333.684
 3190.0  2343.040
 3195.0  2352.026
 3200.0  2360.717
 3205.0  2369.189
 3210.0  2377.520
 3215.0  2385.783
 3220.0  2393.700
 3225.0  2401.115
 3230.0  2408.294
 3235.0  2415.503
 3240.0  2423.010
 3245.0  2431.079
 3250.0  2439.978
 3255.0  2449.924
 3260.0  2460.838
 3265.0  2472.544
 3270.0  2484.866
 3275.0  2497.627
 3280.0  2510.651
 3285.0  2523.761
 3290.0  2537.744
 3295.0  2553.040
 3300.0  2568.955
 3305.0  2584.797
 3310.0  2599.870
 3315.0  2613.481
 3320.0  2624.937
 3325.0  2634.754
 3330.0  2643.908
 3335.0  2652.398
 3340.0  2660.221
 3345.0  2667.374
 3350.0  2673.853
 3355.0  2679.657
 3360.0  2685.044
 3365.0  2690.207
 3370.0  2695.043
 3375.0  2699.450
 3380.0  2703.324
 3385.0  2706.562
 3390.0  2709.062
 3395.0  2711.082
 3400.0  2712.936
 3405.0  2714.597
 3410.0  2716.043
 3415.0  2717.248
 3420.0  2718.187
 3425.0  2718.837
 3430.0  2719.319
 3435.0  2719.763
 3440.0  2720.156
 3445.0  2720.484
 3450.0  2720.735
 3455.0  2720.895
 3460.0  2720.952
 3465.0  2720.779
 3470.0  2720.287
 3475.0  2719.515
 3480.0  2718.502
 3485.0  2717.286
 3490.0  2715.905
 3495.0  2714.400
 3500.0  2712.808
 3505.0  2417.537
 3510.0  2415.650
 3515.0  2413.926
 3520.0  2412.392
 3525.0  2411.076
 3530.0  2410.003
 3535.0  2409.058
 3540.0  2408.134
 3545.0  2407.276
 3550.0  2406.530
 3555.0  2405.942
 3560.0  2405.555
 3565.0  2405.417
 3570.0  2405.757
 3575.0  2406.636
 3580.0  2407.838
 3585.0  2409.148
 3590.0  2410.350
 3595.0  2411.229
 3600.0  2411.570
 3605.0  2410.469
 3610.0  2407.360
 3615.0  2402.538
 3620.0  2396.294
 3625.0  2388.920
 3630.0  2380.711
 3635.0  2371.957
