 2865.0  1671.917
 2870.0  1710.166
 2875.0  1747.006
 2880.0  1782.302
 2885.0  1815.917
 2890.0  1847.715
 2895.0  1877.559
 2900.0  1905.313
 2905.0  1931.145
 2910.0  1955.447
 2915.0  1978.412
 2920.0  2000.236
 2925.0  2021.113
 2930.0  2041.238
 2935.0  2060.805
 2940.0  2079.983
 2945.0  2098.719
 2950.0  2116.872
 2955.0  2134.299
 2960.0  2150.861
 2965.0  2166.416
 2970.0  2180.823
 2975.0  2194.167
 2980.0  2206.706
 2985.0  2218.560
 2990.0  2229.848
 2995.0  2240.691
 3000.0  2251.207
 3005.0  2261.518
 3010.0  2271.610
 3015.0  2281.396
 3020.0  2290.886
 3025.0  2300.090
 3030.0  2309.018
 3035.0  2317.679
 3040.0  2326.083
 3045.0  2333.993
 3050.0  2341.338
 3055.0  2348.376
 3060.0  2355.367
 3065.0  2362.571
 3070.0  2370.247
 3075.0  2378.655
 3080.0  2388.007
 3085.0  2398.201
 3090.0  2409.020
 3095.0  2420.251
 3100.0  2431.679
 3105.0  2443.088
 3110.0  2454.265
 3115.0  2465.419
 3120.0  2476.814
 3125.0  2488.310
 3130.0  2499.769
 3135.0  2511.051
 3140.0  2522.020
 3145.0  2532.535
 3150.0  2542.671
 3155.0  2552.591
 3160.0  2562.286
 3165.0  2571.749
 3170.0  2580.974
 3175.0  2589.951
 3180.0  2598.674
 3185.0  2607.279
 3190.0  2615.831
 3195.0  2624.217
 3200.0  2632.323
 3205.0  2640.038
 3210.0  2647.247
 3215.0  2653.838
 3220.0  2659.918
 3225.0  2665.676
 3230.0  2671.124
 3235.0  2676.273
 3240.0  2681.133
 3245.0  2685.716
 3250.0  2690.032
 3255.0  2693.977
 3260.0  2697.536
 3265.0  2700.855
 3270.0  2704.081
 3275.0  2707.358
 3280.0  2710.833
 3285.0  2714.652
 3290.0  2719.028
 3295.0  2723.919
 3300.0  2729.090
 3305.0  2734.306
 3310.0  2739.329
 3315.0  2743.926
 3320.0  2747.859
 3325.0  2751.296
 3330.0  2754.550
 3335.0  2757.604
 3340.0  2760.440
 3345.0  2763.042
 3350.0  2765.392
 3355.0  2767.474
 3360.0  2769.350
 3365.0  2771.093
 3370.0  2772.705
 3375.0  2774.188
 3380.0  2775.543
 3385.0  2776.772
 3390.0  2777.876
 3395.0  2778.953
 3400.0  2780.053
 3405.0  2781.108
 3410.0  2782.049
 3415.0  2782.806
 3420.0  2783.311
 3425.0  2783.495
 3430.0  2783.452
 3435.0  2783.328
 3440.0  2783.131
 3445.0  2782.869
 3450.0  2782.550
 3455.0  2782.181
 3460.0  2781.771
 3465.0  2781.105
 3470.0  2780.007
 3475.0  2778.539
 3480.0  2776.765
 3485.0  2774.749
 3490.0  2772.554
 3495.0  2770.244
 3500.0  2767.881
 3505.0  2460.388
 3510.0  2455.979
 3515.0  2452.101
 3520.0  2448.894
 3525.0  2446.498
 3530.0  2445.053
 3535.0  2444.241
 3540.0  2443.615
 3545.0  2443.119
 3550.0  2442.700
 3555.0  2442.301
 3560.0  2441.868
 3565.0  2441.345
 3570.0  2440.799
 3575.0  2440.298
 3580.0  2439.793
 3585.0  2439.236
 3590.0  2438.578
 3595.0  2437.769
 3600.0  2436.761
 3605.0  2435.088
 3610.0  2432.411
 3615.0  2428.876
 3620.0  2424.628
 3625.0  2419.811
 3630.0  2414.570
 3635.0  2409.051
