0            
-.2755       
-1.0579      
-1.5213      
-3.0124      
0            
0.3365       
2.35         
1.1362       
3605         
3910         
.000000040   
920          
80           
2402         
0            
4565
8822
14361
20339     
25000        
2816         
mkii        
2            
0            
0            
0            
0            
0            
0            
0            
2666         
0            
0            
0            
0            
0            
0            
0            
2639         
0            
0            
2687         
75           
0.2            
0            
256          
0            
0            
38           
2112         
July 19/11   
