   2865  2989.546
   2870  3062.566
   2875  3138.745
   2880  3217.666
   2885  3298.923
   2890  3382.125
   2895  3466.891
   2900  3552.853
   2905  3639.653
   2910  3726.951
   2915  3814.418
   2920  3901.742
   2925  3988.626
   2930  4074.791
   2935  4159.974
   2940  4243.932
   2945  4326.437
   2950  4407.279
   2955  4486.265
   2960  4563.217
   2965  4637.974
   2970  4710.385
   2975  4780.313
   2980  4847.631
   2985  4912.219
   2990  4973.966
   2995  5032.762
   3000  5088.501
   3005  5141.078
   3010  5190.383
   3015  5236.306
   3020  5278.729
   3025  5317.527
   3030  5352.567
   3035  5383.707
   3040  5410.793
   3045  5433.659
   3050  5452.128
   3055  5466.011
   3060  5475.108
   3065  5479.208
   3070  5478.091
   3075  5471.529
   3080  5459.289
   3085  5441.134
   3090  5416.827
   3095  5386.136
   3100  5348.837
   3105  5304.715
   3110  5253.576
   3115  5195.246
   3120  5129.576
   3125  5056.454
   3130  4975.805
   3135  4887.596
   3140  4791.845
   3145  4688.625
   3150  4578.067
   3155  4460.364
   3160  4335.777
   3165  4204.632
   3170  4067.328
   3175  3924.328
   3180  3776.167
   3185  3623.441
   3190  3466.807
   3195  3306.975
   3200  3144.702
   3205  2980.784
   3210  2816.043
   3215  2651.317
   3220  2487.452
   3225  2325.284
   3230  2165.631
   3235  2009.279
   3240  1856.970
   3245  1709.391
   3250  1567.165
