   2865  3093.725
   2870  3174.323
   2875  3256.544
   2880  3340.259
   2885  3425.324
   2890  3511.578
   2895  3598.847
   2900  3686.943
   2905  3775.668
   2910  3864.813
   2915  3954.161
   2920  4043.490
   2925  4132.571
   2930  4221.175
   2935  4309.069
   2940  4396.023
   2945  4481.808
   2950  4566.198
   2955  4648.972
   2960  4729.917
   2965  4808.824
   2970  4885.494
   2975  4959.733
   2980  5031.359
   2985  5100.196
   2990  5166.075
   2995  5228.836
   3000  5288.326
   3005  5344.396
   3010  5396.903
   3015  5445.706
   3020  5490.668
   3025  5531.649
   3030  5568.512
   3035  5601.114
   3040  5629.311
   3045  5652.951
   3050  5671.877
   3055  5685.923
   3060  5694.917
   3065  5698.677
   3070  5697.011
   3075  5689.721
   3080  5676.600
   3085  5657.435
   3090  5632.009
   3095  5600.103
   3100  5561.499
   3105  5515.985
   3110  5463.356
   3115  5403.425
   3120  5336.022
   3125  5261.004
   3130  5178.261
   3135  5087.719
   3140  4989.355
   3145  4883.195
   3150  4769.327
   3155  4647.904
   3160  4519.150
   3165  4383.366
   3170  4240.933
   3175  4092.312
   3180  3938.049
   3185  3778.765
   3190  3615.164
   3195  3448.014
   3200  3278.150
   3205  3106.458
   3210  2933.863
   3215  2761.317
   3220  2589.782
   3225  2420.215
   3230  2253.548
   3235  2090.678
   3240  1932.442
   3245  1779.609
   3250  1632.864