2900 4779.935
2905 4901.396
2910 5020.750
2915 5137.922
2920 5252.837
2925 5365.453
2930 5475.699
2935 5583.516
2940 5688.865
2945 5791.665
2950 5891.876
2955 5989.410
2960 6084.211
2965 6176.200
2970 6265.269
2975 6351.358
2980 6434.333
2985 6514.079
2990 6590.469
2995 6663.362
3000 6732.591
3005 6797.987
3010 6859.359
3015 6916.507
3020 6969.225
3025 7017.264
3030 7060.380
3035 7098.329
3040 7130.836
3045 7157.592
3050 7178.325
3055 7192.743
3060 7200.512
3065 7201.350
3070 7194.932
3075 7180.927
3080 7159.066
3085 7129.034
3090 7090.549
3095 7043.352
3100 6987.200
3105 6921.879
3110 6847.202
3115 6763.017
3120 6669.236
3125 6565.783
3130 6452.670
3135 6329.940
3140 6197.712
3145 6056.163
3150 5905.529
3155 5746.155
3160 5578.428
3165 5402.793
3170 5219.823
3175 5030.134
3180 4834.407
3185 4633.402
3190 4427.937
3195 4218.894
3200 4007.199
3205 3793.810
3210 3579.733
3215 3365.976
3220 3153.562
3225 2943.507
3230 2736.805
3235 2534.422
3240 2337.274
3245 2146.216
3250 1962.044
