 2865.0  7606.185
 2870.0  7639.942
 2875.0  7671.970
 2880.0  7701.446
 2885.0  7727.549
 2890.0  7749.457
 2895.0  7766.349
 2900.0  7777.402
 2905.0  7784.587
 2910.0  7790.568
 2915.0  7795.568
 2920.0  7799.808
 2925.0  7803.508
 2930.0  7806.892
 2935.0  7810.180
 2940.0  7813.609
 2945.0  7817.121
 2950.0  7820.492
 2955.0  7823.501
 2960.0  7825.926
 2965.0  7827.544
 2970.0  7828.132
 2975.0  7826.061
 2980.0  7820.668
 2985.0  7813.185
 2990.0  7804.842
 2995.0  7796.871
 3000.0  7790.502
 3005.0  7786.967
 3010.0  7785.325
 3015.0  7783.838
 3020.0  7782.542
 3025.0  7781.472
 3030.0  7780.664
 3035.0  7780.153
 3040.0  7779.974
 3045.0  7780.953
 3050.0  7783.477
 3055.0  7786.929
 3060.0  7790.689
 3065.0  7794.140
 3070.0  7796.664
 3075.0  7797.643
 3080.0  7797.464
 3085.0  7796.984
 3090.0  7796.287
 3095.0  7795.457
 3100.0  7794.580
 3105.0  7793.740
 3110.0  7793.021
 3115.0  7792.434
 3120.0  7791.907
 3125.0  7791.401
 3130.0  7790.877
 3135.0  7790.296
 3140.0  7789.618
 3145.0  7788.804
 3150.0  7787.745
 3155.0  7786.387
 3160.0  7784.772
 3165.0  7782.946
 3170.0  7780.952
 3175.0  7778.834
 3180.0  7776.636
 3185.0  7773.806
 3190.0  7770.085
 3195.0  7765.957
 3200.0  7761.905
 3205.0  7758.413
 3210.0  7755.963
 3215.0  7755.039
 3220.0  7755.043
 3225.0  7755.054
 3230.0  7755.068
 3235.0  7755.084
 3240.0  7755.098
 3245.0  7755.109
 3250.0  7755.113
 3255.0  7753.713
 3260.0  7749.924
 3265.0  7744.356
 3270.0  7737.621
 3275.0  7730.332
 3280.0  7723.099
 3285.0  7716.536
 3290.0  7710.324
 3295.0  7703.804
 3300.0  7697.075
 3305.0  7690.233
 3310.0  7683.379
 3315.0  7676.610
 3320.0  7670.026
 3325.0  7663.223
 3330.0  7655.980
 3335.0  7648.665
 3340.0  7641.644
 3345.0  7635.286
 3350.0  7629.958
 3355.0  7626.028
 3360.0  7623.357
 3365.0  7621.370
 3370.0  7619.777
 3375.0  7618.290
 3380.0  7616.619
 3385.0  7614.476
 3390.0  7611.571
 3395.0  7606.442
 3400.0  7598.417
 3405.0  7588.392
 3410.0  7577.262
 3415.0  7565.925
 3420.0  7555.274
 3425.0  7546.206
 3430.0  7538.548
 3435.0  7531.411
 3440.0  7524.622
 3445.0  7518.006
 3450.0  7511.391
 3455.0  7504.602
 3460.0  7497.465
 3465.0  7490.028
 3470.0  7482.457
 3475.0  7474.754
 3480.0  7466.923
 3485.0  7458.967
 3490.0  7450.889
 3495.0  7442.693
 3500.0  7434.380
 3505.0  7115.268
 3510.0  7103.169
 3515.0  7091.112
 3520.0  7079.097
 3525.0  7067.126
 3530.0  7055.197
 3535.0  7043.279
 3540.0  7031.358
 3545.0  7019.467
 3550.0  7007.641
 3555.0  6995.911
 3560.0  6984.310
 3565.0  6972.872
 3570.0  6961.852
 3575.0  6951.305
 3580.0  6940.958
 3585.0  6930.540
 3590.0  6919.782
 3595.0  6908.411
 3600.0  6896.157
 3605.0  6882.961
 3610.0  6868.974
 3615.0  6854.242
 3620.0  6838.809
 3625.0  6822.719
 3630.0  6806.018
 3635.0  6788.751
