 2865.0  5949.743
 2870.0  5968.193
 2875.0  5986.135
 2880.0  6003.536
 2885.0  6020.367
 2890.0  6036.598
 2895.0  6052.197
 2900.0  6067.133
 2905.0  6082.688
 2910.0  6099.362
 2915.0  6115.957
 2920.0  6131.275
 2925.0  6144.116
 2930.0  6153.282
 2935.0  6157.576
 2940.0  6158.808
 2945.0  6159.675
 2950.0  6160.305
 2955.0  6160.823
 2960.0  6161.357
 2965.0  6162.034
 2970.0  6162.981
 2975.0  6164.315
 2980.0  6166.020
 2985.0  6168.019
 2990.0  6170.235
 2995.0  6172.592
 3000.0  6175.013
 3005.0  6177.422
 3010.0  6179.783
 3015.0  6182.161
 3020.0  6184.635
 3025.0  6187.284
 3030.0  6190.185
 3035.0  6193.416
 3040.0  6197.057
 3045.0  6201.443
 3050.0  6206.741
 3055.0  6212.776
 3060.0  6219.371
 3065.0  6226.351
 3070.0  6233.538
 3075.0  6240.758
 3080.0  6249.010
 3085.0  6258.818
 3090.0  6269.285
 3095.0  6279.515
 3100.0  6288.612
 3105.0  6295.681
 3110.0  6299.824
 3115.0  6301.865
 3120.0  6303.356
 3125.0  6304.497
 3130.0  6305.485
 3135.0  6306.522
 3140.0  6307.805
 3145.0  6309.533
 3150.0  6312.136
 3155.0  6315.678
 3160.0  6319.816
 3165.0  6324.207
 3170.0  6328.506
 3175.0  6332.372
 3180.0  6335.460
 3185.0  6337.842
 3190.0  6339.896
 3195.0  6341.741
 3200.0  6343.492
 3205.0  6345.266
 3210.0  6347.181
 3215.0  6349.353
 3220.0  6351.881
 3225.0  6354.711
 3230.0  6357.724
 3235.0  6360.806
 3240.0  6363.839
 3245.0  6366.707
 3250.0  6369.293
 3255.0  6371.693
 3260.0  6374.055
 3265.0  6376.338
 3270.0  6378.501
 3275.0  6380.506
 3280.0  6382.311
 3285.0  6383.877
 3290.0  6385.196
 3295.0  6386.331
 3300.0  6387.347
 3305.0  6388.309
 3310.0  6389.282
 3315.0  6390.331
 3320.0  6391.522
 3325.0  6393.068
 3330.0  6394.990
 3335.0  6397.065
 3340.0  6399.068
 3345.0  6400.775
 3350.0  6401.964
 3355.0  6402.410
 3360.0  6400.320
 3365.0  6394.917
 3370.0  6387.505
 3375.0  6379.386
 3380.0  6371.862
 3385.0  6366.236
 3390.0  6363.811
 3395.0  6363.493
 3400.0  6363.290
 3405.0  6363.155
 3410.0  6363.044
 3415.0  6362.911
 3420.0  6362.709
 3425.0  6362.394
 3430.0  6360.606
 3435.0  6356.572
 3440.0  6351.131
 3445.0  6345.121
 3450.0  6339.380
 3455.0  6334.745
 3460.0  6332.055
 3465.0  6330.664
 3470.0  6329.391
 3475.0  6328.271
 3480.0  6327.339
 3485.0  6326.630
 3490.0  6326.179
 3495.0  6326.021
 3500.0  6326.190
 3505.0  6208.919
 3510.0  6201.677
 3515.0  6194.378
 3520.0  6187.024
 3525.0  6179.616
 3530.0  6172.153
 3535.0  6164.408
 3540.0  6156.303
 3545.0  6148.065
 3550.0  6139.920
 3555.0  6132.094
 3560.0  6124.813
 3565.0  6118.305
 3570.0  6112.750
 3575.0  6107.954
 3580.0  6103.576
 3585.0  6099.275
 3590.0  6094.711
 3595.0  6089.543
 3600.0  6083.431
 3605.0  6076.119
 3610.0  6067.655
 3615.0  6058.149
 3620.0  6047.710
 3625.0  6036.450
 3630.0  6024.479
 3635.0  6011.907
