 2865.0  7714.930
 2870.0  7756.196
 2875.0  7795.669
 2880.0  7831.778
 2885.0  7862.953
 2890.0  7887.624
 2895.0  7904.220
 2900.0  7911.170
 2905.0  7912.506
 2910.0  7913.411
 2915.0  7914.041
 2920.0  7914.553
 2925.0  7915.104
 2930.0  7915.851
 2935.0  7916.949
 2940.0  7919.236
 2945.0  7922.997
 2950.0  7927.566
 2955.0  7932.279
 2960.0  7936.469
 2965.0  7939.472
 2970.0  7940.621
 2975.0  7938.400
 2980.0  7932.673
 2985.0  7924.843
 2990.0  7916.311
 2995.0  7908.480
 3000.0  7902.754
 3005.0  7900.533
 3010.0  7901.658
 3015.0  7904.691
 3020.0  7909.115
 3025.0  7914.417
 3030.0  7920.081
 3035.0  7925.591
 3040.0  7930.434
 3045.0  7935.329
 3050.0  7940.973
 3055.0  7946.819
 3060.0  7952.319
 3065.0  7956.926
 3070.0  7960.091
 3075.0  7961.268
 3080.0  7959.115
 3085.0  7953.562
 3090.0  7945.969
 3095.0  7937.696
 3100.0  7930.103
 3105.0  7924.549
 3110.0  7922.396
 3115.0  7924.477
 3120.0  7929.844
 3125.0  7937.183
 3130.0  7945.179
 3135.0  7952.517
 3140.0  7957.884
 3145.0  7959.965
 3150.0  7958.536
 3155.0  7954.849
 3160.0  7949.808
 3165.0  7944.315
 3170.0  7939.274
 3175.0  7935.587
 3180.0  7934.158
 3185.0  7934.626
 3190.0  7935.835
 3195.0  7937.489
 3200.0  7939.290
 3205.0  7940.943
 3210.0  7942.152
 3215.0  7942.621
 3220.0  7941.343
 3225.0  7937.968
 3230.0  7933.181
 3235.0  7927.668
 3240.0  7922.114
 3245.0  7917.206
 3250.0  7913.628
 3255.0  7911.198
 3260.0  7909.173
 3265.0  7907.399
 3270.0  7905.722
 3275.0  7903.988
 3280.0  7902.044
 3285.0  7899.737
 3290.0  7897.019
 3295.0  7893.969
 3300.0  7890.625
 3305.0  7887.023
 3310.0  7883.200
 3315.0  7879.193
 3320.0  7875.040
 3325.0  7870.320
 3330.0  7864.830
 3335.0  7858.929
 3340.0  7852.977
 3345.0  7847.334
 3350.0  7842.360
 3355.0  7838.413
 3360.0  7835.540
 3365.0  7833.336
 3370.0  7831.490
 3375.0  7829.690
 3380.0  7827.625
 3385.0  7824.983
 3390.0  7821.451
 3395.0  7814.310
 3400.0  7802.247
 3405.0  7787.065
 3410.0  7770.569
 3415.0  7754.561
 3420.0  7740.844
 3425.0  7731.224
 3430.0  7724.949
 3435.0  7719.814
 3440.0  7715.434
 3445.0  7711.425
 3450.0  7707.401
 3455.0  7702.980
 3460.0  7697.776
 3465.0  7691.824
 3470.0  7685.430
 3475.0  7678.625
 3480.0  7671.435
 3485.0  7663.890
 3490.0  7656.019
 3495.0  7647.848
 3500.0  7639.409
 3505.0  7301.027
 3510.0  7290.153
 3515.0  7279.413
 3520.0  7268.808
 3525.0  7258.341
 3530.0  7248.015
 3535.0  7237.944
 3540.0  7228.159
 3545.0  7218.541
 3550.0  7208.967
 3555.0  7199.318
 3560.0  7189.472
 3565.0  7179.309
 3570.0  7169.021
 3575.0  7158.772
 3580.0  7148.403
 3585.0  7137.752
 3590.0  7126.658
 3595.0  7114.963
 3600.0  7102.504
 3605.0  7089.169
 3610.0  7074.985
 3615.0  7060.003
 3620.0  7044.272
 3625.0  7027.842
 3630.0  7010.763
 3635.0  6993.085
