 2865.0  6427.017
 2870.0  6457.425
 2875.0  6486.299
 2880.0  6512.835
 2885.0  6536.228
 2890.0  6555.674
 2895.0  6570.369
 2900.0  6579.507
 2905.0  6584.735
 2910.0  6588.568
 2915.0  6591.506
 2920.0  6594.048
 2925.0  6596.694
 2930.0  6599.943
 2935.0  6604.294
 2940.0  6611.475
 2945.0  6621.838
 2950.0  6633.822
 2955.0  6645.863
 2960.0  6656.398
 2965.0  6663.865
 2970.0  6666.702
 2975.0  6663.889
 2980.0  6656.637
 2985.0  6646.721
 2990.0  6635.916
 2995.0  6626.000
 3000.0  6618.748
 3005.0  6615.935
 3010.0  6618.650
 3015.0  6625.837
 3020.0  6636.060
 3025.0  6647.884
 3030.0  6659.872
 3035.0  6670.589
 3040.0  6678.598
 3045.0  6684.289
 3050.0  6689.191
 3055.0  6693.582
 3060.0  6697.742
 3065.0  6701.947
 3070.0  6706.477
 3075.0  6711.610
 3080.0  6718.258
 3085.0  6726.511
 3090.0  6735.411
 3095.0  6744.000
 3100.0  6751.321
 3105.0  6756.416
 3110.0  6758.327
 3115.0  6756.315
 3120.0  6751.127
 3125.0  6744.033
 3130.0  6736.304
 3135.0  6729.211
 3140.0  6724.023
 3145.0  6722.011
 3150.0  6723.757
 3155.0  6728.448
 3160.0  6735.261
 3165.0  6743.375
 3170.0  6751.967
 3175.0  6760.216
 3180.0  6767.300
 3185.0  6774.203
 3190.0  6781.985
 3195.0  6789.938
 3200.0  6797.355
 3205.0  6803.529
 3210.0  6807.752
 3215.0  6809.317
 3220.0  6809.311
 3225.0  6809.295
 3230.0  6809.267
 3235.0  6809.229
 3240.0  6809.181
 3245.0  6809.123
 3250.0  6809.054
 3255.0  6808.376
 3260.0  6806.744
 3265.0  6804.544
 3270.0  6802.162
 3275.0  6799.983
 3280.0  6798.393
 3285.0  6797.778
 3290.0  6797.936
 3295.0  6798.345
 3300.0  6798.904
 3305.0  6799.513
 3310.0  6800.072
 3315.0  6800.481
 3320.0  6800.640
 3325.0  6799.730
 3330.0  6797.304
 3335.0  6793.816
 3340.0  6789.722
 3345.0  6785.477
 3350.0  6781.536
 3355.0  6778.353
 3360.0  6775.654
 3365.0  6772.928
 3370.0  6770.278
 3375.0  6767.803
 3380.0  6765.605
 3385.0  6763.786
 3390.0  6762.447
 3395.0  6761.541
 3400.0  6760.885
 3405.0  6760.369
 3410.0  6759.888
 3415.0  6759.333
 3420.0  6758.597
 3425.0  6757.573
 3430.0  6755.372
 3435.0  6751.531
 3440.0  6746.582
 3445.0  6741.052
 3450.0  6735.474
 3455.0  6730.375
 3460.0  6726.287
 3465.0  6722.950
 3470.0  6719.766
 3475.0  6716.760
 3480.0  6713.959
 3485.0  6711.386
 3490.0  6709.067
 3495.0  6707.026
 3500.0  6705.290
 3505.0  6549.536
 3510.0  6537.777
 3515.0  6526.267
 3520.0  6515.017
 3525.0  6504.032
 3530.0  6493.324
 3535.0  6483.037
 3540.0  6473.201
 3545.0  6463.647
 3550.0  6454.204
 3555.0  6444.704
 3560.0  6434.975
 3565.0  6424.850
 3570.0  6414.240
 3575.0  6403.261
 3580.0  6392.044
 3585.0  6380.722
 3590.0  6369.426
 3595.0  6358.290
 3600.0  6347.446
 3605.0  6336.843
 3610.0  6326.344
 3615.0  6315.952
 3620.0  6305.668
 3625.0  6295.494
 3630.0  6285.431
 3635.0  6275.482
