 2865.0  6896.447
 2870.0  6922.740
 2875.0  6947.661
 2880.0  6970.783
 2885.0  6991.679
 2890.0  7009.924
 2895.0  7025.091
 2900.0  7036.754
 2905.0  7045.939
 2910.0  7054.030
 2915.0  7061.139
 2920.0  7067.376
 2925.0  7072.851
 2930.0  7077.674
 2935.0  7081.957
 2940.0  7085.709
 2945.0  7088.962
 2950.0  7091.854
 2955.0  7094.524
 2960.0  7097.112
 2965.0  7099.756
 2970.0  7102.594
 2975.0  7105.634
 2980.0  7108.755
 2985.0  7111.903
 2990.0  7115.026
 2995.0  7118.070
 3000.0  7120.985
 3005.0  7123.715
 3010.0  7126.104
 3015.0  7128.152
 3020.0  7130.050
 3025.0  7131.988
 3030.0  7134.155
 3035.0  7136.742
 3040.0  7139.938
 3045.0  7144.565
 3050.0  7151.007
 3055.0  7158.789
 3060.0  7167.442
 3065.0  7176.492
 3070.0  7185.469
 3075.0  7193.900
 3080.0  7202.557
 3085.0  7212.120
 3090.0  7221.976
 3095.0  7231.515
 3100.0  7240.125
 3105.0  7247.194
 3110.0  7252.110
 3115.0  7255.480
 3120.0  7258.368
 3125.0  7260.856
 3130.0  7263.023
 3135.0  7264.949
 3140.0  7266.715
 3145.0  7268.401
 3150.0  7269.880
 3155.0  7271.068
 3160.0  7272.104
 3165.0  7273.128
 3170.0  7274.282
 3175.0  7275.704
 3180.0  7277.536
 3185.0  7280.972
 3190.0  7286.502
 3195.0  7293.217
 3200.0  7300.204
 3205.0  7306.551
 3210.0  7311.346
 3215.0  7313.678
 3220.0  7314.430
 3225.0  7315.088
 3230.0  7315.646
 3235.0  7316.093
 3240.0  7316.423
 3245.0  7316.627
 3250.0  7316.697
 3255.0  7315.640
 3260.0  7312.914
 3265.0  7309.187
 3270.0  7305.126
 3275.0  7301.399
 3280.0  7298.673
 3285.0  7297.616
 3290.0  7298.940
 3295.0  7302.353
 3300.0  7307.021
 3305.0  7312.106
 3310.0  7316.774
 3315.0  7320.187
 3320.0  7321.511
 3325.0  7320.118
 3330.0  7316.454
 3335.0  7311.292
 3340.0  7305.403
 3345.0  7299.560
 3350.0  7294.534
 3355.0  7291.098
 3360.0  7288.909
 3365.0  7287.049
 3370.0  7285.431
 3375.0  7283.965
 3380.0  7282.564
 3385.0  7281.140
 3390.0  7279.603
 3395.0  7278.018
 3400.0  7276.483
 3405.0  7274.965
 3410.0  7273.431
 3415.0  7271.846
 3420.0  7270.176
 3425.0  7268.390
 3430.0  7266.580
 3435.0  7264.800
 3440.0  7262.953
 3445.0  7260.939
 3450.0  7258.663
 3455.0  7256.025
 3460.0  7252.929
 3465.0  7248.898
 3470.0  7243.623
 3475.0  7237.255
 3480.0  7229.948
 3485.0  7221.855
 3490.0  7213.129
 3495.0  7203.921
 3500.0  7194.385
 3505.0  6998.857
 3510.0  6987.806
 3515.0  6976.771
 3520.0  6965.753
 3525.0  6954.753
 3530.0  6943.769
 3535.0  6932.672
 3540.0  6921.417
 3545.0  6910.135
 3550.0  6898.957
 3555.0  6888.014
 3560.0  6877.435
 3565.0  6867.351
 3570.0  6858.009
 3575.0  6849.354
 3580.0  6841.067
 3585.0  6832.828
 3590.0  6824.317
 3595.0  6815.216
 3600.0  6805.205
 3605.0  6794.227
 3610.0  6782.471
 3615.0  6769.985
 3620.0  6756.820
 3625.0  6743.023
 3630.0  6728.645
 3635.0  6713.733
