 2865.0  6871.898
 2870.0  6897.961
 2875.0  6922.709
 2880.0  6945.836
 2885.0  6967.037
 2890.0  6986.005
 2895.0  7002.436
 2900.0  7016.023
 2905.0  7027.644
 2910.0  7038.338
 2915.0  7048.044
 2920.0  7056.699
 2925.0  7064.241
 2930.0  7070.608
 2935.0  7075.738
 2940.0  7080.218
 2945.0  7084.548
 2950.0  7088.531
 2955.0  7091.971
 2960.0  7094.671
 2965.0  7096.435
 2970.0  7097.066
 2975.0  7095.858
 2980.0  7092.743
 2985.0  7088.483
 2990.0  7083.841
 2995.0  7079.581
 3000.0  7076.466
 3005.0  7075.258
 3010.0  7076.118
 3015.0  7078.483
 3020.0  7082.034
 3025.0  7086.448
 3030.0  7091.404
 3035.0  7096.582
 3040.0  7101.660
 3045.0  7107.795
 3050.0  7115.755
 3055.0  7124.633
 3060.0  7133.523
 3065.0  7141.518
 3070.0  7147.711
 3075.0  7151.196
 3080.0  7152.764
 3085.0  7153.911
 3090.0  7154.786
 3095.0  7155.538
 3100.0  7156.316
 3105.0  7157.269
 3110.0  7158.546
 3115.0  7160.400
 3120.0  7162.840
 3125.0  7165.658
 3130.0  7168.640
 3135.0  7171.577
 3140.0  7174.257
 3145.0  7176.469
 3150.0  7178.461
 3155.0  7180.527
 3160.0  7182.528
 3165.0  7184.327
 3170.0  7185.783
 3175.0  7186.759
 3180.0  7187.115
 3185.0  7186.419
 3190.0  7184.625
 3195.0  7182.171
 3200.0  7179.498
 3205.0  7177.045
 3210.0  7175.251
 3215.0  7174.555
 3220.0  7176.746
 3225.0  7182.398
 3230.0  7190.126
 3235.0  7198.546
 3240.0  7206.273
 3245.0  7211.925
 3250.0  7214.117
 3255.0  7213.046
 3260.0  7210.183
 3265.0  7206.054
 3270.0  7201.184
 3275.0  7196.096
 3280.0  7191.317
 3285.0  7187.371
 3290.0  7184.105
 3295.0  7180.993
 3300.0  7177.997
 3305.0  7175.081
 3310.0  7172.208
 3315.0  7169.341
 3320.0  7166.442
 3325.0  7163.516
 3330.0  7160.599
 3335.0  7157.696
 3340.0  7154.815
 3345.0  7151.964
 3350.0  7149.150
 3355.0  7146.379
 3360.0  7143.786
 3365.0  7141.407
 3370.0  7139.105
 3375.0  7136.743
 3380.0  7134.185
 3385.0  7131.294
 3390.0  7127.933
 3395.0  7123.349
 3400.0  7117.295
 3405.0  7110.391
 3410.0  7103.257
 3415.0  7096.515
 3420.0  7090.785
 3425.0  7086.688
 3430.0  7084.041
 3435.0  7082.055
 3440.0  7080.449
 3445.0  7078.938
 3450.0  7077.237
 3455.0  7075.064
 3460.0  7072.134
 3465.0  7067.596
 3470.0  7060.976
 3475.0  7052.559
 3480.0  7042.627
 3485.0  7031.466
 3490.0  7019.359
 3495.0  7006.590
 3500.0  6993.442
 3505.0  6799.573
 3510.0  6785.275
 3515.0  6771.686
 3520.0  6758.867
 3525.0  6746.879
 3530.0  6735.782
 3535.0  6725.812
 3540.0  6716.900
 3545.0  6708.649
 3550.0  6700.662
 3555.0  6692.541
 3560.0  6683.888
 3565.0  6674.306
 3570.0  6663.829
 3575.0  6652.770
 3580.0  6641.154
 3585.0  6629.004
 3590.0  6616.343
 3595.0  6603.196
 3600.0  6589.586
 3605.0  6575.388
 3610.0  6560.483
 3615.0  6544.907
 3620.0  6528.695
 3625.0  6511.883
 3630.0  6494.505
 3635.0  6476.598
