 2865.0  3590.445
 2870.0  3594.799
 2875.0  3599.797
 2880.0  3605.378
 2885.0  3611.483
 2890.0  3618.051
 2895.0  3625.024
 2900.0  3632.341
 2905.0  3640.942
 2910.0  3651.286
 2915.0  3662.594
 2920.0  3674.085
 2925.0  3684.978
 2930.0  3694.494
 2935.0  3701.853
 2940.0  3707.950
 2945.0  3713.989
 2950.0  3719.648
 2955.0  3724.608
 2960.0  3728.548
 2965.0  3731.146
 2970.0  3732.084
 2975.0  3731.789
 2980.0  3731.027
 2985.0  3729.986
 2990.0  3728.851
 2995.0  3727.810
 3000.0  3727.048
 3005.0  3726.753
 3010.0  3727.838
 3015.0  3730.760
 3020.0  3735.016
 3025.0  3740.103
 3030.0  3745.520
 3035.0  3750.763
 3040.0  3755.331
 3045.0  3759.221
 3050.0  3762.880
 3055.0  3766.477
 3060.0  3770.181
 3065.0  3774.161
 3070.0  3778.587
 3075.0  3783.628
 3080.0  3790.669
 3085.0  3800.154
 3090.0  3810.839
 3095.0  3821.479
 3100.0  3830.831
 3105.0  3837.649
 3110.0  3840.690
 3115.0  3841.294
 3120.0  3841.687
 3125.0  3841.951
 3130.0  3842.170
 3135.0  3842.428
 3140.0  3842.809
 3145.0  3843.395
 3150.0  3845.646
 3155.0  3850.349
 3160.0  3856.582
 3165.0  3863.424
 3170.0  3869.952
 3175.0  3875.246
 3180.0  3878.384
 3185.0  3880.083
 3190.0  3881.645
 3195.0  3883.026
 3200.0  3884.179
 3205.0  3885.059
 3210.0  3885.621
 3215.0  3885.818
 3220.0  3885.535
 3225.0  3884.804
 3230.0  3883.804
 3235.0  3882.715
 3240.0  3881.716
 3245.0  3880.985
 3250.0  3880.701
 3255.0  3882.934
 3260.0  3888.694
 3265.0  3896.570
 3270.0  3905.151
 3275.0  3913.027
 3280.0  3918.787
 3285.0  3921.020
 3290.0  3921.016
 3295.0  3921.003
 3300.0  3920.983
 3305.0  3920.955
 3310.0  3920.919
 3315.0  3920.877
 3320.0  3920.828
 3325.0  3920.589
 3330.0  3920.056
 3335.0  3919.350
 3340.0  3918.590
 3345.0  3917.899
 3350.0  3917.396
 3355.0  3917.201
 3360.0  3917.472
 3365.0  3918.170
 3370.0  3919.124
 3375.0  3920.164
 3380.0  3921.119
 3385.0  3921.817
 3390.0  3922.088
 3395.0  3922.080
 3400.0  3922.057
 3405.0  3922.021
 3410.0  3921.973
 3415.0  3921.915
 3420.0  3921.848
 3425.0  3921.775
 3430.0  3921.614
 3435.0  3921.322
 3440.0  3920.956
 3445.0  3920.573
 3450.0  3920.229
 3455.0  3919.981
 3460.0  3919.885
 3465.0  3919.928
 3470.0  3920.056
 3475.0  3920.267
 3480.0  3920.561
 3485.0  3920.936
 3490.0  3921.390
 3495.0  3921.923
 3500.0  3922.533
 3505.0  3874.845
 3510.0  3869.160
 3515.0  3864.287
 3520.0  3860.485
 3525.0  3858.014
 3530.0  3857.132
 3535.0  3857.177
 3540.0  3857.294
 3545.0  3857.453
 3550.0  3857.627
 3555.0  3857.786
 3560.0  3857.902
 3565.0  3857.947
 3570.0  3856.823
 3575.0  3853.794
 3580.0  3849.377
 3585.0  3844.089
 3590.0  3838.445
 3595.0  3832.961
 3600.0  3828.156
 3605.0  3823.855
 3610.0  3819.542
 3615.0  3815.219
 3620.0  3810.884
 3625.0  3806.538
 3630.0  3802.180
 3635.0  3797.811
