 2865.0  4822.531
 2870.0  4827.469
 2875.0  4832.597
 2880.0  4837.906
 2885.0  4843.389
 2890.0  4849.037
 2895.0  4854.843
 2900.0  4860.799
 2905.0  4867.316
 2910.0  4874.551
 2915.0  4882.113
 2920.0  4889.612
 2925.0  4896.658
 2930.0  4902.860
 2935.0  4907.828
 2940.0  4911.819
 2945.0  4915.394
 2950.0  4918.621
 2955.0  4921.565
 2960.0  4924.293
 2965.0  4926.872
 2970.0  4929.367
 2975.0  4931.623
 2980.0  4933.547
 2985.0  4935.302
 2990.0  4937.048
 2995.0  4938.950
 3000.0  4941.170
 3005.0  4943.869
 3010.0  4947.728
 3015.0  4952.971
 3020.0  4959.073
 3025.0  4965.512
 3030.0  4971.764
 3035.0  4977.304
 3040.0  4981.610
 3045.0  4984.673
 3050.0  4987.045
 3055.0  4989.051
 3060.0  4991.012
 3065.0  4993.252
 3070.0  4996.094
 3075.0  4999.859
 3080.0  5008.031
 3085.0  5022.131
 3090.0  5039.540
 3095.0  5057.639
 3100.0  5073.810
 3105.0  5085.432
 3110.0  5089.889
 3115.0  5088.914
 3120.0  5086.399
 3125.0  5082.961
 3130.0  5079.215
 3135.0  5075.777
 3140.0  5073.263
 3145.0  5072.288
 3150.0  5073.425
 3155.0  5076.476
 3160.0  5080.898
 3165.0  5086.147
 3170.0  5091.680
 3175.0  5096.955
 3180.0  5101.429
 3185.0  5105.706
 3190.0  5110.472
 3195.0  5115.310
 3200.0  5119.801
 3205.0  5123.527
 3210.0  5126.069
 3215.0  5127.009
 3220.0  5125.628
 3225.0  5122.066
 3230.0  5117.195
 3235.0  5111.888
 3240.0  5107.017
 3245.0  5103.455
 3250.0  5102.074
 3255.0  5104.134
 3260.0  5109.447
 3265.0  5116.711
 3270.0  5124.626
 3275.0  5131.891
 3280.0  5137.204
 3285.0  5139.264
 3290.0  5138.806
 3295.0  5137.625
 3300.0  5136.011
 3305.0  5134.252
 3310.0  5132.638
 3315.0  5131.457
 3320.0  5131.000
 3325.0  5131.746
 3330.0  5133.670
 3335.0  5136.302
 3340.0  5139.169
 3345.0  5141.801
 3350.0  5143.726
 3355.0  5144.472
 3360.0  5142.717
 3365.0  5138.192
 3370.0  5132.004
 3375.0  5125.263
 3380.0  5119.075
 3385.0  5114.550
 3390.0  5112.795
 3395.0  5114.843
 3400.0  5120.125
 3405.0  5127.347
 3410.0  5135.216
 3415.0  5142.438
 3420.0  5147.720
 3425.0  5149.768
 3430.0  5148.446
 3435.0  5144.937
 3440.0  5139.926
 3445.0  5134.099
 3450.0  5128.139
 3455.0  5122.733
 3460.0  5118.566
 3465.0  5115.314
 3470.0  5112.218
 3475.0  5109.305
 3480.0  5106.603
 3485.0  5104.142
 3490.0  5101.949
 3495.0  5100.053
 3500.0  5098.481
 3505.0  4985.074
 3510.0  4978.193
 3515.0  4972.083
 3520.0  4966.926
 3525.0  4962.903
 3530.0  4960.198
 3535.0  4958.511
 3540.0  4957.299
 3545.0  4956.374
 3550.0  4955.548
 3555.0  4954.634
 3560.0  4953.445
 3565.0  4951.793
 3570.0  4949.059
 3575.0  4944.973
 3580.0  4939.864
 3585.0  4934.066
 3590.0  4927.909
 3595.0  4921.726
 3600.0  4915.848
 3605.0  4910.144
 3610.0  4904.266
 3615.0  4898.221
 3620.0  4892.015
 3625.0  4885.653
 3630.0  4879.142
 3635.0  4872.488
