 2865.0  6862.782
 2870.0  6892.418
 2875.0  6920.569
 2880.0  6946.901
 2885.0  6971.080
 2890.0  6992.774
 2895.0  7011.649
 2900.0  7027.370
 2905.0  7041.251
 2910.0  7054.543
 2915.0  7066.823
 2920.0  7077.670
 2925.0  7086.661
 2930.0  7093.374
 2935.0  7097.387
 2940.0  7099.799
 2945.0  7101.963
 2950.0  7103.833
 2955.0  7105.365
 2960.0  7106.514
 2965.0  7107.237
 2970.0  7107.487
 2975.0  7107.355
 2980.0  7107.015
 2985.0  7106.549
 2990.0  7106.042
 2995.0  7105.576
 3000.0  7105.235
 3005.0  7105.103
 3010.0  7106.220
 3015.0  7109.284
 3020.0  7113.865
 3025.0  7119.533
 3030.0  7125.858
 3035.0  7132.408
 3040.0  7138.755
 3045.0  7145.641
 3050.0  7153.787
 3055.0  7162.730
 3060.0  7172.006
 3065.0  7181.151
 3070.0  7189.704
 3075.0  7197.200
 3080.0  7204.437
 3085.0  7212.139
 3090.0  7219.729
 3095.0  7226.634
 3100.0  7232.278
 3105.0  7236.086
 3110.0  7237.483
 3115.0  7236.705
 3120.0  7234.697
 3125.0  7231.952
 3130.0  7228.961
 3135.0  7226.216
 3140.0  7224.209
 3145.0  7223.430
 3150.0  7224.192
 3155.0  7226.199
 3160.0  7229.027
 3165.0  7232.257
 3170.0  7235.467
 3175.0  7238.235
 3180.0  7240.140
 3185.0  7241.337
 3190.0  7242.311
 3195.0  7243.143
 3200.0  7243.911
 3205.0  7244.693
 3210.0  7245.568
 3215.0  7246.615
 3220.0  7248.069
 3225.0  7249.953
 3230.0  7252.028
 3235.0  7254.057
 3240.0  7255.802
 3245.0  7257.023
 3250.0  7257.483
 3255.0  7256.564
 3260.0  7254.190
 3265.0  7250.937
 3270.0  7247.382
 3275.0  7244.099
 3280.0  7241.665
 3285.0  7240.656
 3290.0  7240.571
 3295.0  7240.518
 3300.0  7240.483
 3305.0  7240.455
 3310.0  7240.420
 3315.0  7240.366
 3320.0  7240.281
 3325.0  7239.386
 3330.0  7237.167
 3335.0  7234.002
 3340.0  7230.272
 3345.0  7226.357
 3350.0  7222.635
 3355.0  7219.488
 3360.0  7216.862
 3365.0  7214.399
 3370.0  7212.020
 3375.0  7209.646
 3380.0  7207.198
 3385.0  7204.598
 3390.0  7201.766
 3395.0  7198.762
 3400.0  7195.657
 3405.0  7192.392
 3410.0  7188.908
 3415.0  7185.146
 3420.0  7181.049
 3425.0  7176.556
 3430.0  7171.500
 3435.0  7165.782
 3440.0  7159.450
 3445.0  7152.551
 3450.0  7145.133
 3455.0  7137.243
 3460.0  7128.929
 3465.0  7119.941
 3470.0  7110.046
 3475.0  7099.313
 3480.0  7087.812
 3485.0  7075.613
 3490.0  7062.787
 3495.0  7049.404
 3500.0  7035.532
 3505.0  6833.623
 3510.0  6815.944
 3515.0  6799.623
 3520.0  6784.857
 3525.0  6771.840
 3530.0  6760.767
 3535.0  6751.624
 3540.0  6743.930
 3545.0  6737.180
 3550.0  6730.867
 3555.0  6724.484
 3560.0  6717.526
 3565.0  6709.486
 3570.0  6700.186
 3575.0  6689.949
 3580.0  6679.026
 3585.0  6667.667
 3590.0  6656.122
 3595.0  6644.641
 3600.0  6633.474
 3605.0  6622.538
 3610.0  6611.582
 3615.0  6600.607
 3620.0  6589.612
 3625.0  6578.598
 3630.0  6567.564
 3635.0  6556.511
