 2865.0  6869.418
 2870.0  6899.228
 2875.0  6927.509
 2880.0  6953.868
 2885.0  6977.911
 2890.0  6999.246
 2895.0  7017.479
 2900.0  7032.215
 2905.0  7045.107
 2910.0  7057.666
 2915.0  7069.290
 2920.0  7079.378
 2925.0  7087.328
 2930.0  7092.540
 2935.0  7094.410
 2940.0  7092.463
 2945.0  7087.442
 2950.0  7080.576
 2955.0  7073.095
 2960.0  7066.229
 2965.0  7061.208
 2970.0  7059.261
 2975.0  7059.471
 2980.0  7060.072
 2985.0  7061.019
 2990.0  7062.265
 2995.0  7063.766
 3000.0  7065.476
 3005.0  7067.350
 3010.0  7070.460
 3015.0  7075.522
 3020.0  7081.952
 3025.0  7089.167
 3030.0  7096.585
 3035.0  7103.622
 3040.0  7109.695
 3045.0  7114.866
 3050.0  7119.686
 3055.0  7124.306
 3060.0  7128.876
 3065.0  7133.548
 3070.0  7138.470
 3075.0  7143.795
 3080.0  7150.419
 3085.0  7158.530
 3090.0  7167.215
 3095.0  7175.561
 3100.0  7182.653
 3105.0  7187.578
 3110.0  7189.423
 3115.0  7189.103
 3120.0  7188.280
 3125.0  7187.154
 3130.0  7185.927
 3135.0  7184.801
 3140.0  7183.978
 3145.0  7183.658
 3150.0  7184.991
 3155.0  7188.502
 3160.0  7193.457
 3165.0  7199.126
 3170.0  7204.774
 3175.0  7209.671
 3180.0  7213.083
 3185.0  7215.386
 3190.0  7217.458
 3195.0  7219.318
 3200.0  7220.984
 3205.0  7222.476
 3210.0  7223.814
 3215.0  7225.015
 3220.0  7226.184
 3225.0  7227.366
 3230.0  7228.490
 3235.0  7229.486
 3240.0  7230.284
 3245.0  7230.814
 3250.0  7231.007
 3255.0  7229.672
 3260.0  7226.228
 3265.0  7221.520
 3270.0  7216.390
 3275.0  7211.682
 3280.0  7208.239
 3285.0  7206.904
 3290.0  7206.986
 3295.0  7207.197
 3300.0  7207.486
 3305.0  7207.800
 3310.0  7208.089
 3315.0  7208.300
 3320.0  7208.382
 3325.0  7206.697
 3330.0  7202.350
 3335.0  7196.407
 3340.0  7189.932
 3345.0  7183.989
 3350.0  7179.643
 3355.0  7177.957
 3360.0  7177.981
 3365.0  7178.041
 3370.0  7178.123
 3375.0  7178.212
 3380.0  7178.294
 3385.0  7178.354
 3390.0  7178.377
 3395.0  7177.317
 3400.0  7174.456
 3405.0  7170.271
 3410.0  7165.239
 3415.0  7159.837
 3420.0  7154.542
 3425.0  7149.831
 3430.0  7145.574
 3435.0  7141.302
 3440.0  7136.984
 3445.0  7132.588
 3450.0  7128.083
 3455.0  7123.438
 3460.0  7118.621
 3465.0  7113.622
 3470.0  7108.456
 3475.0  7103.127
 3480.0  7097.644
 3485.0  7092.012
 3490.0  7086.237
 3495.0  7080.327
 3500.0  7074.286
 3505.0  6854.337
 3510.0  6842.594
 3515.0  6830.957
 3520.0  6819.430
 3525.0  6808.013
 3530.0  6796.709
 3535.0  6785.348
 3540.0  6773.871
 3545.0  6762.442
 3550.0  6751.226
 3555.0  6740.386
 3560.0  6730.087
 3565.0  6720.494
 3570.0  6711.956
 3575.0  6704.402
 3580.0  6697.359
 3585.0  6690.357
 3590.0  6682.924
 3595.0  6674.588
 3600.0  6664.880
 3605.0  6653.435
 3610.0  6640.308
 3615.0  6625.657
 3620.0  6609.636
 3625.0  6592.402
 3630.0  6574.111
 3635.0  6554.919
