 2865.0  7439.905
 2870.0  7444.143
 2875.0  7449.506
 2880.0  7455.863
 2885.0  7463.083
 2890.0  7471.033
 2895.0  7479.582
 2900.0  7488.598
 2905.0  7498.978
 2910.0  7511.341
 2915.0  7525.144
 2920.0  7539.841
 2925.0  7554.887
 2930.0  7569.737
 2935.0  7583.847
 2940.0  7599.045
 2945.0  7616.427
 2950.0  7634.345
 2955.0  7651.150
 2960.0  7665.193
 2965.0  7674.828
 2970.0  7678.406
 2975.0  7672.437
 2980.0  7657.041
 2985.0  7635.990
 2990.0  7613.054
 2995.0  7592.004
 3000.0  7576.608
 3005.0  7570.639
 3010.0  7574.037
 3015.0  7582.989
 3020.0  7595.633
 3025.0  7610.103
 3030.0  7624.537
 3035.0  7637.070
 3040.0  7645.840
 3045.0  7651.669
 3050.0  7656.737
 3055.0  7661.221
 3060.0  7665.295
 3065.0  7669.133
 3070.0  7672.912
 3075.0  7676.807
 3080.0  7681.175
 3085.0  7685.988
 3090.0  7690.839
 3095.0  7695.321
 3100.0  7699.026
 3105.0  7701.548
 3110.0  7702.479
 3115.0  7701.351
 3120.0  7698.445
 3125.0  7694.470
 3130.0  7690.140
 3135.0  7686.165
 3140.0  7683.259
 3145.0  7682.132
 3150.0  7685.075
 3155.0  7692.665
 3160.0  7703.043
 3165.0  7714.350
 3170.0  7724.728
 3175.0  7732.318
 3180.0  7735.261
 3185.0  7733.431
 3190.0  7728.713
 3195.0  7722.262
 3200.0  7715.232
 3205.0  7708.781
 3210.0  7704.063
 3215.0  7702.233
 3220.0  7702.751
 3225.0  7704.086
 3230.0  7705.912
 3235.0  7707.901
 3240.0  7709.727
 3245.0  7711.063
 3250.0  7711.580
 3255.0  7711.566
 3260.0  7711.525
 3265.0  7711.456
 3270.0  7711.360
 3275.0  7711.239
 3280.0  7711.091
 3285.0  7710.918
 3290.0  7709.538
 3295.0  7706.135
 3300.0  7701.262
 3305.0  7695.470
 3310.0  7689.314
 3315.0  7683.343
 3320.0  7678.112
 3325.0  7673.482
 3330.0  7668.917
 3335.0  7664.371
 3340.0  7659.795
 3345.0  7655.143
 3350.0  7650.368
 3355.0  7645.421
 3360.0  7640.244
 3365.0  7634.853
 3370.0  7629.313
 3375.0  7623.689
 3380.0  7618.048
 3385.0  7612.453
 3390.0  7606.971
 3395.0  7601.436
 3400.0  7595.733
 3405.0  7590.007
 3410.0  7584.401
 3415.0  7579.059
 3420.0  7574.125
 3425.0  7569.742
 3430.0  7566.017
 3435.0  7562.812
 3440.0  7559.904
 3445.0  7557.068
 3450.0  7554.082
 3455.0  7550.723
 3460.0  7546.767
 3465.0  7542.087
 3470.0  7536.749
 3475.0  7530.810
 3480.0  7524.333
 3485.0  7517.376
 3490.0  7509.999
 3495.0  7502.264
 3500.0  7494.229
 3505.0  7215.908
 3510.0  7208.167
 3515.0  7199.698
 3520.0  7190.583
 3525.0  7180.906
 3530.0  7170.751
 3535.0  7159.124
 3540.0  7145.487
 3545.0  7130.613
 3550.0  7115.273
 3555.0  7100.240
 3560.0  7086.283
 3565.0  7074.175
 3570.0  7063.885
 3575.0  7054.622
 3580.0  7046.019
 3585.0  7037.709
 3590.0  7029.324
 3595.0  7020.499
 3600.0  7010.865
 3605.0  7000.481
 3610.0  6989.663
 3615.0  6978.430
 3620.0  6966.802
 3625.0  6954.797
 3630.0  6942.434
 3635.0  6929.734
