 2865.0  9376.994
 2870.0  9413.127
 2875.0  9447.641
 2880.0  9480.290
 2885.0  9510.830
 2890.0  9539.018
 2895.0  9564.609
 2900.0  9587.358
 2905.0  9609.341
 2910.0  9631.844
 2915.0  9653.447
 2920.0  9672.725
 2925.0  9688.256
 2930.0  9698.619
 2935.0  9702.389
 2940.0  9697.312
 2945.0  9684.092
 2950.0  9665.739
 2955.0  9645.267
 2960.0  9625.688
 2965.0  9610.014
 2970.0  9601.258
 2975.0  9597.128
 2980.0  9593.381
 2985.0  9590.109
 2990.0  9587.405
 2995.0  9585.360
 3000.0  9584.066
 3005.0  9583.614
 3010.0  9589.462
 3015.0  9604.542
 3020.0  9625.161
 3025.0  9647.627
 3030.0  9668.247
 3035.0  9683.327
 3040.0  9689.174
 3045.0  9686.786
 3050.0  9680.626
 3055.0  9672.203
 3060.0  9663.025
 3065.0  9654.602
 3070.0  9648.442
 3075.0  9646.054
 3080.0  9646.283
 3085.0  9646.873
 3090.0  9647.680
 3095.0  9648.560
 3100.0  9649.367
 3105.0  9649.958
 3110.0  9650.187
 3115.0  9648.871
 3120.0  9645.477
 3125.0  9640.837
 3130.0  9635.781
 3135.0  9631.140
 3140.0  9627.746
 3145.0  9626.430
 3150.0  9627.544
 3155.0  9630.449
 3160.0  9634.495
 3165.0  9639.028
 3170.0  9643.399
 3175.0  9646.953
 3180.0  9649.040
 3185.0  9650.142
 3190.0  9651.156
 3195.0  9652.052
 3200.0  9652.801
 3205.0  9653.372
 3210.0  9653.737
 3215.0  9653.865
 3220.0  9653.089
 3225.0  9650.968
 3230.0  9647.813
 3235.0  9643.937
 3240.0  9639.650
 3245.0  9635.264
 3250.0  9631.090
 3255.0  9626.540
 3260.0  9621.104
 3265.0  9615.209
 3270.0  9609.283
 3275.0  9603.753
 3280.0  9599.047
 3285.0  9595.594
 3290.0  9593.283
 3295.0  9591.553
 3300.0  9590.152
 3305.0  9588.829
 3310.0  9587.332
 3315.0  9585.411
 3320.0  9582.813
 3325.0  9578.313
 3330.0  9571.296
 3335.0  9562.429
 3340.0  9552.379
 3345.0  9541.813
 3350.0  9531.398
 3355.0  9521.801
 3360.0  9512.684
 3365.0  9503.340
 3370.0  9493.883
 3375.0  9484.426
 3380.0  9475.083
 3385.0  9465.967
 3390.0  9457.192
 3395.0  9448.590
 3400.0  9439.997
 3405.0  9431.530
 3410.0  9423.303
 3415.0  9415.435
 3420.0  9408.040
 3425.0  9401.236
 3430.0  9395.203
 3435.0  9389.850
 3440.0  9384.890
 3445.0  9380.033
 3450.0  9374.990
 3455.0  9369.474
 3460.0  9363.194
 3465.0  9356.074
 3470.0  9348.263
 3475.0  9339.813
 3480.0  9330.777
 3485.0  9321.206
 3490.0  9311.154
 3495.0  9300.671
 3500.0  9289.810
 3505.0  8890.421
 3510.0  8877.951
 3515.0  8865.354
 3520.0  8852.632
 3525.0  8839.787
 3530.0  8826.821
 3535.0  8813.696
 3540.0  8800.396
 3545.0  8786.954
 3550.0  8773.399
 3555.0  8759.765
 3560.0  8746.083
 3565.0  8732.384
 3570.0  8718.739
 3575.0  8705.143
 3580.0  8691.514
 3585.0  8677.770
 3590.0  8663.829
 3595.0  8649.609
 3600.0  8635.028
 3605.0  8620.089
 3610.0  8604.854
 3615.0  8589.331
 3620.0  8573.528
 3625.0  8557.451
 3630.0  8541.108
 3635.0  8524.505
