 2865.0  6397.260
 2870.0  6416.943
 2875.0  6435.651
 2880.0  6453.181
 2885.0  6469.325
 2890.0  6483.879
 2895.0  6496.637
 2900.0  6507.394
 2905.0  6516.254
 2910.0  6523.756
 2915.0  6530.341
 2920.0  6536.454
 2925.0  6542.536
 2930.0  6549.031
 2935.0  6556.382
 2940.0  6565.749
 2945.0  6577.152
 2950.0  6589.323
 2955.0  6600.996
 2960.0  6610.903
 2965.0  6617.777
 2970.0  6620.349
 2975.0  6617.944
 2980.0  6611.740
 2985.0  6603.257
 2990.0  6594.014
 2995.0  6585.532
 3000.0  6579.328
 3005.0  6576.922
 3010.0  6578.786
 3015.0  6583.784
 3020.0  6591.019
 3025.0  6599.599
 3030.0  6608.630
 3035.0  6617.217
 3040.0  6624.466
 3045.0  6630.630
 3050.0  6636.594
 3055.0  6642.414
 3060.0  6648.146
 3065.0  6653.846
 3070.0  6659.568
 3075.0  6665.369
 3080.0  6671.807
 3085.0  6679.020
 3090.0  6686.430
 3095.0  6693.459
 3100.0  6699.531
 3105.0  6704.066
 3110.0  6706.489
 3115.0  6707.459
 3120.0  6708.106
 3125.0  6708.561
 3130.0  6708.953
 3135.0  6709.413
 3140.0  6710.070
 3145.0  6711.053
 3150.0  6714.447
 3155.0  6721.313
 3160.0  6730.252
 3165.0  6739.861
 3170.0  6748.740
 3175.0  6755.486
 3180.0  6758.700
 3185.0  6759.625
 3190.0  6760.434
 3195.0  6761.116
 3200.0  6761.663
 3205.0  6762.065
 3210.0  6762.313
 3215.0  6762.398
 3220.0  6761.647
 3225.0  6759.710
 3230.0  6757.062
 3235.0  6754.176
 3240.0  6751.528
 3245.0  6749.591
 3250.0  6748.840
 3255.0  6749.423
 3260.0  6750.928
 3265.0  6752.985
 3270.0  6755.226
 3275.0  6757.283
 3280.0  6758.788
 3285.0  6759.371
 3290.0  6759.263
 3295.0  6758.958
 3300.0  6758.493
 3305.0  6757.899
 3310.0  6757.211
 3315.0  6756.461
 3320.0  6755.684
 3325.0  6754.809
 3330.0  6753.738
 3335.0  6752.464
 3340.0  6750.981
 3345.0  6749.281
 3350.0  6747.358
 3355.0  6745.206
 3360.0  6741.722
 3365.0  6736.388
 3370.0  6730.073
 3375.0  6723.648
 3380.0  6717.981
 3385.0  6713.943
 3390.0  6712.404
 3395.0  6713.132
 3400.0  6715.008
 3405.0  6717.574
 3410.0  6720.369
 3415.0  6722.935
 3420.0  6724.812
 3425.0  6725.539
 3430.0  6723.544
 3435.0  6718.306
 3440.0  6710.947
 3445.0  6702.587
 3450.0  6694.349
 3455.0  6687.352
 3460.0  6682.720
 3465.0  6679.665
 3470.0  6676.737
 3475.0  6674.059
 3480.0  6671.757
 3485.0  6669.951
 3490.0  6668.768
 3495.0  6668.329
 3500.0  6668.758
 3505.0  6509.721
 3510.0  6499.521
 3515.0  6489.078
 3520.0  6478.402
 3525.0  6467.501
 3530.0  6456.382
 3535.0  6444.574
 3540.0  6431.902
 3545.0  6418.814
 3550.0  6405.759
 3555.0  6393.186
 3560.0  6381.544
 3565.0  6371.282
 3570.0  6362.474
 3575.0  6354.651
 3580.0  6347.445
 3585.0  6340.488
 3590.0  6333.412
 3595.0  6325.852
 3600.0  6317.438
 3605.0  6308.191
 3610.0  6298.396
 3615.0  6288.084
 3620.0  6277.286
 3625.0  6266.032
 3630.0  6254.354
 3635.0  6242.281
