 2865.0  7184.508
 2870.0  7196.978
 2875.0  7208.933
 2880.0  7220.308
 2885.0  7231.040
 2890.0  7241.066
 2895.0  7250.322
 2900.0  7258.743
 2905.0  7266.332
 2910.0  7273.244
 2915.0  7279.648
 2920.0  7285.712
 2925.0  7291.605
 2930.0  7297.496
 2935.0  7303.552
 2940.0  7310.431
 2945.0  7318.204
 2950.0  7326.159
 2955.0  7333.585
 2960.0  7339.769
 2965.0  7344.002
 2970.0  7345.571
 2975.0  7342.079
 2980.0  7333.074
 2985.0  7320.760
 2990.0  7307.344
 2995.0  7295.030
 3000.0  7286.025
 3005.0  7282.533
 3010.0  7285.624
 3015.0  7293.736
 3020.0  7305.129
 3025.0  7318.065
 3030.0  7330.804
 3035.0  7341.605
 3040.0  7348.731
 3045.0  7353.112
 3050.0  7356.907
 3055.0  7360.218
 3060.0  7363.148
 3065.0  7365.798
 3070.0  7368.270
 3075.0  7370.667
 3080.0  7373.175
 3085.0  7375.793
 3090.0  7378.341
 3095.0  7380.638
 3100.0  7382.502
 3105.0  7383.754
 3110.0  7384.211
 3115.0  7383.704
 3120.0  7382.397
 3125.0  7380.610
 3130.0  7378.663
 3135.0  7376.876
 3140.0  7375.569
 3145.0  7375.063
 3150.0  7376.369
 3155.0  7379.738
 3160.0  7384.345
 3165.0  7389.364
 3170.0  7393.970
 3175.0  7397.339
 3180.0  7398.646
 3185.0  7397.544
 3190.0  7394.702
 3195.0  7390.816
 3200.0  7386.582
 3205.0  7382.696
 3210.0  7379.854
 3215.0  7378.752
 3220.0  7379.140
 3225.0  7380.141
 3230.0  7381.509
 3235.0  7383.000
 3240.0  7384.369
 3245.0  7385.370
 3250.0  7385.758
 3255.0  7385.305
 3260.0  7384.054
 3265.0  7382.164
 3270.0  7379.794
 3275.0  7377.106
 3280.0  7374.258
 3285.0  7371.410
 3290.0  7368.256
 3295.0  7364.471
 3300.0  7360.186
 3305.0  7355.533
 3310.0  7350.644
 3315.0  7345.650
 3320.0  7340.684
 3325.0  7335.467
 3330.0  7329.777
 3335.0  7323.827
 3340.0  7317.832
 3345.0  7312.003
 3350.0  7306.555
 3355.0  7301.701
 3360.0  7297.515
 3365.0  7293.796
 3370.0  7290.352
 3375.0  7286.986
 3380.0  7283.504
 3385.0  7279.712
 3390.0  7275.415
 3395.0  7270.340
 3400.0  7264.523
 3405.0  7258.226
 3410.0  7251.713
 3415.0  7245.249
 3420.0  7239.097
 3425.0  7233.522
 3430.0  7228.583
 3435.0  7224.047
 3440.0  7219.742
 3445.0  7215.494
 3450.0  7211.128
 3455.0  7206.472
 3460.0  7201.351
 3465.0  7195.752
 3470.0  7189.790
 3475.0  7183.489
 3480.0  7176.868
 3485.0  7169.950
 3490.0  7162.757
 3495.0  7155.308
 3500.0  7147.627
 3505.0  6909.330
 3510.0  6898.947
 3515.0  6888.433
 3520.0  6877.790
 3525.0  6867.020
 3530.0  6856.126
 3535.0  6845.029
 3540.0  6833.698
 3545.0  6822.205
 3550.0  6810.620
 3555.0  6799.016
 3560.0  6787.465
 3565.0  6776.038
 3570.0  6764.781
 3575.0  6753.645
 3580.0  6742.561
 3585.0  6731.458
 3590.0  6720.266
 3595.0  6708.915
 3600.0  6697.336
 3605.0  6685.542
 3610.0  6673.597
 3615.0  6661.503
 3620.0  6649.264
 3625.0  6636.882
 3630.0  6624.359
 3635.0  6611.698
