 2865.0  6256.478
 2870.0  6282.818
 2875.0  6307.953
 2880.0  6331.691
 2885.0  6353.838
 2890.0  6374.204
 2895.0  6392.596
 2900.0  6408.820
 2905.0  6423.493
 2910.0  6437.290
 2915.0  6450.110
 2920.0  6461.848
 2925.0  6472.403
 2930.0  6481.672
 2935.0  6489.552
 2940.0  6496.816
 2945.0  6504.042
 2950.0  6510.837
 2955.0  6516.806
 2960.0  6521.558
 2965.0  6524.697
 2970.0  6525.831
 2975.0  6523.772
 2980.0  6518.463
 2985.0  6511.204
 2990.0  6503.294
 2995.0  6496.035
 3000.0  6490.726
 3005.0  6488.667
 3010.0  6489.978
 3015.0  6493.526
 3020.0  6498.740
 3025.0  6505.047
 3030.0  6511.872
 3035.0  6518.644
 3040.0  6524.790
 3045.0  6530.630
 3050.0  6536.790
 3055.0  6543.155
 3060.0  6549.608
 3065.0  6556.034
 3070.0  6562.314
 3075.0  6568.335
 3080.0  6574.776
 3085.0  6581.973
 3090.0  6589.287
 3095.0  6596.084
 3100.0  6601.727
 3105.0  6605.579
 3110.0  6607.004
 3115.0  6606.706
 3120.0  6605.936
 3125.0  6604.883
 3130.0  6603.735
 3135.0  6602.682
 3140.0  6601.912
 3145.0  6601.614
 3150.0  6602.639
 3155.0  6605.406
 3160.0  6609.451
 3165.0  6614.311
 3170.0  6619.524
 3175.0  6624.625
 3180.0  6629.153
 3185.0  6633.419
 3190.0  6637.940
 3195.0  6642.561
 3200.0  6647.124
 3205.0  6651.473
 3210.0  6655.452
 3215.0  6658.903
 3220.0  6662.170
 3225.0  6665.550
 3230.0  6668.818
 3235.0  6671.751
 3240.0  6674.124
 3245.0  6675.712
 3250.0  6676.291
 3255.0  6675.277
 3260.0  6672.663
 3265.0  6669.089
 3270.0  6665.194
 3275.0  6661.619
 3280.0  6659.005
 3285.0  6657.991
 3290.0  6658.934
 3295.0  6661.365
 3300.0  6664.689
 3305.0  6668.310
 3310.0  6671.634
 3315.0  6674.065
 3320.0  6675.007
 3325.0  6674.650
 3330.0  6673.662
 3335.0  6672.171
 3340.0  6670.302
 3345.0  6668.182
 3350.0  6665.938
 3355.0  6663.697
 3360.0  6660.875
 3365.0  6657.104
 3370.0  6652.831
 3375.0  6648.501
 3380.0  6644.560
 3385.0  6641.455
 3390.0  6639.631
 3395.0  6638.765
 3400.0  6638.164
 3405.0  6637.720
 3410.0  6637.326
 3415.0  6636.875
 3420.0  6636.259
 3425.0  6635.370
 3430.0  6633.422
 3435.0  6629.998
 3440.0  6625.553
 3445.0  6620.540
 3450.0  6615.412
 3455.0  6610.624
 3460.0  6606.629
 3465.0  6603.237
 3470.0  6599.967
 3475.0  6596.830
 3480.0  6593.836
 3485.0  6590.996
 3490.0  6588.322
 3495.0  6585.825
 3500.0  6583.516
 3505.0  6452.478
 3510.0  6445.893
 3515.0  6439.062
 3520.0  6431.996
 3525.0  6424.709
 3530.0  6417.213
 3535.0  6409.296
 3540.0  6400.855
 3545.0  6392.071
 3550.0  6383.120
 3555.0  6374.183
 3560.0  6365.437
 3565.0  6357.062
 3570.0  6349.203
 3575.0  6341.743
 3580.0  6334.473
 3585.0  6327.181
 3590.0  6319.655
 3595.0  6311.684
 3600.0  6303.057
 3605.0  6293.735
 3610.0  6283.841
 3615.0  6273.409
 3620.0  6262.470
 3625.0  6251.059
 3630.0  6239.208
 3635.0  6226.949
