 2865.0  6807.130
 2870.0  6822.114
 2875.0  6836.673
 2880.0  6850.780
 2885.0  6864.407
 2890.0  6877.529
 2895.0  6890.118
 2900.0  6902.149
 2905.0  6914.132
 2910.0  6926.303
 2915.0  6938.222
 2920.0  6949.449
 2925.0  6959.542
 2930.0  6968.062
 2935.0  6974.567
 2940.0  6979.856
 2945.0  6984.897
 2950.0  6989.502
 2955.0  6993.485
 2960.0  6996.658
 2965.0  6998.835
 2970.0  6999.827
 2975.0  7000.102
 2980.0  7000.277
 2985.0  7000.393
 2990.0  7000.489
 2995.0  7000.607
 3000.0  7000.787
 3005.0  7001.068
 3010.0  7003.093
 3015.0  7007.967
 3020.0  7014.921
 3025.0  7023.188
 3030.0  7031.999
 3035.0  7040.588
 3040.0  7048.186
 3045.0  7055.524
 3050.0  7063.530
 3055.0  7071.729
 3060.0  7079.645
 3065.0  7086.803
 3070.0  7092.729
 3075.0  7096.948
 3080.0  7099.828
 3085.0  7102.166
 3090.0  7104.126
 3095.0  7105.877
 3100.0  7107.583
 3105.0  7109.412
 3110.0  7111.529
 3115.0  7113.825
 3120.0  7116.121
 3125.0  7118.481
 3130.0  7120.965
 3135.0  7123.637
 3140.0  7126.559
 3145.0  7129.794
 3150.0  7134.209
 3155.0  7140.107
 3160.0  7146.701
 3165.0  7153.201
 3170.0  7158.820
 3175.0  7162.770
 3180.0  7164.261
 3185.0  7164.220
 3190.0  7164.115
 3195.0  7163.970
 3200.0  7163.813
 3205.0  7163.668
 3210.0  7163.562
 3215.0  7163.521
 3220.0  7164.189
 3225.0  7165.910
 3230.0  7168.263
 3235.0  7170.826
 3240.0  7173.179
 3245.0  7174.900
 3250.0  7175.567
 3255.0  7175.047
 3260.0  7173.704
 3265.0  7171.869
 3270.0  7169.869
 3275.0  7168.033
 3280.0  7166.691
 3285.0  7166.170
 3290.0  7166.349
 3295.0  7166.808
 3300.0  7167.436
 3305.0  7168.121
 3310.0  7168.749
 3315.0  7169.208
 3320.0  7169.386
 3325.0  7169.287
 3330.0  7169.004
 3335.0  7168.560
 3340.0  7167.976
 3345.0  7167.275
 3350.0  7166.478
 3355.0  7165.608
 3360.0  7164.337
 3365.0  7162.399
 3370.0  7159.910
 3375.0  7156.986
 3380.0  7153.742
 3385.0  7150.296
 3390.0  7146.762
 3395.0  7142.691
 3400.0  7137.756
 3405.0  7132.257
 3410.0  7126.493
 3415.0  7120.766
 3420.0  7115.374
 3425.0  7110.617
 3430.0  7106.430
 3435.0  7102.504
 3440.0  7098.771
 3445.0  7095.163
 3450.0  7091.615
 3455.0  7088.058
 3460.0  7084.426
 3465.0  7080.740
 3470.0  7077.069
 3475.0  7073.411
 3480.0  7069.767
 3485.0  7066.137
 3490.0  7062.520
 3495.0  7058.918
 3500.0  7055.330
 3505.0  6839.068
 3510.0  6827.687
 3515.0  6816.518
 3520.0  6805.566
 3525.0  6794.837
 3530.0  6784.338
 3535.0  6774.256
 3540.0  6764.637
 3545.0  6755.279
 3550.0  6745.977
 3555.0  6736.530
 3560.0  6726.734
 3565.0  6716.385
 3570.0  6705.321
 3575.0  6693.647
 3580.0  6681.562
 3585.0  6669.264
 3590.0  6656.952
 3595.0  6644.823
 3600.0  6633.076
 3605.0  6621.640
 3610.0  6610.311
 3615.0  6599.092
 3620.0  6587.984
 3625.0  6576.988
 3630.0  6566.106
 3635.0  6555.340
