 2865.0  7605.768
 2870.0  7628.872
 2875.0  7650.772
 2880.0  7671.097
 2885.0  7689.479
 2890.0  7705.548
 2895.0  7718.935
 2900.0  7729.271
 2905.0  7737.334
 2910.0  7744.289
 2915.0  7750.339
 2920.0  7755.690
 2925.0  7760.548
 2930.0  7765.118
 2935.0  7769.605
 2940.0  7774.360
 2945.0  7779.361
 2950.0  7784.250
 2955.0  7788.673
 2960.0  7792.273
 2965.0  7794.694
 2970.0  7795.580
 2975.0  7792.263
 2980.0  7783.710
 2985.0  7772.016
 2990.0  7759.274
 2995.0  7747.579
 3000.0  7739.026
 3005.0  7735.710
 3010.0  7738.623
 3015.0  7746.280
 3020.0  7757.059
 3025.0  7769.335
 3030.0  7781.487
 3035.0  7791.890
 3040.0  7798.923
 3045.0  7803.347
 3050.0  7807.116
 3055.0  7810.393
 3060.0  7813.342
 3065.0  7816.124
 3070.0  7818.902
 3075.0  7821.840
 3080.0  7825.218
 3085.0  7828.989
 3090.0  7832.820
 3095.0  7836.378
 3100.0  7839.330
 3105.0  7841.346
 3110.0  7842.092
 3115.0  7841.730
 3120.0  7840.798
 3125.0  7839.524
 3130.0  7838.136
 3135.0  7836.861
 3140.0  7835.929
 3145.0  7835.568
 3150.0  7835.755
 3155.0  7836.236
 3160.0  7836.895
 3165.0  7837.612
 3170.0  7838.271
 3175.0  7838.752
 3180.0  7838.939
 3185.0  7838.674
 3190.0  7837.991
 3195.0  7837.057
 3200.0  7836.040
 3205.0  7835.106
 3210.0  7834.423
 3215.0  7834.158
 3220.0  7834.797
 3225.0  7836.444
 3230.0  7838.697
 3235.0  7841.151
 3240.0  7843.403
 3245.0  7845.051
 3250.0  7845.690
 3255.0  7844.804
 3260.0  7842.399
 3265.0  7838.848
 3270.0  7834.529
 3275.0  7829.817
 3280.0  7825.088
 3285.0  7820.716
 3290.0  7816.472
 3295.0  7811.927
 3300.0  7807.166
 3305.0  7802.271
 3310.0  7797.326
 3315.0  7792.413
 3320.0  7787.617
 3325.0  7782.910
 3330.0  7778.210
 3335.0  7773.515
 3340.0  7768.825
 3345.0  7764.137
 3350.0  7759.450
 3355.0  7754.762
 3360.0  7750.123
 3365.0  7745.551
 3370.0  7740.997
 3375.0  7736.412
 3380.0  7731.746
 3385.0  7726.949
 3390.0  7721.972
 3395.0  7716.883
 3400.0  7711.740
 3405.0  7706.484
 3410.0  7701.050
 3415.0  7695.379
 3420.0  7689.408
 3425.0  7683.075
 3430.0  7676.143
 3435.0  7668.547
 3440.0  7660.487
 3445.0  7652.160
 3450.0  7643.766
 3455.0  7635.503
 3460.0  7627.570
 3465.0  7619.897
 3470.0  7612.284
 3475.0  7604.733
 3480.0  7597.243
 3485.0  7589.816
 3490.0  7582.452
 3495.0  7575.151
 3500.0  7567.916
 3505.0  7245.489
 3510.0  7235.005
 3515.0  7224.311
 3520.0  7213.413
 3525.0  7202.318
 3530.0  7191.031
 3535.0  7179.314
 3540.0  7167.071
 3545.0  7154.527
 3550.0  7141.903
 3555.0  7129.424
 3560.0  7117.313
 3565.0  7105.792
 3570.0  7094.998
 3575.0  7084.763
 3580.0  7074.853
 3585.0  7065.035
 3590.0  7055.076
 3595.0  7044.743
 3600.0  7033.801
 3605.0  7022.283
 3610.0  7010.381
 3615.0  6998.112
 3620.0  6985.489
 3625.0  6972.527
 3630.0  6959.239
 3635.0  6945.640
