 2865.0  6061.326
 2870.0  6083.727
 2875.0  6105.212
 2880.0  6125.670
 2885.0  6144.991
 2890.0  6163.064
 2895.0  6179.780
 2900.0  6195.027
 2905.0  6208.878
 2910.0  6221.625
 2915.0  6233.492
 2920.0  6244.702
 2925.0  6255.476
 2930.0  6266.040
 2935.0  6276.615
 2940.0  6288.248
 2945.0  6301.105
 2950.0  6314.088
 2955.0  6326.098
 2960.0  6336.036
 2965.0  6342.804
 2970.0  6345.305
 2975.0  6342.265
 2980.0  6334.427
 2985.0  6323.709
 2990.0  6312.031
 2995.0  6301.313
 3000.0  6293.474
 3005.0  6290.435
 3010.0  6290.704
 3015.0  6291.476
 3020.0  6292.703
 3025.0  6294.335
 3030.0  6296.324
 3035.0  6298.618
 3040.0  6301.170
 3045.0  6306.040
 3050.0  6314.561
 3055.0  6325.596
 3060.0  6338.003
 3065.0  6350.643
 3070.0  6362.377
 3075.0  6372.065
 3080.0  6380.869
 3085.0  6390.246
 3090.0  6399.491
 3095.0  6407.905
 3100.0  6414.783
 3105.0  6419.425
 3110.0  6421.129
 3115.0  6419.394
 3120.0  6414.919
 3125.0  6408.800
 3130.0  6402.134
 3135.0  6396.015
 3140.0  6391.540
 3145.0  6389.805
 3150.0  6390.847
 3155.0  6393.645
 3160.0  6397.709
 3165.0  6402.549
 3170.0  6407.675
 3175.0  6412.595
 3180.0  6416.820
 3185.0  6420.558
 3190.0  6424.315
 3195.0  6428.049
 3200.0  6431.714
 3205.0  6435.269
 3210.0  6438.669
 3215.0  6441.871
 3220.0  6445.192
 3225.0  6448.790
 3230.0  6452.377
 3235.0  6455.666
 3240.0  6458.371
 3245.0  6460.204
 3250.0  6460.879
 3255.0  6459.813
 3260.0  6457.062
 3265.0  6453.301
 3270.0  6449.203
 3275.0  6445.442
 3280.0  6442.691
 3285.0  6441.625
 3290.0  6442.720
 3295.0  6445.546
 3300.0  6449.410
 3305.0  6453.619
 3310.0  6457.483
 3315.0  6460.309
 3320.0  6461.404
 3325.0  6460.176
 3330.0  6456.971
 3335.0  6452.510
 3340.0  6447.511
 3345.0  6442.696
 3350.0  6438.784
 3355.0  6436.495
 3360.0  6435.373
 3365.0  6434.454
 3370.0  6433.691
 3375.0  6433.035
 3380.0  6432.441
 3385.0  6431.862
 3390.0  6431.250
 3395.0  6430.678
 3400.0  6430.209
 3405.0  6429.782
 3410.0  6429.338
 3415.0  6428.817
 3420.0  6428.160
 3425.0  6427.307
 3430.0  6425.650
 3435.0  6422.835
 3440.0  6419.186
 3445.0  6415.027
 3450.0  6410.680
 3455.0  6406.469
 3460.0  6402.717
 3465.0  6399.315
 3470.0  6395.939
 3475.0  6392.589
 3480.0  6389.267
 3485.0  6385.971
 3490.0  6382.703
 3495.0  6379.462
 3500.0  6376.250
 3505.0  6268.742
 3510.0  6259.184
 3515.0  6249.653
 3520.0  6240.150
 3525.0  6230.675
 3530.0  6221.229
 3535.0  6211.280
 3540.0  6200.654
 3545.0  6189.878
 3550.0  6179.482
 3555.0  6169.997
 3560.0  6161.952
 3565.0  6155.876
 3570.0  6151.605
 3575.0  6148.342
 3580.0  6145.670
 3585.0  6143.171
 3590.0  6140.426
 3595.0  6137.019
 3600.0  6132.530
 3605.0  6126.185
 3610.0  6117.670
 3615.0  6107.260
 3620.0  6095.230
 3625.0  6081.853
 3630.0  6067.403
 3635.0  6052.155
