 2865.0  7357.689
 2870.0  7375.364
 2875.0  7392.204
 2880.0  7408.060
 2885.0  7422.784
 2890.0  7436.229
 2895.0  7448.246
 2900.0  7458.688
 2905.0  7467.960
 2910.0  7476.559
 2915.0  7484.475
 2920.0  7491.695
 2925.0  7498.209
 2930.0  7504.006
 2935.0  7509.073
 2940.0  7513.878
 2945.0  7518.709
 2950.0  7523.286
 2955.0  7527.332
 2960.0  7530.567
 2965.0  7532.712
 2970.0  7533.490
 2975.0  7531.733
 2980.0  7527.203
 2985.0  7521.010
 2990.0  7514.261
 2995.0  7508.067
 3000.0  7503.538
 3005.0  7501.781
 3010.0  7504.731
 3015.0  7512.339
 3020.0  7522.741
 3025.0  7534.074
 3030.0  7544.476
 3035.0  7552.084
 3040.0  7555.034
 3045.0  7554.488
 3050.0  7553.082
 3055.0  7551.159
 3060.0  7549.064
 3065.0  7547.141
 3070.0  7545.735
 3075.0  7545.190
 3080.0  7546.612
 3085.0  7550.346
 3090.0  7555.591
 3095.0  7561.547
 3100.0  7567.414
 3105.0  7572.391
 3110.0  7575.679
 3115.0  7577.754
 3120.0  7579.626
 3125.0  7581.290
 3130.0  7582.746
 3135.0  7583.990
 3140.0  7585.020
 3145.0  7585.832
 3150.0  7586.427
 3155.0  7586.855
 3160.0  7587.189
 3165.0  7587.505
 3170.0  7587.876
 3175.0  7588.376
 3180.0  7589.079
 3185.0  7591.204
 3190.0  7595.350
 3195.0  7600.661
 3200.0  7606.282
 3205.0  7611.356
 3210.0  7615.028
 3215.0  7616.442
 3220.0  7616.158
 3225.0  7615.380
 3230.0  7614.219
 3235.0  7612.786
 3240.0  7611.192
 3245.0  7609.548
 3250.0  7607.966
 3255.0  7606.353
 3260.0  7604.561
 3265.0  7602.616
 3270.0  7600.543
 3275.0  7598.367
 3280.0  7596.116
 3285.0  7593.813
 3290.0  7591.395
 3295.0  7588.807
 3300.0  7586.091
 3305.0  7583.288
 3310.0  7580.442
 3315.0  7577.593
 3320.0  7574.783
 3325.0  7572.013
 3330.0  7569.243
 3335.0  7566.461
 3340.0  7563.653
 3345.0  7560.806
 3350.0  7557.906
 3355.0  7554.940
 3360.0  7552.015
 3365.0  7549.178
 3370.0  7546.322
 3375.0  7543.341
 3380.0  7540.127
 3385.0  7536.576
 3390.0  7532.579
 3395.0  7527.661
 3400.0  7521.658
 3405.0  7514.931
 3410.0  7507.841
 3415.0  7500.748
 3420.0  7494.013
 3425.0  7487.998
 3430.0  7482.809
 3435.0  7478.144
 3440.0  7473.747
 3445.0  7469.362
 3450.0  7464.735
 3455.0  7459.611
 3460.0  7453.733
 3465.0  7446.942
 3470.0  7439.294
 3475.0  7430.864
 3480.0  7421.725
 3485.0  7411.953
 3490.0  7401.619
 3495.0  7390.799
 3500.0  7379.567
 3505.0  7126.597
 3510.0  7116.245
 3515.0  7105.661
 3520.0  7094.850
 3525.0  7083.821
 3530.0  7072.581
 3535.0  7060.921
 3540.0  7048.754
 3545.0  7036.267
 3550.0  7023.651
 3555.0  7011.094
 3560.0  6998.786
 3565.0  6986.915
 3570.0  6975.519
 3575.0  6964.434
 3580.0  6953.552
 3585.0  6942.765
 3590.0  6931.964
 3595.0  6921.041
 3600.0  6909.887
 3605.0  6898.535
 3610.0  6887.091
 3615.0  6875.555
 3620.0  6863.929
 3625.0  6852.214
 3630.0  6840.411
 3635.0  6828.520
