 2865.0  7041.307
 2870.0  7191.338
 2875.0  7334.692
 2880.0  7465.876
 2885.0  7579.397
 2890.0  7669.765
 2895.0  7731.486
 2900.0  7759.068
 2905.0  7767.205
 2910.0  7774.219
 2915.0  7780.063
 2920.0  7784.690
 2925.0  7788.053
 2930.0  7790.105
 2935.0  7790.800
 2940.0  7789.147
 2945.0  7784.886
 2950.0  7779.058
 2955.0  7772.709
 2960.0  7766.881
 2965.0  7762.620
 2970.0  7760.967
 2975.0  7761.202
 2980.0  7761.870
 2985.0  7762.919
 2990.0  7764.296
 2995.0  7765.948
 3000.0  7767.821
 3005.0  7769.863
 3010.0  7773.811
 3015.0  7780.598
 3020.0  7788.968
 3025.0  7797.666
 3030.0  7805.434
 3035.0  7811.017
 3040.0  7813.157
 3045.0  7812.286
 3050.0  7810.000
 3055.0  7806.785
 3060.0  7803.131
 3065.0  7799.526
 3070.0  7796.456
 3075.0  7794.411
 3080.0  7793.185
 3085.0  7792.194
 3090.0  7791.358
 3095.0  7790.597
 3100.0  7789.831
 3105.0  7788.981
 3110.0  7787.967
 3115.0  7786.585
 3120.0  7784.826
 3125.0  7782.906
 3130.0  7781.039
 3135.0  7779.439
 3140.0  7778.322
 3145.0  7777.902
 3150.0  7778.624
 3155.0  7780.531
 3160.0  7783.236
 3165.0  7786.349
 3170.0  7789.481
 3175.0  7792.244
 3180.0  7794.250
 3185.0  7795.778
 3190.0  7797.308
 3195.0  7798.754
 3200.0  7800.029
 3205.0  7801.048
 3210.0  7801.722
 3215.0  7801.966
 3220.0  7800.450
 3225.0  7796.468
 3230.0  7790.867
 3235.0  7784.494
 3240.0  7778.197
 3245.0  7772.823
 3250.0  7769.219
 3255.0  7767.066
 3260.0  7765.365
 3265.0  7763.945
 3270.0  7762.638
 3275.0  7761.274
 3280.0  7759.683
 3285.0  7757.696
 3290.0  7755.150
 3295.0  7752.077
 3300.0  7748.601
 3305.0  7744.843
 3310.0  7740.926
 3315.0  7736.971
 3320.0  7733.101
 3325.0  7729.332
 3330.0  7725.557
 3335.0  7721.712
 3340.0  7717.733
 3345.0  7713.557
 3350.0  7709.119
 3355.0  7704.355
 3360.0  7699.167
 3365.0  7693.537
 3370.0  7687.522
 3375.0  7681.183
 3380.0  7674.578
 3385.0  7667.766
 3390.0  7660.806
 3395.0  7653.233
 3400.0  7644.819
 3405.0  7635.975
 3410.0  7627.112
 3415.0  7618.641
 3420.0  7610.974
 3425.0  7604.521
 3430.0  7599.279
 3435.0  7594.783
 3440.0  7590.749
 3445.0  7586.891
 3450.0  7582.927
 3455.0  7578.571
 3460.0  7573.540
 3465.0  7567.799
 3470.0  7561.527
 3475.0  7554.764
 3480.0  7547.549
 3485.0  7539.921
 3490.0  7531.918
 3495.0  7523.580
 3500.0  7514.946
 3505.0  7186.615
 3510.0  7177.486
 3515.0  7168.061
 3520.0  7158.352
 3525.0  7148.373
 3530.0  7138.138
 3535.0  7127.428
 3540.0  7116.138
 3545.0  7104.450
 3550.0  7092.547
 3555.0  7080.610
 3560.0  7068.821
 3565.0  7057.364
 3570.0  7046.335
 3575.0  7035.604
 3580.0  7025.009
 3585.0  7014.391
 3590.0  7003.589
 3595.0  6992.442
 3600.0  6980.789
 3605.0  6968.643
 3610.0  6956.128
 3615.0  6943.258
 3620.0  6930.046
 3625.0  6916.504
 3630.0  6902.645
 3635.0  6888.482
