 2865.0  7105.505
 2870.0  7127.331
 2875.0  7147.985
 2880.0  7166.671
 2885.0  7182.591
 2890.0  7194.950
 2895.0  7202.949
 2900.0  7205.792
 2905.0  7205.284
 2910.0  7203.972
 2915.0  7202.177
 2920.0  7200.223
 2925.0  7198.429
 2930.0  7197.116
 2935.0  7196.608
 2940.0  7198.085
 2945.0  7202.037
 2950.0  7207.740
 2955.0  7214.472
 2960.0  7221.508
 2965.0  7228.128
 2970.0  7233.608
 2975.0  7238.212
 2980.0  7242.684
 2985.0  7247.019
 2990.0  7251.210
 2995.0  7255.253
 3000.0  7259.143
 3005.0  7262.874
 3010.0  7266.797
 3015.0  7271.047
 3020.0  7275.289
 3025.0  7279.193
 3030.0  7282.424
 3035.0  7284.652
 3040.0  7285.544
 3045.0  7285.649
 3050.0  7285.738
 3055.0  7285.812
 3060.0  7285.870
 3065.0  7285.911
 3070.0  7285.936
 3075.0  7285.945
 3080.0  7284.468
 3085.0  7280.496
 3090.0  7274.714
 3095.0  7267.809
 3100.0  7260.466
 3105.0  7253.373
 3110.0  7247.215
 3115.0  7241.786
 3120.0  7236.408
 3125.0  7231.058
 3130.0  7225.712
 3135.0  7220.348
 3140.0  7214.941
 3145.0  7209.469
 3150.0  7203.746
 3155.0  7197.731
 3160.0  7191.615
 3165.0  7185.592
 3170.0  7179.854
 3175.0  7174.595
 3180.0  7170.006
 3185.0  7165.873
 3190.0  7161.896
 3195.0  7158.141
 3200.0  7154.675
 3205.0  7151.565
 3210.0  7148.877
 3215.0  7146.678
 3220.0  7144.984
 3225.0  7143.661
 3230.0  7142.553
 3235.0  7141.505
 3240.0  7140.360
 3245.0  7138.962
 3250.0  7137.154
 3255.0  7134.514
 3260.0  7130.895
 3265.0  7126.559
 3270.0  7121.766
 3275.0  7116.778
 3280.0  7111.855
 3285.0  7107.260
 3290.0  7102.963
 3295.0  7098.722
 3300.0  7094.479
 3305.0  7090.175
 3310.0  7085.751
 3315.0  7081.148
 3320.0  7076.309
 3325.0  7071.152
 3330.0  7065.688
 3335.0  7059.995
 3340.0  7054.148
 3345.0  7048.222
 3350.0  7042.295
 3355.0  7036.443
 3360.0  7030.664
 3365.0  7024.889
 3370.0  7019.094
 3375.0  7013.255
 3380.0  7007.349
 3385.0  7001.350
 3390.0  6995.235
 3395.0  6988.854
 3400.0  6982.175
 3405.0  6975.352
 3410.0  6968.539
 3415.0  6961.889
 3420.0  6955.555
 3425.0  6949.691
 3430.0  6944.004
 3435.0  6938.238
 3440.0  6932.600
 3445.0  6927.301
 3450.0  6922.550
 3455.0  6918.555
 3460.0  6915.526
 3465.0  6913.068
 3470.0  6910.715
 3475.0  6908.563
 3480.0  6906.709
 3485.0  6905.250
 3490.0  6904.284
 3495.0  6903.908
 3500.0  6904.219
 3505.0  6685.577
 3510.0  6683.565
 3515.0  6680.973
 3520.0  6677.934
 3525.0  6674.575
 3530.0  6671.029
 3535.0  6666.223
 3540.0  6659.398
 3545.0  6651.151
 3550.0  6642.079
 3555.0  6632.779
 3560.0  6623.849
 3565.0  6615.886
 3570.0  6608.613
 3575.0  6601.398
 3580.0  6594.307
 3585.0  6587.408
 3590.0  6580.765
 3595.0  6574.446
 3600.0  6568.517
 3605.0  6562.898
 3610.0  6557.476
 3615.0  6552.268
 3620.0  6547.292
 3625.0  6542.565
 3630.0  6538.105
 3635.0  6533.928
