 2865.0  6419.285
 2870.0  6445.219
 2875.0  6469.819
 2880.0  6492.732
 2885.0  6513.606
 2890.0  6532.090
 2895.0  6547.831
 2900.0  6560.477
 2905.0  6571.222
 2910.0  6581.325
 2915.0  6590.531
 2920.0  6598.585
 2925.0  6605.232
 2930.0  6610.216
 2935.0  6613.283
 2940.0  6615.221
 2945.0  6616.967
 2950.0  6618.481
 2955.0  6619.726
 2960.0  6620.662
 2965.0  6621.252
 2970.0  6621.457
 2975.0  6619.708
 2980.0  6615.197
 2985.0  6609.029
 2990.0  6602.308
 2995.0  6596.140
 3000.0  6591.629
 3005.0  6589.880
 3010.0  6593.926
 3015.0  6604.559
 3020.0  6619.525
 3025.0  6636.568
 3030.0  6653.430
 3035.0  6667.857
 3040.0  6677.593
 3045.0  6683.817
 3050.0  6689.286
 3055.0  6694.111
 3060.0  6698.404
 3065.0  6702.275
 3070.0  6705.837
 3075.0  6709.200
 3080.0  6712.411
 3085.0  6715.437
 3090.0  6718.267
 3095.0  6720.889
 3100.0  6723.294
 3105.0  6725.471
 3110.0  6727.408
 3115.0  6729.043
 3120.0  6730.397
 3125.0  6731.590
 3130.0  6732.744
 3135.0  6733.977
 3140.0  6735.409
 3145.0  6737.162
 3150.0  6739.378
 3155.0  6742.070
 3160.0  6745.161
 3165.0  6748.575
 3170.0  6752.236
 3175.0  6756.068
 3180.0  6759.994
 3185.0  6764.833
 3190.0  6770.961
 3195.0  6777.636
 3200.0  6784.118
 3205.0  6789.665
 3210.0  6793.537
 3215.0  6794.992
 3220.0  6794.467
 3225.0  6793.112
 3230.0  6791.260
 3235.0  6789.242
 3240.0  6787.389
 3245.0  6786.034
 3250.0  6785.509
 3255.0  6785.964
 3260.0  6787.139
 3265.0  6788.744
 3270.0  6790.493
 3275.0  6792.099
 3280.0  6793.273
 3285.0  6793.728
 3290.0  6793.196
 3295.0  6791.822
 3300.0  6789.944
 3305.0  6787.898
 3310.0  6786.020
 3315.0  6784.647
 3320.0  6784.114
 3325.0  6784.125
 3330.0  6784.152
 3335.0  6784.189
 3340.0  6784.229
 3345.0  6784.266
 3350.0  6784.293
 3355.0  6784.303
 3360.0  6783.285
 3365.0  6780.646
 3370.0  6777.009
 3375.0  6772.996
 3380.0  6769.230
 3385.0  6766.333
 3390.0  6764.929
 3395.0  6764.560
 3400.0  6764.320
 3405.0  6764.157
 3410.0  6764.018
 3415.0  6763.849
 3420.0  6763.597
 3425.0  6763.210
 3430.0  6760.690
 3435.0  6754.894
 3440.0  6747.056
 3445.0  6738.406
 3450.0  6730.178
 3455.0  6723.603
 3460.0  6719.912
 3465.0  6718.145
 3470.0  6716.541
 3475.0  6715.141
 3480.0  6713.984
 3485.0  6713.109
 3490.0  6712.555
 3495.0  6712.362
 3500.0  6712.568
 3505.0  6554.900
 3510.0  6546.041
 3515.0  6536.999
 3520.0  6527.781
 3525.0  6518.390
 3530.0  6508.834
 3535.0  6499.001
 3540.0  6488.842
 3545.0  6478.452
 3550.0  6467.928
 3555.0  6457.365
 3560.0  6446.860
 3565.0  6436.508
 3570.0  6426.310
 3575.0  6416.180
 3580.0  6406.086
 3585.0  6395.996
 3590.0  6385.875
 3595.0  6375.693
 3600.0  6365.416
 3605.0  6355.053
 3610.0  6344.637
 3615.0  6334.168
 3620.0  6323.646
 3625.0  6313.071
 3630.0  6302.444
 3635.0  6291.766
