 2865.0  7281.251
 2870.0  7296.936
 2875.0  7311.864
 2880.0  7325.891
 2885.0  7338.874
 2890.0  7350.668
 2895.0  7361.130
 2900.0  7370.115
 2905.0  7378.045
 2910.0  7385.410
 2915.0  7392.175
 2920.0  7398.303
 2925.0  7403.758
 2930.0  7408.501
 2935.0  7412.498
 2940.0  7416.148
 2945.0  7419.752
 2950.0  7423.123
 2955.0  7426.071
 2960.0  7428.409
 2965.0  7429.950
 2970.0  7430.505
 2975.0  7427.895
 2980.0  7421.164
 2985.0  7411.961
 2990.0  7401.933
 2995.0  7392.729
 3000.0  7385.998
 3005.0  7383.388
 3010.0  7387.517
 3015.0  7398.310
 3020.0  7413.382
 3025.0  7430.344
 3030.0  7446.809
 3035.0  7460.390
 3040.0  7468.699
 3045.0  7473.066
 3050.0  7476.578
 3055.0  7479.485
 3060.0  7482.035
 3065.0  7484.478
 3070.0  7487.063
 3075.0  7490.040
 3080.0  7493.446
 3085.0  7497.075
 3090.0  7500.811
 3095.0  7504.537
 3100.0  7508.136
 3105.0  7511.491
 3110.0  7514.486
 3115.0  7517.374
 3120.0  7520.366
 3125.0  7523.282
 3130.0  7525.944
 3135.0  7528.173
 3140.0  7529.789
 3145.0  7530.615
 3150.0  7530.923
 3155.0  7531.131
 3160.0  7531.278
 3165.0  7531.403
 3170.0  7531.543
 3175.0  7531.737
 3180.0  7532.024
 3185.0  7532.633
 3190.0  7533.675
 3195.0  7535.014
 3200.0  7536.511
 3205.0  7538.028
 3210.0  7539.427
 3215.0  7540.571
 3220.0  7541.594
 3225.0  7542.675
 3230.0  7543.734
 3235.0  7544.694
 3240.0  7545.477
 3245.0  7546.004
 3250.0  7546.197
 3255.0  7546.023
 3260.0  7545.530
 3265.0  7544.757
 3270.0  7543.742
 3275.0  7542.528
 3280.0  7541.152
 3285.0  7539.655
 3290.0  7537.083
 3295.0  7532.865
 3300.0  7527.615
 3305.0  7521.943
 3310.0  7516.462
 3315.0  7511.786
 3320.0  7508.525
 3325.0  7506.439
 3330.0  7504.775
 3335.0  7503.378
 3340.0  7502.093
 3345.0  7500.764
 3350.0  7499.238
 3355.0  7497.357
 3360.0  7495.140
 3365.0  7492.683
 3370.0  7489.952
 3375.0  7486.912
 3380.0  7483.529
 3385.0  7479.769
 3390.0  7475.598
 3395.0  7470.319
 3400.0  7463.562
 3405.0  7455.776
 3410.0  7447.413
 3415.0  7438.925
 3420.0  7430.762
 3425.0  7423.375
 3430.0  7416.530
 3435.0  7409.739
 3440.0  7403.072
 3445.0  7396.601
 3450.0  7390.398
 3455.0  7384.532
 3460.0  7379.077
 3465.0  7373.940
 3470.0  7368.998
 3475.0  7364.271
 3480.0  7359.779
 3485.0  7355.541
 3490.0  7351.578
 3495.0  7347.909
 3500.0  7344.556
 3505.0  7082.774
 3510.0  7072.610
 3515.0  7062.325
 3520.0  7051.920
 3525.0  7041.399
 3530.0  7030.762
 3535.0  7019.919
 3540.0  7008.833
 3545.0  6997.591
 3550.0  6986.279
 3555.0  6974.983
 3560.0  6963.789
 3565.0  6952.783
 3570.0  6942.087
 3575.0  6931.664
 3580.0  6921.361
 3585.0  6911.027
 3590.0  6900.510
 3595.0  6889.657
 3600.0  6878.317
 3605.0  6866.498
 3610.0  6854.318
 3615.0  6841.791
 3620.0  6828.928
 3625.0  6815.743
 3630.0  6802.248
 3635.0  6788.455
