 2865.0  6253.183
 2870.0  6277.456
 2875.0  6300.728
 2880.0  6322.878
 2885.0  6343.781
 2890.0  6363.316
 2895.0  6381.361
 2900.0  6397.792
 2905.0  6412.882
 2910.0  6427.021
 2915.0  6440.263
 2920.0  6452.664
 2925.0  6464.278
 2930.0  6475.160
 2935.0  6485.365
 2940.0  6495.795
 2945.0  6506.788
 2950.0  6517.555
 2955.0  6527.306
 2960.0  6535.249
 2965.0  6540.594
 2970.0  6542.551
 2975.0  6540.501
 2980.0  6535.213
 2985.0  6527.983
 2990.0  6520.106
 2995.0  6512.876
 3000.0  6507.588
 3005.0  6505.538
 3010.0  6505.867
 3015.0  6506.808
 3020.0  6508.292
 3025.0  6510.249
 3030.0  6512.611
 3035.0  6515.306
 3040.0  6518.267
 3045.0  6523.399
 3050.0  6531.928
 3055.0  6542.757
 3060.0  6554.792
 3065.0  6566.939
 3070.0  6578.102
 3075.0  6587.186
 3080.0  6595.270
 3085.0  6603.760
 3090.0  6612.055
 3095.0  6619.553
 3100.0  6625.654
 3105.0  6629.755
 3110.0  6631.256
 3115.0  6629.534
 3120.0  6625.094
 3125.0  6619.022
 3130.0  6612.407
 3135.0  6606.336
 3140.0  6601.895
 3145.0  6600.173
 3150.0  6602.755
 3155.0  6609.524
 3160.0  6619.012
 3165.0  6629.755
 3170.0  6640.285
 3175.0  6649.137
 3180.0  6654.843
 3185.0  6658.182
 3190.0  6660.993
 3195.0  6663.399
 3200.0  6665.526
 3205.0  6667.500
 3210.0  6669.445
 3215.0  6671.486
 3220.0  6673.540
 3225.0  6675.470
 3230.0  6677.327
 3235.0  6679.160
 3240.0  6681.018
 3245.0  6682.950
 3250.0  6685.006
 3255.0  6687.198
 3260.0  6689.492
 3265.0  6691.864
 3270.0  6694.293
 3275.0  6696.757
 3280.0  6699.233
 3285.0  6701.699
 3290.0  6704.482
 3295.0  6707.711
 3300.0  6711.067
 3305.0  6714.231
 3310.0  6716.886
 3315.0  6718.712
 3320.0  6719.391
 3325.0  6717.014
 3330.0  6710.882
 3335.0  6702.498
 3340.0  6693.363
 3345.0  6684.979
 3350.0  6678.847
 3355.0  6676.469
 3360.0  6676.684
 3365.0  6677.267
 3370.0  6678.123
 3375.0  6679.159
 3380.0  6680.281
 3385.0  6681.396
 3390.0  6682.410
 3395.0  6683.494
 3400.0  6684.793
 3405.0  6686.167
 3410.0  6687.477
 3415.0  6688.584
 3420.0  6689.351
 3425.0  6689.637
 3430.0  6687.391
 3435.0  6681.533
 3440.0  6673.385
 3445.0  6664.266
 3450.0  6655.498
 3455.0  6648.401
 3460.0  6644.295
 3465.0  6642.197
 3470.0  6640.275
 3475.0  6638.582
 3480.0  6637.173
 3485.0  6636.100
 3490.0  6635.417
 3495.0  6635.177
 3500.0  6635.435
 3505.0  6522.607
 3510.0  6514.021
 3515.0  6505.291
 3520.0  6496.418
 3525.0  6487.407
 3530.0  6478.261
 3535.0  6468.637
 3540.0  6458.412
 3545.0  6447.920
 3550.0  6437.495
 3555.0  6427.469
 3560.0  6418.176
 3565.0  6409.951
 3570.0  6402.932
 3575.0  6396.794
 3580.0  6391.173
 3585.0  6385.704
 3590.0  6380.023
 3595.0  6373.765
 3600.0  6366.566
 3605.0  6358.321
 3610.0  6349.216
 3615.0  6339.317
 3620.0  6328.693
 3625.0  6317.410
 3630.0  6305.537
 3635.0  6293.141
