 2865.0  4745.245
 2870.0  4750.392
 2875.0  4755.943
 2880.0  4761.871
 2885.0  4768.149
 2890.0  4774.750
 2895.0  4781.646
 2900.0  4788.812
 2905.0  4796.643
 2910.0  4805.340
 2915.0  4814.577
 2920.0  4824.028
 2925.0  4833.367
 2930.0  4842.269
 2935.0  4850.408
 2940.0  4858.406
 2945.0  4866.785
 2950.0  4875.069
 2955.0  4882.784
 2960.0  4889.455
 2965.0  4894.609
 2970.0  4897.769
 2975.0  4899.453
 2980.0  4900.627
 2985.0  4901.496
 2990.0  4902.265
 2995.0  4903.138
 3000.0  4904.320
 3005.0  4906.015
 3010.0  4910.021
 3015.0  4917.158
 3020.0  4926.162
 3025.0  4935.770
 3030.0  4944.718
 3035.0  4951.742
 3040.0  4955.580
 3045.0  4957.086
 3050.0  4958.096
 3055.0  4958.816
 3060.0  4959.450
 3065.0  4960.206
 3070.0  4961.287
 3075.0  4962.901
 3080.0  4969.806
 3085.0  4984.483
 3090.0  5003.710
 3095.0  5024.270
 3100.0  5042.941
 3105.0  5056.504
 3110.0  5061.741
 3115.0  5060.839
 3120.0  5058.514
 3125.0  5055.335
 3130.0  5051.870
 3135.0  5048.691
 3140.0  5046.366
 3145.0  5045.464
 3150.0  5047.800
 3155.0  5053.917
 3160.0  5062.477
 3165.0  5072.142
 3170.0  5081.574
 3175.0  5089.436
 3180.0  5094.391
 3185.0  5097.392
 3190.0  5100.219
 3195.0  5102.766
 3200.0  5104.929
 3205.0  5106.604
 3210.0  5107.685
 3215.0  5108.069
 3220.0  5106.372
 3225.0  5101.995
 3230.0  5096.011
 3235.0  5089.491
 3240.0  5083.506
 3245.0  5079.130
 3250.0  5077.433
 3255.0  5080.385
 3260.0  5087.999
 3265.0  5098.409
 3270.0  5109.752
 3275.0  5120.163
 3280.0  5127.777
 3285.0  5130.729
 3290.0  5130.049
 3295.0  5128.295
 3300.0  5125.898
 3305.0  5123.285
 3310.0  5120.887
 3315.0  5119.134
 3320.0  5118.454
 3325.0  5118.647
 3330.0  5119.158
 3335.0  5119.880
 3340.0  5120.711
 3345.0  5121.544
 3350.0  5122.276
 3355.0  5122.802
 3360.0  5123.133
 3365.0  5123.378
 3370.0  5123.580
 3375.0  5123.779
 3380.0  5124.016
 3385.0  5124.334
 3390.0  5124.772
 3395.0  5126.271
 3400.0  5129.312
 3405.0  5133.247
 3410.0  5137.432
 3415.0  5141.221
 3420.0  5143.968
 3425.0  5145.028
 3430.0  5143.551
 3435.0  5139.677
 3440.0  5134.241
 3445.0  5128.076
 3450.0  5122.017
 3455.0  5116.898
 3460.0  5113.554
 3465.0  5111.396
 3470.0  5109.335
 3475.0  5107.458
 3480.0  5105.850
 3485.0  5104.595
 3490.0  5103.780
 3495.0  5103.489
 3500.0  5103.808
 3505.0  5011.820
 3510.0  5008.235
 3515.0  5004.773
 3520.0  5001.443
 3525.0  4998.251
 3530.0  4995.203
 3535.0  4992.457
 3540.0  4990.047
 3545.0  4987.799
 3550.0  4985.537
 3555.0  4983.085
 3560.0  4980.267
 3565.0  4976.910
 3570.0  4972.465
 3575.0  4966.765
 3580.0  4960.200
 3585.0  4953.164
 3590.0  4946.046
 3595.0  4939.240
 3600.0  4933.138
 3605.0  4927.584
 3610.0  4922.168
 3615.0  4916.898
 3620.0  4911.779
 3625.0  4906.820
 3630.0  4902.028
 3635.0  4897.409
