 2865.0  6800.527
 2870.0  6828.163
 2875.0  6854.373
 2880.0  6878.769
 2885.0  6900.965
 2890.0  6920.575
 2895.0  6937.210
 2900.0  6950.485
 2905.0  6960.915
 2910.0  6969.619
 2915.0  6977.111
 2920.0  6983.907
 2925.0  6990.523
 2930.0  6997.475
 2935.0  7005.277
 2940.0  7014.962
 2945.0  7026.424
 2950.0  7038.472
 2955.0  7049.915
 2960.0  7059.563
 2965.0  7066.225
 2970.0  7068.711
 2975.0  7067.416
 2980.0  7064.079
 2985.0  7059.515
 2990.0  7054.542
 2995.0  7049.978
 3000.0  7046.640
 3005.0  7045.346
 3010.0  7048.844
 3015.0  7057.991
 3020.0  7070.770
 3025.0  7085.163
 3030.0  7099.152
 3035.0  7110.720
 3040.0  7117.849
 3045.0  7121.484
 3050.0  7124.165
 3055.0  7126.272
 3060.0  7128.180
 3065.0  7130.268
 3070.0  7132.912
 3075.0  7136.489
 3080.0  7143.043
 3085.0  7153.294
 3090.0  7165.633
 3095.0  7178.455
 3100.0  7190.153
 3105.0  7199.118
 3110.0  7203.744
 3115.0  7205.380
 3120.0  7206.555
 3125.0  7207.432
 3130.0  7208.174
 3135.0  7208.942
 3140.0  7209.902
 3145.0  7211.214
 3150.0  7213.054
 3155.0  7215.407
 3160.0  7218.155
 3165.0  7221.180
 3170.0  7224.364
 3175.0  7227.588
 3180.0  7230.734
 3185.0  7233.870
 3190.0  7237.128
 3195.0  7240.491
 3200.0  7243.938
 3205.0  7247.451
 3210.0  7251.012
 3215.0  7254.600
 3220.0  7258.358
 3225.0  7262.354
 3230.0  7266.454
 3235.0  7270.524
 3240.0  7274.431
 3245.0  7278.042
 3250.0  7281.224
 3255.0  7284.291
 3260.0  7287.499
 3265.0  7290.625
 3270.0  7293.444
 3275.0  7295.735
 3280.0  7297.273
 3285.0  7297.835
 3290.0  7297.501
 3295.0  7296.564
 3300.0  7295.123
 3305.0  7293.273
 3310.0  7291.115
 3315.0  7288.744
 3320.0  7286.258
 3325.0  7282.397
 3330.0  7276.477
 3335.0  7269.465
 3340.0  7262.328
 3345.0  7256.034
 3350.0  7251.548
 3355.0  7249.838
 3360.0  7250.295
 3365.0  7251.475
 3370.0  7253.087
 3375.0  7254.845
 3380.0  7256.457
 3385.0  7257.637
 3390.0  7258.094
 3395.0  7257.752
 3400.0  7256.792
 3405.0  7255.317
 3410.0  7253.429
 3415.0  7251.230
 3420.0  7248.821
 3425.0  7246.304
 3430.0  7242.961
 3435.0  7238.295
 3440.0  7232.741
 3445.0  7226.735
 3450.0  7220.712
 3455.0  7215.108
 3460.0  7210.358
 3465.0  7206.255
 3470.0  7202.314
 3475.0  7198.556
 3480.0  7194.997
 3485.0  7191.656
 3490.0  7188.551
 3495.0  7185.702
 3500.0  7183.126
 3505.0  7005.627
 3510.0  6993.501
 3515.0  6981.399
 3520.0  6969.321
 3525.0  6957.267
 3530.0  6945.236
 3535.0  6933.035
 3540.0  6920.596
 3545.0  6908.117
 3550.0  6895.791
 3555.0  6883.813
 3560.0  6872.380
 3565.0  6861.685
 3570.0  6851.937
 3575.0  6842.991
 3580.0  6834.516
 3585.0  6826.181
 3590.0  6817.656
 3595.0  6808.607
 3600.0  6798.705
 3605.0  6787.946
 3610.0  6776.573
 3615.0  6764.619
 3620.0  6752.119
 3625.0  6739.104
 3630.0  6725.611
 3635.0  6711.671
