 2865.0  5900.335
 2870.0  5921.579
 2875.0  5941.739
 2880.0  5960.285
 2885.0  5976.689
 2890.0  5990.423
 2895.0  6000.957
 2900.0  6007.762
 2905.0  6011.788
 2910.0  6014.642
 2915.0  6016.786
 2920.0  6018.683
 2925.0  6020.794
 2930.0  6023.582
 2935.0  6027.507
 2940.0  6036.045
 2945.0  6050.585
 2950.0  6068.459
 2955.0  6087.003
 2960.0  6103.549
 2965.0  6115.432
 2970.0  6119.985
 2975.0  6117.286
 2980.0  6110.327
 2985.0  6100.810
 2990.0  6090.441
 2995.0  6080.925
 3000.0  6073.965
 3005.0  6071.266
 3010.0  6076.468
 3015.0  6090.127
 3020.0  6109.328
 3025.0  6131.151
 3030.0  6152.680
 3035.0  6170.998
 3040.0  6183.186
 3045.0  6191.296
 3050.0  6199.094
 3055.0  6206.241
 3060.0  6212.394
 3065.0  6217.211
 3070.0  6220.352
 3075.0  6221.475
 3080.0  6220.011
 3085.0  6216.234
 3090.0  6211.070
 3095.0  6205.443
 3100.0  6200.279
 3105.0  6196.502
 3110.0  6195.037
 3115.0  6196.735
 3120.0  6201.262
 3125.0  6207.771
 3130.0  6215.416
 3135.0  6223.348
 3140.0  6230.720
 3145.0  6236.684
 3150.0  6241.534
 3155.0  6246.146
 3160.0  6250.549
 3165.0  6254.772
 3170.0  6258.842
 3175.0  6262.790
 3180.0  6266.643
 3185.0  6270.628
 3190.0  6274.803
 3195.0  6278.946
 3200.0  6282.834
 3205.0  6286.243
 3210.0  6288.951
 3215.0  6290.735
 3220.0  6291.848
 3225.0  6292.736
 3230.0  6293.465
 3235.0  6294.097
 3240.0  6294.698
 3245.0  6295.333
 3250.0  6296.064
 3255.0  6296.817
 3260.0  6297.508
 3265.0  6298.193
 3270.0  6298.929
 3275.0  6299.770
 3280.0  6300.774
 3285.0  6301.996
 3290.0  6304.042
 3295.0  6307.203
 3300.0  6311.064
 3305.0  6315.209
 3310.0  6319.222
 3315.0  6322.688
 3320.0  6325.191
 3325.0  6327.085
 3330.0  6328.938
 3335.0  6330.659
 3340.0  6332.157
 3345.0  6333.341
 3350.0  6334.118
 3355.0  6334.397
 3360.0  6333.488
 3365.0  6331.088
 3370.0  6327.685
 3375.0  6323.768
 3380.0  6319.826
 3385.0  6316.349
 3390.0  6313.824
 3395.0  6312.153
 3400.0  6310.813
 3405.0  6309.662
 3410.0  6308.560
 3415.0  6307.362
 3420.0  6305.926
 3425.0  6304.111
 3430.0  6301.142
 3435.0  6296.770
 3440.0  6291.643
 3445.0  6286.409
 3450.0  6281.716
 3455.0  6278.211
 3460.0  6276.543
 3465.0  6276.039
 3470.0  6275.600
 3475.0  6275.230
 3480.0  6274.934
 3485.0  6274.716
 3490.0  6274.582
 3495.0  6274.537
 3500.0  6274.584
 3505.0  6095.575
 3510.0  6085.917
 3515.0  6076.483
 3520.0  6067.283
 3525.0  6058.325
 3530.0  6049.616
 3535.0  6041.292
 3540.0  6033.378
 3545.0  6025.717
 3550.0  6018.150
 3555.0  6010.520
 3560.0  6002.671
 3565.0  5994.444
 3570.0  5985.658
 3575.0  5976.384
 3580.0  5966.842
 3585.0  5957.253
 3590.0  5947.837
 3595.0  5938.814
 3600.0  5930.406
 3605.0  5922.489
 3610.0  5914.802
 3615.0  5907.360
 3620.0  5900.179
 3625.0  5893.272
 3630.0  5886.657
 3635.0  5880.346
