 2865.0  6760.834
 2870.0  6777.169
 2875.0  6793.795
 2880.0  6810.705
 2885.0  6827.892
 2890.0  6845.349
 2895.0  6863.071
 2900.0  6881.050
 2905.0  6900.449
 2910.0  6921.669
 2915.0  6943.567
 2920.0  6964.999
 2925.0  6984.823
 2930.0  7001.893
 2935.0  7015.067
 2940.0  7025.967
 2945.0  7036.629
 2950.0  7046.530
 2955.0  7055.143
 2960.0  7061.945
 2965.0  7066.411
 2970.0  7068.016
 2975.0  7064.247
 2980.0  7054.472
 2985.0  7040.991
 2990.0  7026.106
 2995.0  7012.116
 3000.0  7001.322
 3005.0  6996.024
 3010.0  6994.335
 3015.0  6992.849
 3020.0  6991.587
 3025.0  6990.569
 3030.0  6989.817
 3035.0  6989.350
 3040.0  6989.190
 3045.0  6992.225
 3050.0  7000.335
 3055.0  7012.028
 3060.0  7025.811
 3065.0  7040.190
 3070.0  7053.673
 3075.0  7064.768
 3080.0  7074.905
 3085.0  7085.919
 3090.0  7096.922
 3095.0  7107.025
 3100.0  7115.341
 3105.0  7120.982
 3110.0  7123.060
 3115.0  7120.454
 3120.0  7113.734
 3125.0  7104.544
 3130.0  7094.533
 3135.0  7085.344
 3140.0  7078.623
 3145.0  7076.017
 3150.0  7078.525
 3155.0  7085.226
 3160.0  7094.886
 3165.0  7106.269
 3170.0  7118.141
 3175.0  7129.267
 3180.0  7138.413
 3185.0  7146.758
 3190.0  7155.817
 3195.0  7164.863
 3200.0  7173.166
 3205.0  7179.999
 3210.0  7184.632
 3215.0  7186.339
 3220.0  7185.423
 3225.0  7183.060
 3230.0  7179.829
 3235.0  7176.309
 3240.0  7173.078
 3245.0  7170.715
 3250.0  7169.799
 3255.0  7170.191
 3260.0  7171.234
 3265.0  7172.723
 3270.0  7174.456
 3275.0  7176.229
 3280.0  7177.841
 3285.0  7179.087
 3290.0  7180.127
 3295.0  7181.209
 3300.0  7182.258
 3305.0  7183.201
 3310.0  7183.965
 3315.0  7184.478
 3320.0  7184.665
 3325.0  7184.034
 3330.0  7182.341
 3335.0  7179.881
 3340.0  7176.951
 3345.0  7173.847
 3350.0  7170.866
 3355.0  7168.305
 3360.0  7166.182
 3365.0  7164.239
 3370.0  7162.357
 3375.0  7160.420
 3380.0  7158.307
 3385.0  7155.901
 3390.0  7153.083
 3395.0  7148.823
 3400.0  7142.767
 3405.0  7135.808
 3410.0  7128.840
 3415.0  7122.756
 3420.0  7118.450
 3425.0  7116.816
 3430.0  7117.094
 3435.0  7117.811
 3440.0  7118.792
 3445.0  7119.860
 3450.0  7120.840
 3455.0  7121.557
 3460.0  7121.835
 3465.0  7121.216
 3470.0  7119.463
 3475.0  7116.730
 3480.0  7113.172
 3485.0  7108.945
 3490.0  7104.202
 3495.0  7099.101
 3500.0  7093.794
 3505.0  6864.777
 3510.0  6856.632
 3515.0  6848.306
 3520.0  6839.804
 3525.0  6831.133
 3530.0  6822.298
 3535.0  6812.722
 3540.0  6802.199
 3545.0  6791.290
 3550.0  6780.557
 3555.0  6770.563
 3560.0  6761.870
 3565.0  6755.038
 3570.0  6750.061
 3575.0  6746.221
 3580.0  6743.019
 3585.0  6739.954
 3590.0  6736.527
 3595.0  6732.237
 3600.0  6726.585
 3605.0  6718.253
 3610.0  6706.552
 3615.0  6691.927
 3620.0  6674.826
 3625.0  6655.692
 3630.0  6634.972
 3635.0  6613.110
