 2865.0  7658.712
 2870.0  7695.459
 2875.0  7730.571
 2880.0  7762.703
 2885.0  7790.506
 2890.0  7812.633
 2895.0  7827.737
 2900.0  7834.471
 2905.0  7836.205
 2910.0  7837.354
 2915.0  7838.141
 2920.0  7838.791
 2925.0  7839.525
 2930.0  7840.568
 2935.0  7842.141
 2940.0  7846.474
 2945.0  7854.567
 2950.0  7864.808
 2955.0  7875.582
 2960.0  7885.277
 2965.0  7892.276
 2970.0  7894.968
 2975.0  7892.235
 2980.0  7885.186
 2985.0  7875.548
 2990.0  7865.046
 2995.0  7855.408
 3000.0  7848.359
 3005.0  7845.625
 3010.0  7847.341
 3015.0  7851.831
 3020.0  7858.109
 3025.0  7865.190
 3030.0  7872.088
 3035.0  7877.818
 3040.0  7881.394
 3045.0  7883.523
 3050.0  7885.521
 3055.0  7887.316
 3060.0  7888.837
 3065.0  7890.012
 3070.0  7890.770
 3075.0  7891.038
 3080.0  7889.556
 3085.0  7885.735
 3090.0  7880.511
 3095.0  7874.818
 3100.0  7869.593
 3105.0  7865.772
 3110.0  7864.290
 3115.0  7866.524
 3120.0  7872.285
 3125.0  7880.162
 3130.0  7888.744
 3135.0  7896.621
 3140.0  7902.382
 3145.0  7904.616
 3150.0  7903.189
 3155.0  7899.510
 3160.0  7894.480
 3165.0  7888.999
 3170.0  7883.968
 3175.0  7880.289
 3180.0  7878.863
 3185.0  7879.849
 3190.0  7882.393
 3195.0  7885.871
 3200.0  7889.661
 3205.0  7893.139
 3210.0  7895.683
 3215.0  7896.669
 3220.0  7895.381
 3225.0  7891.952
 3230.0  7887.035
 3235.0  7881.284
 3240.0  7875.354
 3245.0  7869.896
 3250.0  7865.564
 3255.0  7862.185
 3260.0  7859.089
 3265.0  7856.192
 3270.0  7853.408
 3275.0  7850.651
 3280.0  7847.835
 3285.0  7844.874
 3290.0  7841.897
 3295.0  7839.020
 3300.0  7836.145
 3305.0  7833.171
 3310.0  7829.998
 3315.0  7826.526
 3320.0  7822.656
 3325.0  7817.786
 3330.0  7811.733
 3335.0  7805.019
 3340.0  7798.171
 3345.0  7791.712
 3350.0  7786.168
 3355.0  7782.063
 3360.0  7779.298
 3365.0  7777.222
 3370.0  7775.530
 3375.0  7773.918
 3380.0  7772.083
 3385.0  7769.720
 3390.0  7766.526
 3395.0  7760.333
 3400.0  7750.106
 3405.0  7737.240
 3410.0  7723.130
 3415.0  7709.168
 3420.0  7696.751
 3425.0  7687.271
 3430.0  7680.279
 3435.0  7674.204
 3440.0  7668.763
 3445.0  7663.671
 3450.0  7658.647
 3455.0  7653.405
 3460.0  7647.661
 3465.0  7641.497
 3470.0  7635.184
 3475.0  7628.726
 3480.0  7622.128
 3485.0  7615.395
 3490.0  7608.530
 3495.0  7601.537
 3500.0  7594.422
 3505.0  7248.532
 3510.0  7238.549
 3515.0  7228.459
 3520.0  7218.261
 3525.0  7207.959
 3530.0  7197.554
 3535.0  7186.963
 3540.0  7176.155
 3545.0  7165.208
 3550.0  7154.200
 3555.0  7143.208
 3560.0  7132.310
 3565.0  7121.585
 3570.0  7111.259
 3575.0  7101.336
 3580.0  7091.563
 3585.0  7081.686
 3590.0  7071.453
 3595.0  7060.610
 3600.0  7048.904
 3605.0  7036.257
 3610.0  7022.793
 3615.0  7008.562
 3620.0  6993.611
 3625.0  6977.989
 3630.0  6961.744
 3635.0  6944.925
