 2865.0  6821.126
 2870.0  6823.885
 2875.0  6826.649
 2880.0  6829.416
 2885.0  6832.187
 2890.0  6834.962
 2895.0  6837.740
 2900.0  6840.522
 2905.0  6843.245
 2910.0  6845.888
 2915.0  6848.514
 2920.0  6851.186
 2925.0  6853.966
 2930.0  6856.917
 2935.0  6860.104
 2940.0  6864.134
 2945.0  6869.179
 2950.0  6874.644
 2955.0  6879.932
 2960.0  6884.446
 2965.0  6887.592
 2970.0  6888.773
 2975.0  6886.461
 2980.0  6880.496
 2985.0  6872.341
 2990.0  6863.455
 2995.0  6855.299
 3000.0  6849.335
 3005.0  6847.022
 3010.0  6850.064
 3015.0  6858.046
 3020.0  6869.248
 3025.0  6881.952
 3030.0  6894.437
 3035.0  6904.986
 3040.0  6911.880
 3045.0  6915.836
 3050.0  6918.931
 3055.0  6921.483
 3060.0  6923.811
 3065.0  6926.234
 3070.0  6929.070
 3075.0  6932.637
 3080.0  6937.857
 3085.0  6944.869
 3090.0  6952.821
 3095.0  6960.860
 3100.0  6968.132
 3105.0  6973.784
 3110.0  6976.963
 3115.0  6978.485
 3120.0  6979.757
 3125.0  6980.817
 3130.0  6981.699
 3135.0  6982.440
 3140.0  6983.076
 3145.0  6983.643
 3150.0  6984.190
 3155.0  6984.727
 3160.0  6985.225
 3165.0  6985.659
 3170.0  6986.002
 3175.0  6986.227
 3180.0  6986.308
 3185.0  6986.147
 3190.0  6985.732
 3195.0  6985.165
 3200.0  6984.547
 3205.0  6983.980
 3210.0  6983.565
 3215.0  6983.404
 3220.0  6983.938
 3225.0  6985.315
 3230.0  6987.199
 3235.0  6989.250
 3240.0  6991.134
 3245.0  6992.511
 3250.0  6993.045
 3255.0  6991.858
 3260.0  6988.785
 3265.0  6984.555
 3270.0  6979.899
 3275.0  6975.548
 3280.0  6972.231
 3285.0  6970.680
 3290.0  6970.333
 3295.0  6970.108
 3300.0  6969.957
 3305.0  6969.829
 3310.0  6969.674
 3315.0  6969.443
 3320.0  6969.086
 3325.0  6967.352
 3330.0  6963.428
 3335.0  6957.915
 3340.0  6951.418
 3345.0  6944.540
 3350.0  6937.886
 3355.0  6932.058
 3360.0  6926.696
 3365.0  6921.144
 3370.0  6915.560
 3375.0  6910.103
 3380.0  6904.932
 3385.0  6900.204
 3390.0  6896.080
 3395.0  6892.692
 3400.0  6889.890
 3405.0  6887.405
 3410.0  6884.966
 3415.0  6882.305
 3420.0  6879.152
 3425.0  6875.238
 3430.0  6869.666
 3435.0  6862.138
 3440.0  6853.278
 3445.0  6843.711
 3450.0  6834.062
 3455.0  6824.955
 3460.0  6817.017
 3465.0  6809.979
 3470.0  6803.169
 3475.0  6796.606
 3480.0  6790.306
 3485.0  6784.287
 3490.0  6778.568
 3495.0  6773.166
 3500.0  6768.098
 3505.0  6546.732
 3510.0  6539.095
 3515.0  6531.024
 3520.0  6522.552
 3525.0  6513.711
 3530.0  6504.534
 3535.0  6494.754
 3540.0  6484.203
 3545.0  6473.062
 3550.0  6461.510
 3555.0  6449.729
 3560.0  6437.898
 3565.0  6426.199
 3570.0  6414.354
 3575.0  6402.108
 3580.0  6389.674
 3585.0  6377.265
 3590.0  6365.093
 3595.0  6353.372
 3600.0  6342.313
 3605.0  6331.792
 3610.0  6321.554
 3615.0  6311.613
 3620.0  6301.987
 3625.0  6292.692
 3630.0  6283.743
 3635.0  6275.157
