 2865.0  6787.828
 2870.0  6806.060
 2875.0  6823.499
 2880.0  6839.412
 2885.0  6853.065
 2890.0  6863.726
 2895.0  6870.660
 2900.0  6873.134
 2905.0  6873.053
 2910.0  6872.844
 2915.0  6872.559
 2920.0  6872.248
 2925.0  6871.962
 2930.0  6871.754
 2935.0  6871.673
 2940.0  6872.357
 2945.0  6874.122
 2950.0  6876.536
 2955.0  6879.166
 2960.0  6881.580
 2965.0  6883.345
 2970.0  6884.029
 2975.0  6882.557
 2980.0  6878.760
 2985.0  6873.568
 2990.0  6867.912
 2995.0  6862.720
 3000.0  6858.923
 3005.0  6857.450
 3010.0  6858.296
 3015.0  6860.653
 3020.0  6864.254
 3025.0  6868.831
 3030.0  6874.116
 3035.0  6879.843
 3040.0  6885.742
 3045.0  6894.300
 3050.0  6906.883
 3055.0  6921.544
 3060.0  6936.336
 3065.0  6949.312
 3070.0  6958.525
 3075.0  6962.029
 3080.0  6961.168
 3085.0  6958.947
 3090.0  6955.911
 3095.0  6952.603
 3100.0  6949.566
 3105.0  6947.346
 3110.0  6946.485
 3115.0  6947.028
 3120.0  6948.479
 3125.0  6950.569
 3130.0  6953.029
 3135.0  6955.591
 3140.0  6957.985
 3145.0  6959.944
 3150.0  6961.717
 3155.0  6963.635
 3160.0  6965.545
 3165.0  6967.295
 3170.0  6968.734
 3175.0  6969.708
 3180.0  6970.067
 3185.0  6969.750
 3190.0  6968.869
 3195.0  6967.529
 3200.0  6965.835
 3205.0  6963.893
 3210.0  6961.807
 3215.0  6959.683
 3220.0  6956.724
 3225.0  6952.483
 3230.0  6947.594
 3235.0  6942.690
 3240.0  6938.403
 3245.0  6935.366
 3250.0  6934.213
 3255.0  6934.965
 3260.0  6936.902
 3265.0  6939.552
 3270.0  6942.438
 3275.0  6945.088
 3280.0  6947.025
 3285.0  6947.776
 3290.0  6946.050
 3295.0  6941.482
 3300.0  6934.988
 3305.0  6927.482
 3310.0  6919.881
 3315.0  6913.100
 3320.0  6908.055
 3325.0  6904.580
 3330.0  6901.723
 3335.0  6899.220
 3340.0  6896.808
 3345.0  6894.224
 3350.0  6891.203
 3355.0  6887.483
 3360.0  6882.008
 3365.0  6874.496
 3370.0  6865.843
 3375.0  6856.945
 3380.0  6848.699
 3385.0  6842.000
 3390.0  6837.746
 3395.0  6835.415
 3400.0  6833.723
 3405.0  6832.413
 3410.0  6831.230
 3415.0  6829.920
 3420.0  6828.227
 3425.0  6825.896
 3430.0  6822.125
 3435.0  6816.556
 3440.0  6809.598
 3445.0  6801.662
 3450.0  6793.155
 3455.0  6784.488
 3460.0  6776.071
 3465.0  6767.693
 3470.0  6758.889
 3475.0  6749.679
 3480.0  6740.085
 3485.0  6730.130
 3490.0  6719.834
 3495.0  6709.220
 3500.0  6698.309
 3505.0  6479.616
 3510.0  6472.709
 3515.0  6465.134
 3520.0  6456.970
 3525.0  6448.293
 3530.0  6439.183
 3535.0  6428.873
 3540.0  6416.917
 3545.0  6403.871
 3550.0  6390.294
 3555.0  6376.742
 3560.0  6363.772
 3565.0  6351.942
 3570.0  6341.177
 3575.0  6330.929
 3580.0  6321.048
 3585.0  6311.384
 3590.0  6301.788
 3595.0  6292.111
 3600.0  6282.202
 3605.0  6272.111
 3610.0  6261.987
 3615.0  6251.830
 3620.0  6241.641
 3625.0  6231.420
 3630.0  6221.167
 3635.0  6210.881
