 2865.0  7506.451
 2870.0  7538.029
 2875.0  7568.040
 2880.0  7596.147
 2885.0  7622.014
 2890.0  7645.306
 2895.0  7665.687
 2900.0  7682.821
 2905.0  7698.433
 2910.0  7713.920
 2915.0  7728.451
 2920.0  7741.198
 2925.0  7751.329
 2930.0  7758.017
 2935.0  7760.430
 2940.0  7757.879
 2945.0  7751.198
 2950.0  7741.844
 2955.0  7731.274
 2960.0  7720.945
 2965.0  7712.315
 2970.0  7706.841
 2975.0  7703.485
 2980.0  7700.318
 2985.0  7697.458
 2990.0  7695.025
 2995.0  7693.139
 3000.0  7691.920
 3005.0  7691.487
 3010.0  7693.661
 3015.0  7699.269
 3020.0  7706.936
 3025.0  7715.291
 3030.0  7722.958
 3035.0  7728.566
 3040.0  7730.741
 3045.0  7730.306
 3050.0  7729.187
 3055.0  7727.656
 3060.0  7725.988
 3065.0  7724.457
 3070.0  7723.338
 3075.0  7722.903
 3080.0  7723.521
 3085.0  7725.115
 3090.0  7727.293
 3095.0  7729.667
 3100.0  7731.846
 3105.0  7733.439
 3110.0  7734.057
 3115.0  7733.127
 3120.0  7730.728
 3125.0  7727.448
 3130.0  7723.874
 3135.0  7720.594
 3140.0  7718.196
 3145.0  7717.265
 3150.0  7717.977
 3155.0  7719.825
 3160.0  7722.384
 3165.0  7725.226
 3170.0  7727.923
 3175.0  7730.048
 3180.0  7731.175
 3185.0  7731.637
 3190.0  7732.051
 3195.0  7732.408
 3200.0  7732.700
 3205.0  7732.919
 3210.0  7733.056
 3215.0  7733.104
 3220.0  7732.503
 3225.0  7730.859
 3230.0  7728.410
 3235.0  7725.396
 3240.0  7722.056
 3245.0  7718.627
 3250.0  7715.349
 3255.0  7711.857
 3260.0  7707.784
 3265.0  7703.364
 3270.0  7698.831
 3275.0  7694.421
 3280.0  7690.368
 3285.0  7686.906
 3290.0  7684.090
 3295.0  7681.695
 3300.0  7679.533
 3305.0  7677.417
 3310.0  7675.160
 3315.0  7672.573
 3320.0  7669.469
 3325.0  7665.437
 3330.0  7660.398
 3335.0  7654.667
 3340.0  7648.561
 3345.0  7642.393
 3350.0  7636.480
 3355.0  7631.137
 3360.0  7626.429
 3365.0  7622.088
 3370.0  7617.932
 3375.0  7613.777
 3380.0  7609.440
 3385.0  7604.736
 3390.0  7599.483
 3395.0  7593.312
 3400.0  7586.201
 3405.0  7578.486
 3410.0  7570.500
 3415.0  7562.578
 3420.0  7555.056
 3425.0  7548.268
 3430.0  7542.270
 3435.0  7536.760
 3440.0  7531.536
 3445.0  7526.395
 3450.0  7521.134
 3455.0  7515.551
 3460.0  7509.442
 3465.0  7502.806
 3470.0  7495.789
 3475.0  7488.412
 3480.0  7480.696
 3485.0  7472.663
 3490.0  7464.332
 3495.0  7455.726
 3500.0  7446.865
 3505.0  7125.339
 3510.0  7116.733
 3515.0  7107.681
 3520.0  7098.215
 3525.0  7088.365
 3530.0  7078.161
 3535.0  7067.198
 3540.0  7055.264
 3545.0  7042.685
 3550.0  7029.786
 3555.0  7016.892
 3560.0  7004.327
 3565.0  6992.417
 3570.0  6981.308
 3575.0  6970.751
 3580.0  6960.479
 3585.0  6950.223
 3590.0  6939.716
 3595.0  6928.690
 3600.0  6916.877
 3605.0  6904.268
 3610.0  6891.050
 3615.0  6877.254
 3620.0  6862.908
 3625.0  6848.044
 3630.0  6832.690
 3635.0  6816.877
