 2865.0  7300.322
 2870.0  7309.785
 2875.0  7318.846
 2880.0  7327.452
 2885.0  7335.550
 2890.0  7343.087
 2895.0  7350.011
 2900.0  7356.268
 2905.0  7361.827
 2910.0  7366.805
 2915.0  7371.377
 2920.0  7375.715
 2925.0  7379.992
 2930.0  7384.381
 2935.0  7389.055
 2940.0  7394.607
 2945.0  7401.081
 2950.0  7407.830
 2955.0  7414.206
 2960.0  7419.562
 2965.0  7423.251
 2970.0  7424.624
 2975.0  7421.678
 2980.0  7414.081
 2985.0  7403.693
 2990.0  7392.374
 2995.0  7381.986
 3000.0  7374.388
 3005.0  7371.442
 3010.0  7373.197
 3015.0  7377.867
 3020.0  7384.568
 3025.0  7392.411
 3030.0  7400.509
 3035.0  7407.974
 3040.0  7413.920
 3045.0  7418.398
 3050.0  7422.249
 3055.0  7425.773
 3060.0  7429.270
 3065.0  7433.039
 3070.0  7437.380
 3075.0  7442.593
 3080.0  7450.544
 3085.0  7461.802
 3090.0  7474.719
 3095.0  7487.649
 3100.0  7498.942
 3105.0  7506.951
 3110.0  7510.029
 3115.0  7510.087
 3120.0  7510.136
 3125.0  7510.176
 3130.0  7510.208
 3135.0  7510.230
 3140.0  7510.244
 3145.0  7510.248
 3150.0  7509.360
 3155.0  7507.059
 3160.0  7503.890
 3165.0  7500.396
 3170.0  7497.122
 3175.0  7494.613
 3180.0  7493.413
 3185.0  7493.069
 3190.0  7492.767
 3195.0  7492.513
 3200.0  7492.308
 3205.0  7492.158
 3210.0  7492.065
 3215.0  7492.033
 3220.0  7494.536
 3225.0  7500.991
 3230.0  7509.816
 3235.0  7519.433
 3240.0  7528.258
 3245.0  7534.713
 3250.0  7537.216
 3255.0  7535.637
 3260.0  7531.407
 3265.0  7525.284
 3270.0  7518.028
 3275.0  7510.396
 3280.0  7503.147
 3285.0  7497.041
 3290.0  7491.537
 3295.0  7485.775
 3300.0  7480.032
 3305.0  7474.585
 3310.0  7469.711
 3315.0  7465.689
 3320.0  7462.797
 3325.0  7460.830
 3330.0  7459.298
 3335.0  7458.044
 3340.0  7456.909
 3345.0  7455.737
 3350.0  7454.371
 3355.0  7452.652
 3360.0  7450.460
 3365.0  7447.845
 3370.0  7444.906
 3375.0  7441.742
 3380.0  7438.451
 3385.0  7435.134
 3390.0  7431.889
 3395.0  7428.830
 3400.0  7425.903
 3405.0  7422.958
 3410.0  7419.842
 3415.0  7416.406
 3420.0  7412.498
 3425.0  7407.968
 3430.0  7402.099
 3435.0  7394.574
 3440.0  7385.839
 3445.0  7376.340
 3450.0  7366.525
 3455.0  7356.838
 3460.0  7347.726
 3465.0  7339.040
 3470.0  7330.334
 3475.0  7321.608
 3480.0  7312.862
 3485.0  7304.096
 3490.0  7295.310
 3495.0  7286.504
 3500.0  7277.678
 3505.0  7043.539
 3510.0  7027.462
 3515.0  7012.231
 3520.0  6997.922
 3525.0  6984.614
 3530.0  6972.382
 3535.0  6961.383
 3540.0  6951.482
 3545.0  6942.316
 3550.0  6933.524
 3555.0  6924.744
 3560.0  6915.613
 3565.0  6905.771
 3570.0  6895.132
 3575.0  6883.977
 3580.0  6872.489
 3585.0  6860.852
 3590.0  6849.248
 3595.0  6837.862
 3600.0  6826.876
 3605.0  6816.220
 3610.0  6805.702
 3615.0  6795.324
 3620.0  6785.090
 3625.0  6775.003
 3630.0  6765.067
 3635.0  6755.283
