 2865.0  6823.872
 2870.0  6835.225
 2875.0  6845.986
 2880.0  6855.916
 2885.0  6864.772
 2890.0  6872.313
 2895.0  6878.299
 2900.0  6882.488
 2905.0  6885.335
 2910.0  6887.579
 2915.0  6889.410
 2920.0  6891.018
 2925.0  6892.591
 2930.0  6894.319
 2935.0  6896.390
 2940.0  6899.151
 2945.0  6902.560
 2950.0  6906.226
 2955.0  6909.758
 2960.0  6912.765
 2965.0  6914.856
 2970.0  6915.639
 2975.0  6914.752
 2980.0  6912.462
 2985.0  6909.331
 2990.0  6905.920
 2995.0  6902.789
 3000.0  6900.499
 3005.0  6899.612
 3010.0  6902.283
 3015.0  6909.268
 3020.0  6919.019
 3025.0  6929.992
 3030.0  6940.639
 3035.0  6949.414
 3040.0  6954.773
 3045.0  6957.494
 3050.0  6959.552
 3055.0  6961.191
 3060.0  6962.657
 3065.0  6964.195
 3070.0  6966.050
 3075.0  6968.468
 3080.0  6972.372
 3085.0  6977.967
 3090.0  6984.418
 3095.0  6990.890
 3100.0  6996.547
 3105.0  7000.554
 3110.0  7002.075
 3115.0  7001.891
 3120.0  7001.418
 3125.0  7000.770
 3130.0  7000.064
 3135.0  6999.416
 3140.0  6998.943
 3145.0  6998.759
 3150.0  6999.221
 3155.0  7000.411
 3160.0  7002.039
 3165.0  7003.813
 3170.0  7005.440
 3175.0  7006.631
 3180.0  7007.092
 3185.0  7006.748
 3190.0  7005.843
 3195.0  7004.564
 3200.0  7003.102
 3205.0  7001.646
 3210.0  7000.384
 3215.0  6999.507
 3220.0  6998.958
 3225.0  6998.524
 3230.0  6998.158
 3235.0  6997.814
 3240.0  6997.447
 3245.0  6997.009
 3250.0  6996.454
 3255.0  6995.593
 3260.0  6994.375
 3265.0  6992.962
 3270.0  6991.514
 3275.0  6990.191
 3280.0  6989.155
 3285.0  6988.566
 3290.0  6988.309
 3295.0  6988.138
 3300.0  6988.017
 3305.0  6987.908
 3310.0  6987.777
 3315.0  6987.586
 3320.0  6987.300
 3325.0  6986.060
 3330.0  6983.276
 3335.0  6979.307
 3340.0  6974.516
 3345.0  6969.262
 3350.0  6963.908
 3355.0  6958.813
 3360.0  6953.492
 3365.0  6947.427
 3370.0  6940.932
 3375.0  6934.321
 3380.0  6927.908
 3385.0  6922.008
 3390.0  6916.934
 3395.0  6912.763
 3400.0  6909.187
 3405.0  6905.949
 3410.0  6902.789
 3415.0  6899.447
 3420.0  6895.666
 3425.0  6891.186
 3430.0  6885.608
 3435.0  6878.909
 3440.0  6871.396
 3445.0  6863.376
 3450.0  6855.154
 3455.0  6847.036
 3460.0  6839.331
 3465.0  6831.934
 3470.0  6824.541
 3475.0  6817.151
 3480.0  6809.763
 3485.0  6802.378
 3490.0  6794.996
 3495.0  6787.617
 3500.0  6780.241
 3505.0  6549.624
 3510.0  6541.667
 3515.0  6533.423
 3520.0  6524.907
 3525.0  6516.133
 3530.0  6507.114
 3535.0  6497.727
 3540.0  6487.898
 3545.0  6477.710
 3550.0  6467.249
 3555.0  6456.601
 3560.0  6445.851
 3565.0  6435.085
 3570.0  6424.279
 3575.0  6413.348
 3580.0  6402.279
 3585.0  6391.059
 3590.0  6379.675
 3595.0  6368.115
 3600.0  6356.366
 3605.0  6344.419
 3610.0  6332.274
 3615.0  6319.937
 3620.0  6307.412
 3625.0  6294.702
 3630.0  6281.811
 3635.0  6268.744
