 2865.0  7325.344
 2870.0  7348.919
 2875.0  7371.265
 2880.0  7392.007
 2885.0  7410.769
 2890.0  7427.176
 2895.0  7440.852
 2900.0  7451.424
 2905.0  7459.987
 2910.0  7467.824
 2915.0  7474.840
 2920.0  7480.938
 2925.0  7486.021
 2930.0  7489.992
 2935.0  7492.755
 2940.0  7494.821
 2945.0  7496.727
 2950.0  7498.414
 2955.0  7499.826
 2960.0  7500.905
 2965.0  7501.595
 2970.0  7501.837
 2975.0  7500.849
 2980.0  7498.299
 2985.0  7494.813
 2990.0  7491.015
 2995.0  7487.529
 3000.0  7484.979
 3005.0  7483.990
 3010.0  7486.863
 3015.0  7494.403
 3020.0  7504.994
 3025.0  7517.021
 3030.0  7528.868
 3035.0  7538.918
 3040.0  7545.555
 3045.0  7549.447
 3050.0  7552.532
 3055.0  7555.102
 3060.0  7557.447
 3065.0  7559.858
 3070.0  7562.628
 3075.0  7566.047
 3080.0  7570.732
 3085.0  7576.708
 3090.0  7583.381
 3095.0  7590.154
 3100.0  7596.432
 3105.0  7601.621
 3110.0  7605.123
 3115.0  7607.301
 3120.0  7609.018
 3125.0  7610.429
 3130.0  7611.693
 3135.0  7612.968
 3140.0  7614.409
 3145.0  7616.175
 3150.0  7618.660
 3155.0  7621.882
 3160.0  7625.433
 3165.0  7628.906
 3170.0  7631.891
 3175.0  7633.981
 3180.0  7634.769
 3185.0  7634.261
 3190.0  7632.897
 3195.0  7630.911
 3200.0  7628.542
 3205.0  7626.025
 3210.0  7623.598
 3215.0  7621.497
 3220.0  7619.424
 3225.0  7617.069
 3230.0  7614.652
 3235.0  7612.390
 3240.0  7610.504
 3245.0  7609.211
 3250.0  7608.732
 3255.0  7608.886
 3260.0  7609.283
 3265.0  7609.827
 3270.0  7610.420
 3275.0  7610.963
 3280.0  7611.361
 3285.0  7611.515
 3290.0  7610.347
 3295.0  7607.173
 3300.0  7602.492
 3305.0  7596.801
 3310.0  7590.597
 3315.0  7584.379
 3320.0  7578.643
 3325.0  7572.341
 3330.0  7564.661
 3335.0  7556.458
 3340.0  7548.590
 3345.0  7541.910
 3350.0  7537.274
 3355.0  7535.539
 3360.0  7535.649
 3365.0  7535.932
 3370.0  7536.320
 3375.0  7536.742
 3380.0  7537.129
 3385.0  7537.412
 3390.0  7537.522
 3395.0  7536.206
 3400.0  7532.639
 3405.0  7527.394
 3410.0  7521.041
 3415.0  7514.152
 3420.0  7507.300
 3425.0  7501.055
 3430.0  7495.281
 3435.0  7489.410
 3440.0  7483.373
 3445.0  7477.098
 3450.0  7470.517
 3455.0  7463.558
 3460.0  7456.152
 3465.0  7448.201
 3470.0  7439.678
 3475.0  7430.620
 3480.0  7421.064
 3485.0  7411.044
 3490.0  7400.598
 3495.0  7389.762
 3500.0  7378.572
 3505.0  7145.417
 3510.0  7136.253
 3515.0  7126.594
 3520.0  7116.474
 3525.0  7105.930
 3530.0  7094.996
 3535.0  7083.254
 3540.0  7070.477
 3545.0  7056.991
 3550.0  7043.118
 3555.0  7029.185
 3560.0  7015.516
 3565.0  7002.436
 3570.0  6989.715
 3575.0  6976.984
 3580.0  6964.358
 3585.0  6951.952
 3590.0  6939.881
 3595.0  6928.262
 3600.0  6917.208
 3605.0  6906.619
 3610.0  6896.330
 3615.0  6886.360
 3620.0  6876.727
 3625.0  6867.450
 3630.0  6858.548
 3635.0  6850.040
