 2865.0  6589.925
 2870.0  6614.680
 2875.0  6638.479
 2880.0  6661.220
 2885.0  6682.799
 2890.0  6703.116
 2895.0  6722.069
 2900.0  6739.554
 2905.0  6755.974
 2910.0  6771.711
 2915.0  6786.635
 2920.0  6800.620
 2925.0  6813.536
 2930.0  6825.254
 2935.0  6835.646
 2940.0  6845.664
 2945.0  6855.914
 2950.0  6865.750
 2955.0  6874.526
 2960.0  6881.595
 2965.0  6886.311
 2970.0  6888.026
 2975.0  6886.581
 2980.0  6882.854
 2985.0  6877.759
 2990.0  6872.207
 2995.0  6867.112
 3000.0  6863.385
 3005.0  6861.940
 3010.0  6863.637
 3015.0  6868.197
 3020.0  6874.821
 3025.0  6882.711
 3030.0  6891.070
 3035.0  6899.099
 3040.0  6906.000
 3045.0  6911.884
 3050.0  6917.499
 3055.0  6923.002
 3060.0  6928.550
 3065.0  6934.302
 3070.0  6940.415
 3075.0  6947.046
 3080.0  6955.446
 3085.0  6965.939
 3090.0  6977.291
 3095.0  6988.267
 3100.0  6997.635
 3105.0  7004.161
 3110.0  7006.610
 3115.0  7005.623
 3120.0  7003.077
 3125.0  6999.597
 3130.0  6995.804
 3135.0  6992.323
 3140.0  6989.778
 3145.0  6988.791
 3150.0  6991.836
 3155.0  6999.775
 3160.0  7010.807
 3165.0  7023.134
 3170.0  7034.959
 3175.0  7044.481
 3180.0  7049.904
 3185.0  7052.318
 3190.0  7054.149
 3195.0  7055.592
 3200.0  7056.845
 3205.0  7058.106
 3210.0  7059.572
 3215.0  7061.440
 3220.0  7064.086
 3225.0  7067.498
 3230.0  7071.294
 3235.0  7075.090
 3240.0  7078.504
 3245.0  7081.152
 3250.0  7082.651
 3255.0  7083.314
 3260.0  7083.764
 3265.0  7084.090
 3270.0  7084.376
 3275.0  7084.710
 3280.0  7085.177
 3285.0  7085.864
 3290.0  7088.067
 3295.0  7092.421
 3300.0  7098.018
 3305.0  7103.951
 3310.0  7109.311
 3315.0  7113.193
 3320.0  7114.689
 3325.0  7113.200
 3330.0  7109.312
 3335.0  7103.890
 3340.0  7097.801
 3345.0  7091.911
 3350.0  7087.085
 3355.0  7084.191
 3360.0  7082.595
 3365.0  7081.117
 3370.0  7079.803
 3375.0  7078.700
 3380.0  7077.855
 3385.0  7077.313
 3390.0  7077.122
 3395.0  7077.337
 3400.0  7077.891
 3405.0  7078.649
 3410.0  7079.474
 3415.0  7080.232
 3420.0  7080.786
 3425.0  7081.001
 3430.0  7079.445
 3435.0  7075.330
 3440.0  7069.484
 3445.0  7062.735
 3450.0  7055.911
 3455.0  7049.840
 3460.0  7045.351
 3465.0  7041.998
 3470.0  7038.819
 3475.0  7035.866
 3480.0  7033.187
 3485.0  7030.834
 3490.0  7028.857
 3495.0  7027.307
 3500.0  7026.234
 3505.0  6850.161
 3510.0  6837.535
 3515.0  6825.593
 3520.0  6814.399
 3525.0  6804.016
 3530.0  6794.510
 3535.0  6785.948
 3540.0  6778.197
 3545.0  6771.016
 3550.0  6764.165
 3555.0  6757.406
 3560.0  6750.497
 3565.0  6743.201
 3570.0  6735.721
 3575.0  6728.338
 3580.0  6720.924
 3585.0  6713.352
 3590.0  6705.492
 3595.0  6697.218
 3600.0  6688.401
 3605.0  6678.977
 3610.0  6668.990
 3615.0  6658.471
 3620.0  6647.453
 3625.0  6635.967
 3630.0  6624.045
 3635.0  6611.718
