 2865.0  4862.874
 2870.0  4865.221
 2875.0  4868.021
 2880.0  4871.228
 2885.0  4874.793
 2890.0  4878.671
 2895.0  4882.813
 2900.0  4887.172
 2905.0  4892.081
 2910.0  4897.767
 2915.0  4904.024
 2920.0  4910.643
 2925.0  4917.418
 2930.0  4924.141
 2935.0  4930.606
 2940.0  4936.983
 2945.0  4943.515
 2950.0  4950.098
 2955.0  4956.632
 2960.0  4963.013
 2965.0  4969.139
 2970.0  4974.909
 2975.0  4980.913
 2980.0  4987.454
 2985.0  4994.000
 2990.0  5000.018
 2995.0  5004.977
 3000.0  5008.342
 3005.0  5009.583
 3010.0  5008.458
 3015.0  5005.558
 3020.0  5001.592
 3025.0  4997.271
 3030.0  4993.305
 3035.0  4990.404
 3040.0  4989.280
 3045.0  4990.962
 3050.0  4995.569
 3055.0  5002.443
 3060.0  5010.924
 3065.0  5020.354
 3070.0  5030.075
 3075.0  5039.427
 3080.0  5050.622
 3085.0  5065.096
 3090.0  5081.025
 3095.0  5096.587
 3100.0  5109.959
 3105.0  5119.319
 3110.0  5122.844
 3115.0  5122.151
 3120.0  5120.362
 3125.0  5117.916
 3130.0  5115.250
 3135.0  5112.804
 3140.0  5111.015
 3145.0  5110.321
 3150.0  5110.961
 3155.0  5112.733
 3160.0  5115.421
 3165.0  5118.807
 3170.0  5122.674
 3175.0  5126.804
 3180.0  5130.979
 3185.0  5136.668
 3190.0  5144.701
 3195.0  5153.904
 3200.0  5163.104
 3205.0  5171.128
 3210.0  5176.803
 3215.0  5178.955
 3220.0  5177.172
 3225.0  5172.572
 3230.0  5166.283
 3235.0  5159.431
 3240.0  5153.142
 3245.0  5148.543
 3250.0  5146.759
 3255.0  5147.303
 3260.0  5148.777
 3265.0  5150.944
 3270.0  5153.569
 3275.0  5156.413
 3280.0  5159.242
 3285.0  5161.817
 3290.0  5164.338
 3295.0  5167.085
 3300.0  5169.946
 3305.0  5172.809
 3310.0  5175.562
 3315.0  5178.094
 3320.0  5180.291
 3325.0  5182.377
 3330.0  5184.547
 3335.0  5186.656
 3340.0  5188.553
 3345.0  5190.092
 3350.0  5191.124
 3355.0  5191.500
 3360.0  5190.284
 3365.0  5187.145
 3370.0  5182.855
 3375.0  5178.179
 3380.0  5173.888
 3385.0  5170.750
 3390.0  5169.533
 3395.0  5170.123
 3400.0  5171.644
 3405.0  5173.723
 3410.0  5175.988
 3415.0  5178.067
 3420.0  5179.588
 3425.0  5180.177
 3430.0  5179.531
 3435.0  5177.806
 3440.0  5175.326
 3445.0  5172.412
 3450.0  5169.388
 3455.0  5166.574
 3460.0  5164.295
 3465.0  5162.421
 3470.0  5160.614
 3475.0  5158.880
 3480.0  5157.226
 3485.0  5155.657
 3490.0  5154.179
 3495.0  5152.800
 3500.0  5151.524
 3505.0  5049.263
 3510.0  5045.819
 3515.0  5042.238
 3520.0  5038.527
 3525.0  5034.694
 3530.0  5030.746
 3535.0  5026.472
 3540.0  5021.782
 3545.0  5016.868
 3550.0  5011.923
 3555.0  5007.140
 3560.0  5002.710
 3565.0  4998.826
 3570.0  4995.584
 3575.0  4992.810
 3580.0  4990.290
 3585.0  4987.813
 3590.0  4985.167
 3595.0  4982.137
 3600.0  4978.514
 3605.0  4974.098
 3610.0  4968.888
 3615.0  4962.965
 3620.0  4956.410
 3625.0  4949.301
 3630.0  4941.720
 3635.0  4933.748
