 2865.0  6516.452
 2870.0  6543.788
 2875.0  6569.701
 2880.0  6593.610
 2885.0  6614.935
 2890.0  6633.094
 2895.0  6647.508
 2900.0  6657.595
 2905.0  6664.368
 2910.0  6669.583
 2915.0  6673.777
 2920.0  6677.486
 2925.0  6681.247
 2930.0  6685.596
 2935.0  6691.068
 2940.0  6699.072
 2945.0  6709.717
 2950.0  6721.590
 2955.0  6733.281
 2960.0  6743.379
 2965.0  6750.473
 2970.0  6753.151
 2975.0  6751.476
 2980.0  6747.158
 2985.0  6741.252
 2990.0  6734.818
 2995.0  6728.912
 3000.0  6724.593
 3005.0  6722.919
 3010.0  6726.540
 3015.0  6736.048
 3020.0  6749.414
 3025.0  6764.606
 3030.0  6779.593
 3035.0  6792.344
 3040.0  6800.828
 3045.0  6805.850
 3050.0  6809.824
 3055.0  6813.136
 3060.0  6816.173
 3065.0  6819.318
 3070.0  6822.959
 3075.0  6827.479
 3080.0  6834.193
 3085.0  6843.320
 3090.0  6853.603
 3095.0  6863.787
 3100.0  6872.616
 3105.0  6878.834
 3110.0  6881.186
 3115.0  6880.470
 3120.0  6878.622
 3125.0  6876.094
 3130.0  6873.341
 3135.0  6870.814
 3140.0  6868.966
 3145.0  6868.249
 3150.0  6869.703
 3155.0  6873.558
 3160.0  6879.052
 3165.0  6885.423
 3170.0  6891.911
 3175.0  6897.754
 3180.0  6902.190
 3185.0  6905.788
 3190.0  6909.471
 3195.0  6913.010
 3200.0  6916.179
 3205.0  6918.749
 3210.0  6920.493
 3215.0  6921.183
 3220.0  6921.264
 3225.0  6921.333
 3230.0  6921.390
 3235.0  6921.435
 3240.0  6921.467
 3245.0  6921.487
 3250.0  6921.493
 3255.0  6920.914
 3260.0  6919.420
 3265.0  6917.378
 3270.0  6915.153
 3275.0  6913.110
 3280.0  6911.616
 3285.0  6911.037
 3290.0  6912.324
 3295.0  6915.643
 3300.0  6920.181
 3305.0  6925.126
 3310.0  6929.664
 3315.0  6932.983
 3320.0  6934.270
 3325.0  6933.267
 3330.0  6930.640
 3335.0  6926.963
 3340.0  6922.810
 3345.0  6918.755
 3350.0  6915.373
 3355.0  6913.237
 3360.0  6912.059
 3365.0  6911.118
 3370.0  6910.337
 3375.0  6909.642
 3380.0  6908.956
 3385.0  6908.203
 3390.0  6907.307
 3395.0  6906.363
 3400.0  6905.462
 3405.0  6904.527
 3410.0  6903.484
 3415.0  6902.255
 3420.0  6900.764
 3425.0  6898.935
 3430.0  6895.117
 3435.0  6888.475
 3440.0  6880.152
 3445.0  6871.290
 3450.0  6863.035
 3455.0  6856.527
 3460.0  6852.912
 3465.0  6851.198
 3470.0  6849.652
 3475.0  6848.311
 3480.0  6847.207
 3485.0  6846.376
 3490.0  6845.853
 3495.0  6845.670
 3500.0  6845.864
 3505.0  6640.968
 3510.0  6629.310
 3515.0  6617.986
 3520.0  6607.010
 3525.0  6596.399
 3530.0  6586.168
 3535.0  6576.426
 3540.0  6567.171
 3545.0  6558.254
 3550.0  6549.524
 3555.0  6540.830
 3560.0  6532.023
 3565.0  6522.951
 3570.0  6513.756
 3575.0  6504.618
 3580.0  6495.444
 3585.0  6486.141
 3590.0  6476.616
 3595.0  6466.777
 3600.0  6456.529
 3605.0  6445.858
 3610.0  6434.818
 3615.0  6423.423
 3620.0  6411.687
 3625.0  6399.625
 3630.0  6387.251
 3635.0  6374.579
