 2865.0  7100.649
 2870.0  7122.109
 2875.0  7142.450
 2880.0  7161.324
 2885.0  7178.387
 2890.0  7193.292
 2895.0  7205.694
 2900.0  7215.247
 2905.0  7222.472
 2910.0  7228.391
 2915.0  7233.404
 2920.0  7237.909
 2925.0  7242.306
 2930.0  7246.995
 2935.0  7252.375
 2940.0  7259.218
 2945.0  7267.436
 2950.0  7276.146
 2955.0  7284.461
 2960.0  7291.497
 2965.0  7296.367
 2970.0  7298.188
 2975.0  7296.774
 2980.0  7293.128
 2985.0  7288.143
 2990.0  7282.712
 2995.0  7277.727
 3000.0  7274.081
 3005.0  7272.668
 3010.0  7273.728
 3015.0  7276.670
 3020.0  7281.134
 3025.0  7286.762
 3030.0  7293.193
 3035.0  7300.069
 3040.0  7307.031
 3045.0  7315.779
 3050.0  7327.453
 3055.0  7340.853
 3060.0  7354.777
 3065.0  7368.025
 3070.0  7379.394
 3075.0  7387.684
 3080.0  7393.779
 3085.0  7399.345
 3090.0  7404.357
 3095.0  7408.790
 3100.0  7412.620
 3105.0  7415.820
 3110.0  7418.366
 3115.0  7420.302
 3120.0  7421.803
 3125.0  7423.037
 3130.0  7424.176
 3135.0  7425.388
 3140.0  7426.844
 3145.0  7428.713
 3150.0  7431.763
 3155.0  7436.198
 3160.0  7441.342
 3165.0  7446.519
 3170.0  7451.054
 3175.0  7454.270
 3180.0  7455.493
 3185.0  7455.063
 3190.0  7453.945
 3195.0  7452.395
 3200.0  7450.668
 3205.0  7449.020
 3210.0  7447.708
 3215.0  7446.987
 3220.0  7446.661
 3225.0  7446.367
 3230.0  7446.111
 3235.0  7445.900
 3240.0  7445.741
 3245.0  7445.640
 3250.0  7445.605
 3255.0  7446.052
 3260.0  7447.205
 3265.0  7448.781
 3270.0  7450.498
 3275.0  7452.074
 3280.0  7453.227
 3285.0  7453.674
 3290.0  7453.209
 3295.0  7451.970
 3300.0  7450.187
 3305.0  7448.092
 3310.0  7445.915
 3315.0  7443.888
 3320.0  7442.241
 3325.0  7440.930
 3330.0  7439.727
 3335.0  7438.591
 3340.0  7437.481
 3345.0  7436.354
 3350.0  7435.171
 3355.0  7433.888
 3360.0  7432.603
 3365.0  7431.379
 3370.0  7430.128
 3375.0  7428.762
 3380.0  7427.193
 3385.0  7425.333
 3390.0  7423.093
 3395.0  7419.110
 3400.0  7412.751
 3405.0  7405.025
 3410.0  7396.942
 3415.0  7389.508
 3420.0  7383.733
 3425.0  7380.626
 3430.0  7379.429
 3435.0  7378.612
 3440.0  7378.022
 3445.0  7377.509
 3450.0  7376.922
 3455.0  7376.110
 3460.0  7374.921
 3465.0  7372.651
 3470.0  7368.848
 3475.0  7363.738
 3480.0  7357.547
 3485.0  7350.502
 3490.0  7342.829
 3495.0  7334.754
 3500.0  7326.505
 3505.0  7086.878
 3510.0  7075.983
 3515.0  7064.945
 3520.0  7053.764
 3525.0  7042.445
 3530.0  7030.990
 3535.0  7019.083
 3540.0  7006.612
 3545.0  6993.885
 3550.0  6981.212
 3555.0  6968.900
 3560.0  6957.258
 3565.0  6946.596
 3570.0  6937.176
 3575.0  6928.759
 3580.0  6920.898
 3585.0  6913.147
 3590.0  6905.057
 3595.0  6896.181
 3600.0  6886.074
 3605.0  6874.567
 3610.0  6861.857
 3615.0  6848.038
 3620.0  6833.204
 3625.0  6817.450
 3630.0  6800.870
 3635.0  6783.560
