 2865.0  6161.173
 2870.0  6177.318
 2875.0  6193.454
 2880.0  6209.582
 2885.0  6225.702
 2890.0  6241.815
 2895.0  6257.918
 2900.0  6274.014
 2905.0  6290.865
 2910.0  6308.726
 2915.0  6326.834
 2920.0  6344.424
 2925.0  6360.734
 2930.0  6374.999
 2935.0  6386.458
 2940.0  6396.392
 2945.0  6406.242
 2950.0  6415.483
 2955.0  6423.587
 2960.0  6430.028
 2965.0  6434.279
 2970.0  6435.813
 2975.0  6432.112
 2980.0  6422.568
 2985.0  6409.518
 2990.0  6395.298
 2995.0  6382.248
 3000.0  6372.704
 3005.0  6369.003
 3010.0  6370.036
 3015.0  6372.902
 3020.0  6377.249
 3025.0  6382.724
 3030.0  6388.977
 3035.0  6395.656
 3040.0  6402.408
 3045.0  6410.635
 3050.0  6421.355
 3055.0  6433.644
 3060.0  6446.577
 3065.0  6459.232
 3070.0  6470.682
 3075.0  6480.005
 3080.0  6488.249
 3085.0  6496.718
 3090.0  6504.868
 3095.0  6512.154
 3100.0  6518.033
 3105.0  6521.959
 3110.0  6523.389
 3115.0  6521.785
 3120.0  6517.648
 3125.0  6511.992
 3130.0  6505.829
 3135.0  6500.173
 3140.0  6496.037
 3145.0  6494.433
 3150.0  6495.399
 3155.0  6498.013
 3160.0  6501.848
 3165.0  6506.476
 3170.0  6511.471
 3175.0  6516.404
 3180.0  6520.849
 3185.0  6525.039
 3190.0  6529.435
 3195.0  6533.954
 3200.0  6538.511
 3205.0  6543.023
 3210.0  6547.407
 3215.0  6551.577
 3220.0  6555.991
 3225.0  6560.879
 3230.0  6565.821
 3235.0  6570.398
 3240.0  6574.187
 3245.0  6576.769
 3250.0  6577.723
 3255.0  6576.850
 3260.0  6574.597
 3265.0  6571.518
 3270.0  6568.162
 3275.0  6565.083
 3280.0  6562.830
 3285.0  6561.957
 3290.0  6562.748
 3295.0  6564.788
 3300.0  6567.578
 3305.0  6570.618
 3310.0  6573.408
 3315.0  6575.448
 3320.0  6576.239
 3325.0  6575.679
 3330.0  6574.233
 3335.0  6572.256
 3340.0  6570.103
 3345.0  6568.126
 3350.0  6566.680
 3355.0  6566.120
 3360.0  6566.690
 3365.0  6568.159
 3370.0  6570.169
 3375.0  6572.358
 3380.0  6574.368
 3385.0  6575.837
 3390.0  6576.407
 3395.0  6575.391
 3400.0  6572.665
 3405.0  6568.713
 3410.0  6564.018
 3415.0  6559.064
 3420.0  6554.335
 3425.0  6550.315
 3430.0  6546.793
 3435.0  6543.268
 3440.0  6539.784
 3445.0  6536.387
 3450.0  6533.120
 3455.0  6530.030
 3460.0  6527.161
 3465.0  6524.464
 3470.0  6521.869
 3475.0  6519.383
 3480.0  6517.019
 3485.0  6514.786
 3490.0  6512.694
 3495.0  6510.753
 3500.0  6508.973
 3505.0  6387.035
 3510.0  6379.364
 3515.0  6371.522
 3520.0  6363.516
 3525.0  6355.350
 3530.0  6347.030
 3535.0  6338.102
 3540.0  6328.401
 3545.0  6318.367
 3550.0  6308.441
 3555.0  6299.062
 3560.0  6290.670
 3565.0  6283.705
 3570.0  6278.242
 3575.0  6273.777
 3580.0  6269.882
 3585.0  6266.130
 3590.0  6262.094
 3595.0  6257.347
 3600.0  6251.460
 3605.0  6243.957
 3610.0  6234.769
 3615.0  6224.082
 3620.0  6212.083
 3625.0  6198.956
 3630.0  6184.888
 3635.0  6170.065
