 2865.0  6496.000
 2870.0  6516.441
 2875.0  6535.988
 2880.0  6554.512
 2885.0  6571.887
 2890.0  6587.988
 2895.0  6602.686
 2900.0  6615.855
 2905.0  6627.660
 2910.0  6638.466
 2915.0  6648.446
 2920.0  6657.774
 2925.0  6666.621
 2930.0  6675.161
 2935.0  6683.567
 2940.0  6692.613
 2945.0  6702.430
 2950.0  6712.231
 2955.0  6721.226
 2960.0  6728.628
 2965.0  6733.647
 2970.0  6735.495
 2975.0  6732.035
 2980.0  6723.113
 2985.0  6710.912
 2990.0  6697.619
 2995.0  6685.419
 3000.0  6676.496
 3005.0  6673.036
 3010.0  6676.994
 3015.0  6687.434
 3020.0  6702.203
 3025.0  6719.152
 3030.0  6736.128
 3035.0  6750.979
 3040.0  6761.556
 3045.0  6768.873
 3050.0  6775.445
 3055.0  6781.367
 3060.0  6786.734
 3065.0  6791.641
 3070.0  6796.184
 3075.0  6800.457
 3080.0  6804.815
 3085.0  6809.343
 3090.0  6813.736
 3095.0  6817.687
 3100.0  6820.888
 3105.0  6823.034
 3110.0  6823.817
 3115.0  6823.287
 3120.0  6821.921
 3125.0  6820.052
 3130.0  6818.016
 3135.0  6816.148
 3140.0  6814.782
 3145.0  6814.252
 3150.0  6817.428
 3155.0  6825.699
 3160.0  6837.183
 3165.0  6849.995
 3170.0  6862.252
 3175.0  6872.069
 3180.0  6877.564
 3185.0  6880.121
 3190.0  6882.374
 3195.0  6884.313
 3200.0  6885.926
 3205.0  6887.202
 3210.0  6888.129
 3215.0  6888.695
 3220.0  6889.025
 3225.0  6889.268
 3230.0  6889.454
 3235.0  6889.612
 3240.0  6889.773
 3245.0  6889.965
 3250.0  6890.220
 3255.0  6890.613
 3260.0  6891.154
 3265.0  6891.766
 3270.0  6892.374
 3275.0  6892.902
 3280.0  6893.274
 3285.0  6893.415
 3290.0  6893.387
 3295.0  6893.308
 3300.0  6893.183
 3305.0  6893.017
 3310.0  6892.816
 3315.0  6892.586
 3320.0  6892.332
 3325.0  6891.983
 3330.0  6891.460
 3335.0  6890.759
 3340.0  6889.876
 3345.0  6888.805
 3350.0  6887.543
 3355.0  6886.085
 3360.0  6882.567
 3365.0  6876.001
 3370.0  6867.696
 3375.0  6858.959
 3380.0  6851.098
 3385.0  6845.423
 3390.0  6843.240
 3395.0  6843.513
 3400.0  6844.217
 3405.0  6845.179
 3410.0  6846.228
 3415.0  6847.190
 3420.0  6847.894
 3425.0  6848.167
 3430.0  6846.152
 3435.0  6840.924
 3440.0  6833.712
 3445.0  6825.742
 3450.0  6818.241
 3455.0  6812.437
 3460.0  6809.557
 3465.0  6808.600
 3470.0  6807.756
 3475.0  6807.038
 3480.0  6806.458
 3485.0  6806.028
 3490.0  6805.761
 3495.0  6805.669
 3500.0  6805.765
 3505.0  6621.674
 3510.0  6611.812
 3515.0  6601.821
 3520.0  6591.702
 3525.0  6581.459
 3530.0  6571.094
 3535.0  6560.311
 3540.0  6549.005
 3545.0  6537.466
 3550.0  6525.983
 3555.0  6514.845
 3560.0  6504.342
 3565.0  6494.763
 3570.0  6486.238
 3575.0  6478.499
 3580.0  6471.242
 3585.0  6464.160
 3590.0  6456.951
 3595.0  6449.309
 3600.0  6440.928
 3605.0  6431.828
 3610.0  6422.244
 3615.0  6412.203
 3620.0  6401.730
 3625.0  6390.850
 3630.0  6379.587
 3635.0  6367.968
