 2865.0  6648.781
 2870.0  6672.325
 2875.0  6695.052
 2880.0  6716.890
 2885.0  6737.768
 2890.0  6757.614
 2895.0  6776.358
 2900.0  6793.927
 2905.0  6810.735
 2910.0  6827.092
 2915.0  6842.777
 2920.0  6857.568
 2925.0  6871.241
 2930.0  6883.574
 2935.0  6894.346
 2940.0  6904.570
 2945.0  6914.980
 2950.0  6924.936
 2955.0  6933.795
 2960.0  6940.918
 2965.0  6945.662
 2970.0  6947.385
 2975.0  6944.345
 2980.0  6936.504
 2985.0  6925.782
 2990.0  6914.100
 2995.0  6903.379
 3000.0  6895.537
 3005.0  6892.497
 3010.0  6893.983
 3015.0  6898.020
 3020.0  6903.981
 3025.0  6911.236
 3030.0  6919.157
 3035.0  6927.113
 3040.0  6934.478
 3045.0  6941.653
 3050.0  6949.361
 3055.0  6957.448
 3060.0  6965.762
 3065.0  6974.150
 3070.0  6982.458
 3075.0  6990.535
 3080.0  6999.375
 3085.0  7009.447
 3090.0  7019.806
 3095.0  7029.508
 3100.0  7037.608
 3105.0  7043.160
 3110.0  7045.221
 3115.0  7043.360
 3120.0  7038.562
 3125.0  7032.001
 3130.0  7024.852
 3135.0  7018.291
 3140.0  7013.493
 3145.0  7011.632
 3150.0  7012.660
 3155.0  7015.463
 3160.0  7019.622
 3165.0  7024.719
 3170.0  7030.334
 3175.0  7036.048
 3180.0  7041.441
 3185.0  7047.377
 3190.0  7054.555
 3195.0  7062.309
 3200.0  7069.975
 3205.0  7076.888
 3210.0  7082.384
 3215.0  7085.796
 3220.0  7087.815
 3225.0  7089.578
 3230.0  7091.093
 3235.0  7092.370
 3240.0  7093.418
 3245.0  7094.244
 3250.0  7094.857
 3255.0  7095.284
 3260.0  7095.582
 3265.0  7095.807
 3270.0  7096.014
 3275.0  7096.258
 3280.0  7096.595
 3285.0  7097.081
 3290.0  7098.748
 3295.0  7102.119
 3300.0  7106.478
 3305.0  7111.111
 3310.0  7115.306
 3315.0  7118.346
 3320.0  7119.518
 3325.0  7118.959
 3330.0  7117.486
 3335.0  7115.404
 3340.0  7113.017
 3345.0  7110.632
 3350.0  7108.552
 3355.0  7107.084
 3360.0  7106.156
 3365.0  7105.436
 3370.0  7104.834
 3375.0  7104.258
 3380.0  7103.618
 3385.0  7102.825
 3390.0  7101.786
 3395.0  7100.248
 3400.0  7098.092
 3405.0  7095.439
 3410.0  7092.410
 3415.0  7089.124
 3420.0  7085.700
 3425.0  7082.260
 3430.0  7078.378
 3435.0  7073.774
 3440.0  7068.779
 3445.0  7063.730
 3450.0  7058.959
 3455.0  7054.800
 3460.0  7051.588
 3465.0  7049.006
 3470.0  7046.557
 3475.0  7044.302
 3480.0  7042.303
 3485.0  7040.620
 3490.0  7039.316
 3495.0  7038.452
 3500.0  7038.088
 3505.0  6855.310
 3510.0  6847.026
 3515.0  6838.263
 3520.0  6829.058
 3525.0  6819.447
 3530.0  6809.467
 3535.0  6798.253
 3540.0  6785.429
 3545.0  6771.762
 3550.0  6758.020
 3555.0  6744.971
 3560.0  6733.382
 3565.0  6724.023
 3570.0  6716.854
 3575.0  6710.973
 3580.0  6705.853
 3585.0  6700.969
 3590.0  6695.793
 3595.0  6689.799
 3600.0  6682.459
 3605.0  6673.389
 3610.0  6662.668
 3615.0  6650.463
 3620.0  6636.942
 3625.0  6622.274
 3630.0  6606.628
 3635.0  6590.169
