 2865.0  3512.581
 2870.0  3519.491
 2875.0  3526.515
 2880.0  3533.649
 2885.0  3540.892
 2890.0  3548.241
 2895.0  3555.693
 2900.0  3563.247
 2905.0  3571.493
 2910.0  3580.635
 2915.0  3590.087
 2920.0  3599.265
 2925.0  3607.583
 2930.0  3614.457
 2935.0  3619.300
 2940.0  3622.640
 2945.0  3625.465
 2950.0  3627.887
 2955.0  3630.015
 2960.0  3631.961
 2965.0  3633.836
 2970.0  3635.750
 2975.0  3637.534
 2980.0  3639.044
 2985.0  3640.426
 2990.0  3641.828
 2995.0  3643.397
 3000.0  3645.281
 3005.0  3647.626
 3010.0  3651.267
 3015.0  3656.563
 3020.0  3662.955
 3025.0  3669.882
 3030.0  3676.784
 3035.0  3683.101
 3040.0  3688.273
 3045.0  3692.339
 3050.0  3695.862
 3055.0  3699.066
 3060.0  3702.176
 3065.0  3705.416
 3070.0  3709.009
 3075.0  3713.180
 3080.0  3718.901
 3085.0  3726.364
 3090.0  3734.632
 3095.0  3742.763
 3100.0  3749.819
 3105.0  3754.860
 3110.0  3756.947
 3115.0  3757.187
 3120.0  3757.340
 3125.0  3757.439
 3130.0  3757.520
 3135.0  3757.619
 3140.0  3757.770
 3145.0  3758.009
 3150.0  3759.609
 3155.0  3763.373
 3160.0  3768.624
 3165.0  3774.687
 3170.0  3780.886
 3175.0  3786.545
 3180.0  3790.990
 3185.0  3794.779
 3190.0  3798.739
 3195.0  3802.595
 3200.0  3806.073
 3205.0  3808.898
 3210.0  3810.794
 3215.0  3811.487
 3220.0  3810.795
 3225.0  3809.010
 3230.0  3806.569
 3235.0  3803.909
 3240.0  3801.468
 3245.0  3799.683
 3250.0  3798.990
 3255.0  3800.632
 3260.0  3804.918
 3265.0  3810.888
 3270.0  3817.582
 3275.0  3824.041
 3280.0  3829.303
 3285.0  3832.411
 3290.0  3833.917
 3295.0  3835.089
 3300.0  3836.034
 3305.0  3836.859
 3310.0  3837.674
 3315.0  3838.584
 3320.0  3839.699
 3325.0  3841.229
 3330.0  3843.159
 3335.0  3845.257
 3340.0  3847.293
 3345.0  3849.033
 3350.0  3850.247
 3355.0  3850.703
 3360.0  3850.554
 3365.0  3850.168
 3370.0  3849.640
 3375.0  3849.065
 3380.0  3848.537
 3385.0  3848.151
 3390.0  3848.001
 3395.0  3848.400
 3400.0  3849.429
 3405.0  3850.835
 3410.0  3852.368
 3415.0  3853.775
 3420.0  3854.803
 3425.0  3855.202
 3430.0  3855.040
 3435.0  3854.596
 3440.0  3853.940
 3445.0  3853.138
 3450.0  3852.258
 3455.0  3851.368
 3460.0  3850.535
 3465.0  3849.726
 3470.0  3848.866
 3475.0  3847.959
 3480.0  3847.006
 3485.0  3846.012
 3490.0  3844.979
 3495.0  3843.909
 3500.0  3842.807
 3505.0  3805.311
 3510.0  3802.372
 3515.0  3799.743
 3520.0  3797.491
 3525.0  3795.684
 3530.0  3794.389
 3535.0  3793.529
 3540.0  3792.915
 3545.0  3792.443
 3550.0  3792.011
 3555.0  3791.515
 3560.0  3790.852
 3565.0  3789.919
 3570.0  3788.000
 3575.0  3784.715
 3580.0  3780.461
 3585.0  3775.639
 3590.0  3770.647
 3595.0  3765.884
 3600.0  3761.749
 3605.0  3758.099
 3610.0  3754.526
 3615.0  3751.034
 3620.0  3747.624
 3625.0  3744.301
 3630.0  3741.069
 3635.0  3737.929
