 2865.0  6862.463
 2870.0  6884.214
 2875.0  6905.188
 2880.0  6925.316
 2885.0  6944.525
 2890.0  6962.746
 2895.0  6979.907
 2900.0  6995.937
 2905.0  7012.313
 2910.0  7029.698
 2915.0  7046.807
 2920.0  7062.354
 2925.0  7075.052
 2930.0  7083.614
 2935.0  7086.754
 2940.0  7086.640
 2945.0  7086.346
 2950.0  7085.944
 2955.0  7085.506
 2960.0  7085.104
 2965.0  7084.810
 2970.0  7084.696
 2975.0  7085.058
 2980.0  7086.057
 2985.0  7087.565
 2990.0  7089.455
 2995.0  7091.596
 3000.0  7093.863
 3005.0  7096.125
 3010.0  7098.455
 3015.0  7101.054
 3020.0  7103.986
 3025.0  7107.314
 3030.0  7111.100
 3035.0  7115.410
 3040.0  7120.305
 3045.0  7127.048
 3050.0  7136.348
 3055.0  7147.440
 3060.0  7159.561
 3065.0  7171.946
 3070.0  7183.831
 3075.0  7194.453
 3080.0  7204.785
 3085.0  7215.841
 3090.0  7226.924
 3095.0  7237.331
 3100.0  7246.362
 3105.0  7253.317
 3110.0  7257.497
 3115.0  7259.688
 3120.0  7261.289
 3125.0  7262.513
 3130.0  7263.576
 3135.0  7264.690
 3140.0  7266.070
 3145.0  7267.930
 3150.0  7270.675
 3155.0  7274.358
 3160.0  7278.668
 3165.0  7283.290
 3170.0  7287.912
 3175.0  7292.221
 3180.0  7295.905
 3185.0  7299.375
 3190.0  7303.069
 3195.0  7306.712
 3200.0  7310.026
 3205.0  7312.735
 3210.0  7314.564
 3215.0  7315.234
 3220.0  7315.081
 3225.0  7314.685
 3230.0  7314.144
 3235.0  7313.554
 3240.0  7313.013
 3245.0  7312.617
 3250.0  7312.463
 3255.0  7313.131
 3260.0  7314.854
 3265.0  7317.210
 3270.0  7319.777
 3275.0  7322.133
 3280.0  7323.856
 3285.0  7324.524
 3290.0  7324.440
 3295.0  7324.199
 3300.0  7323.815
 3305.0  7323.303
 3310.0  7322.679
 3315.0  7321.957
 3320.0  7321.152
 3325.0  7319.428
 3330.0  7316.292
 3335.0  7312.272
 3340.0  7307.898
 3345.0  7303.700
 3350.0  7300.207
 3355.0  7297.948
 3360.0  7296.615
 3365.0  7295.506
 3370.0  7294.567
 3375.0  7293.739
 3380.0  7292.968
 3385.0  7292.196
 3390.0  7291.368
 3395.0  7290.562
 3400.0  7289.855
 3405.0  7289.184
 3410.0  7288.488
 3415.0  7287.705
 3420.0  7286.773
 3425.0  7285.629
 3430.0  7283.996
 3435.0  7281.732
 3440.0  7278.979
 3445.0  7275.880
 3450.0  7272.576
 3455.0  7269.210
 3460.0  7265.925
 3465.0  7262.648
 3470.0  7259.217
 3475.0  7255.640
 3480.0  7251.924
 3485.0  7248.077
 3490.0  7244.105
 3495.0  7240.017
 3500.0  7235.819
 3505.0  6998.840
 3510.0  6986.370
 3515.0  6974.306
 3520.0  6962.670
 3525.0  6951.482
 3530.0  6940.766
 3535.0  6930.503
 3540.0  6920.633
 3545.0  6911.118
 3550.0  6901.918
 3555.0  6892.993
 3560.0  6884.304
 3565.0  6875.811
 3570.0  6867.867
 3575.0  6860.609
 3580.0  6853.677
 3585.0  6846.712
 3590.0  6839.352
 3595.0  6831.239
 3600.0  6822.011
 3605.0  6811.422
 3610.0  6799.537
 3615.0  6786.467
 3620.0  6772.322
 3625.0  6757.212
 3630.0  6741.247
 3635.0  6724.539
