 2865.0  7290.901
 2870.0  7316.637
 2875.0  7341.027
 2880.0  7363.610
 2885.0  7383.930
 2890.0  7401.526
 2895.0  7415.941
 2900.0  7426.716
 2905.0  7434.632
 2910.0  7441.071
 2915.0  7446.474
 2920.0  7451.283
 2925.0  7455.939
 2930.0  7460.885
 2935.0  7466.562
 2940.0  7473.740
 2945.0  7482.291
 2950.0  7491.313
 2955.0  7499.903
 2960.0  7507.156
 2965.0  7512.171
 2970.0  7514.043
 2975.0  7510.665
 2980.0  7501.954
 2985.0  7490.044
 2990.0  7477.067
 2995.0  7465.156
 3000.0  7456.445
 3005.0  7453.068
 3010.0  7455.814
 3015.0  7462.898
 3020.0  7472.584
 3025.0  7483.137
 3030.0  7492.823
 3035.0  7499.906
 3040.0  7502.653
 3045.0  7502.462
 3050.0  7501.968
 3055.0  7501.293
 3060.0  7500.558
 3065.0  7499.883
 3070.0  7499.389
 3075.0  7499.198
 3080.0  7501.263
 3085.0  7506.589
 3090.0  7513.871
 3095.0  7521.806
 3100.0  7529.088
 3105.0  7534.414
 3110.0  7536.479
 3115.0  7536.051
 3120.0  7534.946
 3125.0  7533.436
 3130.0  7531.791
 3135.0  7530.281
 3140.0  7529.177
 3145.0  7528.748
 3150.0  7530.056
 3155.0  7533.427
 3160.0  7538.037
 3165.0  7543.060
 3170.0  7547.670
 3175.0  7551.041
 3180.0  7552.348
 3185.0  7550.843
 3190.0  7546.963
 3195.0  7541.657
 3200.0  7535.875
 3205.0  7530.569
 3210.0  7526.688
 3215.0  7525.183
 3220.0  7526.905
 3225.0  7531.346
 3230.0  7537.418
 3235.0  7544.033
 3240.0  7550.105
 3245.0  7554.546
 3250.0  7556.268
 3255.0  7555.436
 3260.0  7553.167
 3265.0  7549.796
 3270.0  7545.662
 3275.0  7541.101
 3280.0  7536.450
 3285.0  7532.046
 3290.0  7527.489
 3295.0  7522.310
 3300.0  7516.746
 3305.0  7511.034
 3310.0  7505.410
 3315.0  7500.113
 3320.0  7495.378
 3325.0  7490.908
 3330.0  7486.372
 3335.0  7481.952
 3340.0  7477.830
 3345.0  7474.190
 3350.0  7471.215
 3355.0  7469.086
 3360.0  7467.698
 3365.0  7466.709
 3370.0  7465.947
 3375.0  7465.238
 3380.0  7464.412
 3385.0  7463.297
 3390.0  7461.719
 3395.0  7457.793
 3400.0  7450.516
 3405.0  7441.043
 3410.0  7430.531
 3415.0  7420.134
 3420.0  7411.009
 3425.0  7404.311
 3430.0  7399.732
 3435.0  7395.979
 3440.0  7392.732
 3445.0  7389.672
 3450.0  7386.479
 3455.0  7382.833
 3460.0  7378.415
 3465.0  7373.089
 3470.0  7366.984
 3475.0  7360.172
 3480.0  7352.724
 3485.0  7344.713
 3490.0  7336.211
 3495.0  7327.291
 3500.0  7318.025
 3505.0  7057.247
 3510.0  7048.466
 3515.0  7039.347
 3520.0  7029.906
 3525.0  7020.162
 3530.0  7010.133
 3535.0  6999.549
 3540.0  6988.277
 3545.0  6976.538
 3550.0  6964.555
 3555.0  6952.548
 3560.0  6940.739
 3565.0  6929.350
 3570.0  6918.447
 3575.0  6907.854
 3580.0  6897.424
 3585.0  6887.012
 3590.0  6876.474
 3595.0  6865.664
 3600.0  6854.437
 3605.0  6842.816
 3610.0  6830.927
 3615.0  6818.776
 3620.0  6806.371
 3625.0  6793.720
 3630.0  6780.831
 3635.0  6767.711
