 2865.0  6563.349
 2870.0  6590.514
 2875.0  6616.274
 2880.0  6640.240
 2885.0  6662.025
 2890.0  6681.238
 2895.0  6697.491
 2900.0  6710.397
 2905.0  6720.902
 2910.0  6730.272
 2915.0  6738.596
 2920.0  6745.963
 2925.0  6752.461
 2930.0  6758.180
 2935.0  6763.208
 2940.0  6767.886
 2945.0  6772.394
 2950.0  6776.584
 2955.0  6780.307
 2960.0  6783.416
 2965.0  6785.761
 2970.0  6787.194
 2975.0  6787.959
 2980.0  6788.471
 2985.0  6788.835
 2990.0  6789.159
 2995.0  6789.548
 3000.0  6790.109
 3005.0  6790.949
 3010.0  6794.880
 3015.0  6803.490
 3020.0  6815.048
 3025.0  6827.823
 3030.0  6840.082
 3035.0  6850.095
 3040.0  6856.131
 3045.0  6859.251
 3050.0  6861.780
 3055.0  6863.874
 3060.0  6865.691
 3065.0  6867.388
 3070.0  6869.122
 3075.0  6871.052
 3080.0  6873.104
 3085.0  6875.115
 3090.0  6877.105
 3095.0  6879.094
 3100.0  6881.102
 3105.0  6883.149
 3110.0  6885.254
 3115.0  6887.331
 3120.0  6889.333
 3125.0  6891.344
 3130.0  6893.445
 3135.0  6895.720
 3140.0  6898.250
 3145.0  6901.118
 3150.0  6904.685
 3155.0  6909.079
 3160.0  6914.036
 3165.0  6919.295
 3170.0  6924.591
 3175.0  6929.661
 3180.0  6934.241
 3185.0  6938.856
 3190.0  6943.924
 3195.0  6949.020
 3200.0  6953.721
 3205.0  6957.603
 3210.0  6960.243
 3215.0  6961.217
 3220.0  6959.942
 3225.0  6956.653
 3230.0  6952.155
 3235.0  6947.255
 3240.0  6942.757
 3245.0  6939.468
 3250.0  6938.193
 3255.0  6939.376
 3260.0  6942.464
 3265.0  6946.766
 3270.0  6951.588
 3275.0  6956.239
 3280.0  6960.027
 3285.0  6962.260
 3290.0  6963.448
 3295.0  6964.542
 3300.0  6965.510
 3305.0  6966.320
 3310.0  6966.938
 3315.0  6967.333
 3320.0  6967.472
 3325.0  6965.953
 3330.0  6961.931
 3335.0  6956.205
 3340.0  6949.577
 3345.0  6942.847
 3350.0  6936.817
 3355.0  6932.286
 3360.0  6928.830
 3365.0  6925.531
 3370.0  6922.445
 3375.0  6919.629
 3380.0  6917.141
 3385.0  6915.037
 3390.0  6913.376
 3395.0  6912.153
 3400.0  6911.238
 3405.0  6910.498
 3410.0  6909.800
 3415.0  6909.011
 3420.0  6907.997
 3425.0  6906.627
 3430.0  6903.975
 3435.0  6899.627
 3440.0  6894.214
 3445.0  6888.367
 3450.0  6882.716
 3455.0  6877.892
 3460.0  6874.526
 3465.0  6872.126
 3470.0  6869.835
 3475.0  6867.738
 3480.0  6865.919
 3485.0  6864.463
 3490.0  6863.455
 3495.0  6862.979
 3500.0  6863.121
 3505.0  6675.118
 3510.0  6664.148
 3515.0  6653.215
 3520.0  6642.321
 3525.0  6631.464
 3530.0  6620.647
 3535.0  6609.764
 3540.0  6598.780
 3545.0  6587.800
 3550.0  6576.925
 3555.0  6566.261
 3560.0  6555.910
 3565.0  6545.977
 3570.0  6536.543
 3575.0  6527.529
 3580.0  6518.794
 3585.0  6510.197
 3590.0  6501.599
 3595.0  6492.858
 3600.0  6483.835
 3605.0  6474.571
 3610.0  6465.201
 3615.0  6455.728
 3620.0  6446.153
 3625.0  6436.478
 3630.0  6426.704
 3635.0  6416.834
