 2865.0  6792.108
 2870.0  6820.705
 2875.0  6847.807
 2880.0  6872.931
 2885.0  6895.595
 2890.0  6915.315
 2895.0  6931.610
 2900.0  6943.995
 2905.0  6953.700
 2910.0  6962.311
 2915.0  6969.890
 2920.0  6976.497
 2925.0  6982.192
 2930.0  6987.036
 2935.0  6991.088
 2940.0  6994.771
 2945.0  6998.352
 2950.0  7001.661
 2955.0  7004.530
 2960.0  7006.789
 2965.0  7008.268
 2970.0  7008.799
 2975.0  7008.542
 2980.0  7007.880
 2985.0  7006.974
 2990.0  7005.987
 2995.0  7005.082
 3000.0  7004.419
 3005.0  7004.162
 3010.0  7006.577
 3015.0  7012.998
 3020.0  7022.193
 3025.0  7032.929
 3030.0  7043.974
 3035.0  7054.094
 3040.0  7062.057
 3045.0  7068.214
 3050.0  7073.837
 3055.0  7079.079
 3060.0  7084.092
 3065.0  7089.030
 3070.0  7094.043
 3075.0  7099.285
 3080.0  7105.390
 3085.0  7112.433
 3090.0  7119.731
 3095.0  7126.599
 3100.0  7132.352
 3105.0  7136.306
 3110.0  7137.776
 3115.0  7135.992
 3120.0  7131.388
 3125.0  7125.094
 3130.0  7118.236
 3135.0  7111.942
 3140.0  7107.339
 3145.0  7105.554
 3150.0  7107.991
 3155.0  7114.417
 3160.0  7123.508
 3165.0  7133.936
 3170.0  7144.378
 3175.0  7153.506
 3180.0  7159.995
 3185.0  7164.312
 3190.0  7167.954
 3195.0  7171.142
 3200.0  7174.097
 3205.0  7177.039
 3210.0  7180.189
 3215.0  7183.766
 3220.0  7188.344
 3225.0  7193.931
 3230.0  7199.904
 3235.0  7205.637
 3240.0  7210.506
 3245.0  7213.885
 3250.0  7215.150
 3255.0  7213.419
 3260.0  7208.954
 3265.0  7202.848
 3270.0  7196.196
 3275.0  7190.091
 3280.0  7185.626
 3285.0  7183.894
 3290.0  7184.865
 3295.0  7187.369
 3300.0  7190.793
 3305.0  7194.524
 3310.0  7197.948
 3315.0  7200.452
 3320.0  7201.422
 3325.0  7200.630
 3330.0  7198.578
 3335.0  7195.754
 3340.0  7192.647
 3345.0  7189.745
 3350.0  7187.536
 3355.0  7186.508
 3360.0  7186.283
 3365.0  7186.137
 3370.0  7186.039
 3375.0  7185.955
 3380.0  7185.856
 3385.0  7185.707
 3390.0  7185.479
 3395.0  7184.439
 3400.0  7182.145
 3405.0  7178.996
 3410.0  7175.391
 3415.0  7171.728
 3420.0  7168.408
 3425.0  7165.829
 3430.0  7163.967
 3435.0  7162.430
 3440.0  7161.067
 3445.0  7159.725
 3450.0  7158.252
 3455.0  7156.495
 3460.0  7154.303
 3465.0  7151.401
 3470.0  7147.681
 3475.0  7143.241
 3480.0  7138.178
 3485.0  7132.590
 3490.0  7126.575
 3495.0  7120.229
 3500.0  7113.651
 3505.0  6885.634
 3510.0  6863.293
 3515.0  6842.278
 3520.0  6822.727
 3525.0  6804.781
 3530.0  6788.577
 3535.0  6773.518
 3540.0  6759.066
 3545.0  6745.447
 3550.0  6732.889
 3555.0  6721.618
 3560.0  6711.861
 3565.0  6703.846
 3570.0  6697.572
 3575.0  6692.554
 3580.0  6688.296
 3585.0  6684.299
 3590.0  6680.066
 3595.0  6675.100
 3600.0  6668.903
 3605.0  6661.104
 3610.0  6651.773
 3615.0  6641.070
 3620.0  6629.156
 3625.0  6616.192
 3630.0  6602.339
 3635.0  6587.757
