 2865.0  6477.916
 2870.0  6507.865
 2875.0  6536.252
 2880.0  6562.593
 2885.0  6586.406
 2890.0  6607.207
 2895.0  6624.514
 2900.0  6637.843
 2905.0  6648.185
 2910.0  6657.050
 2915.0  6664.735
 2920.0  6671.539
 2925.0  6677.761
 2930.0  6683.698
 2935.0  6689.648
 2940.0  6696.085
 2945.0  6702.940
 2950.0  6709.701
 2955.0  6715.853
 2960.0  6720.884
 2965.0  6724.279
 2970.0  6725.524
 2975.0  6724.543
 2980.0  6722.014
 2985.0  6718.555
 2990.0  6714.786
 2995.0  6711.327
 3000.0  6708.797
 3005.0  6707.816
 3010.0  6712.130
 3015.0  6723.254
 3020.0  6738.465
 3025.0  6755.038
 3030.0  6770.249
 3035.0  6781.373
 3040.0  6785.687
 3045.0  6785.542
 3050.0  6785.168
 3055.0  6784.658
 3060.0  6784.101
 3065.0  6783.590
 3070.0  6783.217
 3075.0  6783.072
 3080.0  6788.255
 3085.0  6801.622
 3090.0  6819.899
 3095.0  6839.812
 3100.0  6858.089
 3105.0  6871.456
 3110.0  6876.639
 3115.0  6874.854
 3120.0  6870.250
 3125.0  6863.955
 3130.0  6857.096
 3135.0  6850.802
 3140.0  6846.198
 3145.0  6844.413
 3150.0  6845.990
 3155.0  6850.203
 3160.0  6856.276
 3165.0  6863.432
 3170.0  6870.896
 3175.0  6877.890
 3180.0  6883.637
 3185.0  6888.847
 3190.0  6894.461
 3195.0  6900.055
 3200.0  6905.204
 3205.0  6909.484
 3210.0  6912.470
 3215.0  6913.737
 3220.0  6913.985
 3225.0  6914.199
 3230.0  6914.375
 3235.0  6914.515
 3240.0  6914.616
 3245.0  6914.677
 3250.0  6914.697
 3255.0  6914.666
 3260.0  6914.586
 3265.0  6914.476
 3270.0  6914.356
 3275.0  6914.245
 3280.0  6914.165
 3285.0  6914.134
 3290.0  6915.395
 3295.0  6918.648
 3300.0  6923.097
 3305.0  6927.943
 3310.0  6932.391
 3315.0  6935.644
 3320.0  6936.906
 3325.0  6936.312
 3330.0  6934.686
 3335.0  6932.258
 3340.0  6929.259
 3345.0  6925.922
 3350.0  6922.477
 3355.0  6919.156
 3360.0  6915.395
 3365.0  6910.758
 3370.0  6905.669
 3375.0  6900.552
 3380.0  6895.828
 3385.0  6891.922
 3390.0  6889.257
 3395.0  6887.624
 3400.0  6886.418
 3405.0  6885.463
 3410.0  6884.586
 3415.0  6883.613
 3420.0  6882.370
 3425.0  6880.683
 3430.0  6877.329
 3435.0  6871.838
 3440.0  6865.163
 3445.0  6858.257
 3450.0  6852.073
 3455.0  6847.565
 3460.0  6845.685
 3465.0  6845.453
 3470.0  6845.255
 3475.0  6845.091
 3480.0  6844.963
 3485.0  6844.870
 3490.0  6844.814
 3495.0  6844.795
 3500.0  6844.814
 3505.0  6664.006
 3510.0  6652.156
 3515.0  6640.655
 3520.0  6629.518
 3525.0  6618.762
 3530.0  6608.404
 3535.0  6598.524
 3540.0  6589.108
 3545.0  6580.032
 3550.0  6571.171
 3555.0  6562.401
 3560.0  6553.597
 3565.0  6544.634
 3570.0  6535.704
 3575.0  6526.982
 3580.0  6518.318
 3585.0  6509.561
 3590.0  6500.560
 3595.0  6491.166
 3600.0  6481.227
 3605.0  6470.718
 3610.0  6459.730
 3615.0  6448.285
 3620.0  6436.405
 3625.0  6424.115
 3630.0  6411.435
 3635.0  6398.389
