 2865.0  4814.830
 2870.0  4827.482
 2875.0  4839.499
 2880.0  4850.741
 2885.0  4861.066
 2890.0  4870.331
 2895.0  4878.394
 2900.0  4885.114
 2905.0  4890.571
 2910.0  4895.138
 2915.0  4899.113
 2920.0  4902.795
 2925.0  4906.484
 2930.0  4910.476
 2935.0  4915.071
 2940.0  4920.964
 2945.0  4928.147
 2950.0  4935.868
 2955.0  4943.374
 2960.0  4949.914
 2965.0  4954.733
 2970.0  4957.079
 2975.0  4957.783
 2980.0  4958.242
 2985.0  4958.555
 2990.0  4958.821
 2995.0  4959.137
 3000.0  4959.604
 3005.0  4960.319
 3010.0  4963.800
 3015.0  4971.395
 3020.0  4981.453
 3025.0  4992.318
 3030.0  5002.338
 3035.0  5009.859
 3040.0  5013.227
 3045.0  5013.831
 3050.0  5014.219
 3055.0  5014.478
 3060.0  5014.694
 3065.0  5014.954
 3070.0  5015.345
 3075.0  5015.955
 3080.0  5020.048
 3085.0  5029.400
 3090.0  5041.865
 3095.0  5055.297
 3100.0  5067.549
 3105.0  5076.474
 3110.0  5079.926
 3115.0  5079.539
 3120.0  5078.541
 3125.0  5077.175
 3130.0  5075.688
 3135.0  5074.323
 3140.0  5073.324
 3145.0  5072.937
 3150.0  5075.655
 3155.0  5082.731
 3160.0  5092.547
 3165.0  5103.486
 3170.0  5113.929
 3175.0  5122.260
 3180.0  5126.861
 3185.0  5128.971
 3190.0  5130.879
 3195.0  5132.541
 3200.0  5133.911
 3205.0  5134.945
 3210.0  5135.599
 3215.0  5135.826
 3220.0  5133.360
 3225.0  5126.999
 3230.0  5118.301
 3235.0  5108.824
 3240.0  5100.127
 3245.0  5093.766
 3250.0  5091.299
 3255.0  5094.464
 3260.0  5102.624
 3265.0  5113.783
 3270.0  5125.941
 3275.0  5137.100
 3280.0  5145.261
 3285.0  5148.425
 3290.0  5147.968
 3295.0  5146.790
 3300.0  5145.179
 3305.0  5143.423
 3310.0  5141.812
 3315.0  5140.634
 3320.0  5140.177
 3325.0  5140.538
 3330.0  5141.468
 3335.0  5142.741
 3340.0  5144.127
 3345.0  5145.400
 3350.0  5146.331
 3355.0  5146.691
 3360.0  5145.913
 3365.0  5143.906
 3370.0  5141.161
 3375.0  5138.170
 3380.0  5135.425
 3385.0  5133.418
 3390.0  5132.640
 3395.0  5133.795
 3400.0  5136.773
 3405.0  5140.846
 3410.0  5145.283
 3415.0  5149.356
 3420.0  5152.334
 3425.0  5153.489
 3430.0  5152.264
 3435.0  5149.067
 3440.0  5144.611
 3445.0  5139.612
 3450.0  5134.785
 3455.0  5130.843
 3460.0  5128.502
 3465.0  5127.237
 3470.0  5126.068
 3475.0  5125.033
 3480.0  5124.165
 3485.0  5123.501
 3490.0  5123.077
 3495.0  5122.928
 3500.0  5123.089
 3505.0  5018.301
 3510.0  5014.350
 3515.0  5010.605
 3520.0  5007.084
 3525.0  5003.806
 3530.0  5000.790
 3535.0  4998.142
 3540.0  4995.852
 3545.0  4993.763
 3550.0  4991.722
 3555.0  4989.571
 3560.0  4987.156
 3565.0  4984.320
 3570.0  4980.986
 3575.0  4977.199
 3580.0  4972.992
 3585.0  4968.396
 3590.0  4963.444
 3595.0  4958.168
 3600.0  4952.599
 3605.0  4946.559
 3610.0  4939.884
 3615.0  4932.623
 3620.0  4924.826
 3625.0  4916.543
 3630.0  4907.825
 3635.0  4898.722
