 2865.0  6337.098
 2870.0  6360.056
 2875.0  6381.830
 2880.0  6402.100
 2885.0  6420.547
 2890.0  6436.852
 2895.0  6450.696
 2900.0  6461.758
 2905.0  6470.673
 2910.0  6478.431
 2915.0  6485.253
 2920.0  6491.355
 2925.0  6496.956
 2930.0  6502.275
 2935.0  6507.529
 2940.0  6513.144
 2945.0  6519.106
 2950.0  6524.972
 2955.0  6530.303
 2960.0  6534.657
 2965.0  6537.593
 2970.0  6538.670
 2975.0  6538.456
 2980.0  6537.903
 2985.0  6537.147
 2990.0  6536.324
 2995.0  6535.568
 3000.0  6535.016
 3005.0  6534.801
 3010.0  6536.857
 3015.0  6542.433
 3020.0  6550.645
 3025.0  6560.609
 3030.0  6571.439
 3035.0  6582.252
 3040.0  6592.162
 3045.0  6602.926
 3050.0  6615.939
 3055.0  6629.778
 3060.0  6643.020
 3065.0  6654.241
 3070.0  6662.017
 3075.0  6664.926
 3080.0  6664.653
 3085.0  6663.949
 3090.0  6662.986
 3095.0  6661.937
 3100.0  6660.974
 3105.0  6660.270
 3110.0  6659.997
 3115.0  6661.244
 3120.0  6664.668
 3125.0  6669.791
 3130.0  6676.135
 3135.0  6683.223
 3140.0  6690.578
 3145.0  6697.721
 3150.0  6706.460
 3155.0  6717.930
 3160.0  6730.646
 3165.0  6743.122
 3170.0  6753.873
 3175.0  6761.413
 3180.0  6764.256
 3185.0  6762.361
 3190.0  6757.475
 3195.0  6750.795
 3200.0  6743.515
 3205.0  6736.835
 3210.0  6731.949
 3215.0  6730.054
 3220.0  6731.992
 3225.0  6736.991
 3230.0  6743.826
 3235.0  6751.274
 3240.0  6758.109
 3245.0  6763.108
 3250.0  6765.046
 3255.0  6764.730
 3260.0  6763.904
 3265.0  6762.758
 3270.0  6761.476
 3275.0  6760.245
 3280.0  6759.253
 3285.0  6758.687
 3290.0  6758.442
 3295.0  6758.272
 3300.0  6758.145
 3305.0  6758.032
 3310.0  6757.902
 3315.0  6757.725
 3320.0  6757.470
 3325.0  6756.773
 3330.0  6755.468
 3335.0  6753.814
 3340.0  6752.072
 3345.0  6750.505
 3350.0  6749.373
 3355.0  6748.938
 3360.0  6749.191
 3365.0  6749.844
 3370.0  6750.737
 3375.0  6751.709
 3380.0  6752.602
 3385.0  6753.255
 3390.0  6753.508
 3395.0  6750.384
 3400.0  6742.326
 3405.0  6731.309
 3410.0  6719.305
 3415.0  6708.287
 3420.0  6700.229
 3425.0  6697.105
 3430.0  6697.469
 3435.0  6698.408
 3440.0  6699.692
 3445.0  6701.091
 3450.0  6702.375
 3455.0  6703.314
 3460.0  6703.678
 3465.0  6703.172
 3470.0  6701.728
 3475.0  6699.457
 3480.0  6696.472
 3485.0  6692.884
 3490.0  6688.804
 3495.0  6684.345
 3500.0  6679.617
 3505.0  6547.553
 3510.0  6537.454
 3515.0  6527.731
 3520.0  6518.408
 3525.0  6509.509
 3530.0  6501.056
 3535.0  6493.362
 3540.0  6486.475
 3545.0  6480.019
 3550.0  6473.621
 3555.0  6466.905
 3560.0  6459.496
 3565.0  6451.020
 3570.0  6440.489
 3575.0  6427.763
 3580.0  6413.734
 3585.0  6399.296
 3590.0  6385.342
 3595.0  6372.764
 3600.0  6362.457
 3605.0  6353.768
 3610.0  6345.520
 3615.0  6337.820
 3620.0  6330.773
 3625.0  6324.487
 3630.0  6319.067
 3635.0  6314.621
