 2865.0  7439.472
 2870.0  7451.012
 2875.0  7462.181
 2880.0  7472.951
 2885.0  7483.293
 2890.0  7493.180
 2895.0  7502.583
 2900.0  7511.474
 2905.0  7520.186
 2910.0  7528.899
 2915.0  7537.356
 2920.0  7545.298
 2925.0  7552.468
 2930.0  7558.607
 2935.0  7563.458
 2940.0  7567.592
 2945.0  7571.622
 2950.0  7575.353
 2955.0  7578.593
 2960.0  7581.147
 2965.0  7582.822
 2970.0  7583.423
 2975.0  7580.161
 2980.0  7571.750
 2985.0  7560.248
 2990.0  7547.717
 2995.0  7536.216
 3000.0  7527.804
 3005.0  7524.543
 3010.0  7527.710
 3015.0  7536.078
 3020.0  7547.941
 3025.0  7561.596
 3030.0  7575.338
 3035.0  7587.462
 3040.0  7596.266
 3045.0  7602.351
 3050.0  7607.619
 3055.0  7612.311
 3060.0  7616.668
 3065.0  7620.933
 3070.0  7625.346
 3075.0  7630.149
 3080.0  7635.951
 3085.0  7642.743
 3090.0  7649.839
 3095.0  7656.553
 3100.0  7662.198
 3105.0  7666.089
 3110.0  7667.538
 3115.0  7666.713
 3120.0  7664.585
 3125.0  7661.675
 3130.0  7658.504
 3135.0  7655.594
 3140.0  7653.466
 3145.0  7652.641
 3150.0  7654.060
 3155.0  7657.719
 3160.0  7662.724
 3165.0  7668.176
 3170.0  7673.180
 3175.0  7676.840
 3180.0  7678.259
 3185.0  7677.140
 3190.0  7674.254
 3195.0  7670.307
 3200.0  7666.007
 3205.0  7662.061
 3210.0  7659.174
 3215.0  7658.055
 3220.0  7658.595
 3225.0  7659.986
 3230.0  7661.887
 3235.0  7663.960
 3240.0  7665.862
 3245.0  7667.253
 3250.0  7667.792
 3255.0  7667.696
 3260.0  7667.415
 3265.0  7666.961
 3270.0  7666.346
 3275.0  7665.582
 3280.0  7664.680
 3285.0  7663.652
 3290.0  7660.956
 3295.0  7655.583
 3300.0  7648.341
 3305.0  7640.041
 3310.0  7631.494
 3315.0  7623.509
 3320.0  7616.897
 3325.0  7611.112
 3330.0  7605.226
 3335.0  7599.477
 3340.0  7594.100
 3345.0  7589.331
 3350.0  7585.406
 3355.0  7582.563
 3360.0  7580.647
 3365.0  7579.217
 3370.0  7578.077
 3375.0  7577.031
 3380.0  7575.882
 3385.0  7574.435
 3390.0  7572.494
 3395.0  7569.532
 3400.0  7565.346
 3405.0  7560.222
 3410.0  7554.444
 3415.0  7548.299
 3420.0  7542.071
 3425.0  7536.047
 3430.0  7530.046
 3435.0  7523.737
 3440.0  7517.182
 3445.0  7510.443
 3450.0  7503.582
 3455.0  7496.659
 3460.0  7489.737
 3465.0  7482.791
 3470.0  7475.753
 3475.0  7468.626
 3480.0  7461.411
 3485.0  7454.110
 3490.0  7446.725
 3495.0  7439.256
 3500.0  7431.706
 3505.0  7180.953
 3510.0  7171.639
 3515.0  7161.761
 3520.0  7151.363
 3525.0  7140.491
 3530.0  7129.188
 3535.0  7116.925
 3540.0  7103.417
 3545.0  7089.074
 3550.0  7074.307
 3555.0  7059.528
 3560.0  7045.146
 3565.0  7031.575
 3570.0  7018.713
 3575.0  7006.151
 3580.0  6993.837
 3585.0  6981.716
 3590.0  6969.735
 3595.0  6957.840
 3600.0  6945.979
 3605.0  6934.164
 3610.0  6922.446
 3615.0  6910.826
 3620.0  6899.305
 3625.0  6887.884
 3630.0  6876.566
 3635.0  6865.350
