 2865.0  3593.715
 2870.0  3604.857
 2875.0  3615.507
 2880.0  3625.593
 2885.0  3635.044
 2890.0  3643.787
 2895.0  3651.752
 2900.0  3658.867
 2905.0  3665.104
 2910.0  3670.628
 2915.0  3675.658
 2920.0  3680.413
 2925.0  3685.112
 2930.0  3689.973
 2935.0  3695.217
 2940.0  3701.536
 2945.0  3708.971
 2950.0  3716.761
 2955.0  3724.146
 2960.0  3730.363
 2965.0  3734.651
 2970.0  3736.250
 2975.0  3735.243
 2980.0  3732.645
 2985.0  3729.094
 2990.0  3725.225
 2995.0  3721.673
 3000.0  3719.076
 3005.0  3718.069
 3010.0  3720.406
 3015.0  3726.562
 3020.0  3735.250
 3025.0  3745.185
 3030.0  3755.082
 3035.0  3763.653
 3040.0  3769.615
 3045.0  3773.318
 3050.0  3776.200
 3055.0  3778.606
 3060.0  3780.881
 3065.0  3783.371
 3070.0  3786.420
 3075.0  3790.374
 3080.0  3797.381
 3085.0  3808.180
 3090.0  3820.995
 3095.0  3834.052
 3100.0  3845.575
 3105.0  3853.791
 3110.0  3856.925
 3115.0  3856.926
 3120.0  3856.926
 3125.0  3856.927
 3130.0  3856.927
 3135.0  3856.927
 3140.0  3856.928
 3145.0  3856.929
 3150.0  3857.745
 3155.0  3859.967
 3160.0  3863.257
 3165.0  3867.278
 3170.0  3871.694
 3175.0  3876.168
 3180.0  3880.362
 3185.0  3885.116
 3190.0  3891.035
 3195.0  3897.427
 3200.0  3903.602
 3205.0  3908.867
 3210.0  3912.534
 3215.0  3913.909
 3220.0  3913.409
 3225.0  3912.120
 3230.0  3910.356
 3235.0  3908.435
 3240.0  3906.672
 3245.0  3905.382
 3250.0  3904.882
 3255.0  3905.230
 3260.0  3906.196
 3265.0  3907.664
 3270.0  3909.516
 3275.0  3911.634
 3280.0  3913.903
 3285.0  3916.204
 3290.0  3919.372
 3295.0  3923.876
 3300.0  3929.053
 3305.0  3934.236
 3310.0  3938.761
 3315.0  3941.963
 3320.0  3943.178
 3325.0  3942.768
 3330.0  3941.673
 3335.0  3940.102
 3340.0  3938.261
 3345.0  3936.357
 3350.0  3934.598
 3355.0  3933.189
 3360.0  3931.953
 3365.0  3930.638
 3370.0  3929.343
 3375.0  3928.164
 3380.0  3927.201
 3385.0  3926.551
 3390.0  3926.312
 3395.0  3927.294
 3400.0  3929.825
 3405.0  3933.285
 3410.0  3937.056
 3415.0  3940.517
 3420.0  3943.048
 3425.0  3944.029
 3430.0  3943.971
 3435.0  3943.813
 3440.0  3943.575
 3445.0  3943.281
 3450.0  3942.952
 3455.0  3942.610
 3460.0  3942.277
 3465.0  3941.934
 3470.0  3941.551
 3475.0  3941.130
 3480.0  3940.676
 3485.0  3940.191
 3490.0  3939.679
 3495.0  3939.143
 3500.0  3938.588
 3505.0  3886.697
 3510.0  3884.556
 3515.0  3882.379
 3520.0  3880.166
 3525.0  3877.918
 3530.0  3875.636
 3535.0  3873.261
 3540.0  3870.772
 3545.0  3868.223
 3550.0  3865.674
 3555.0  3863.180
 3560.0  3860.798
 3565.0  3858.586
 3570.0  3856.629
 3575.0  3854.897
 3580.0  3853.275
 3585.0  3851.648
 3590.0  3849.898
 3595.0  3847.911
 3600.0  3845.571
 3605.0  3842.744
 3610.0  3839.412
 3615.0  3835.626
 3620.0  3831.435
 3625.0  3826.892
 3630.0  3822.048
 3635.0  3816.954
