 2865.0  7041.307
 2870.0  7057.642
 2875.0  7073.295
 2880.0  7088.179
 2885.0  7102.208
 2890.0  7115.296
 2895.0  7127.358
 2900.0  7138.306
 2905.0  7148.251
 2910.0  7157.442
 2915.0  7165.996
 2920.0  7174.034
 2925.0  7181.674
 2930.0  7189.036
 2935.0  7196.240
 2940.0  7203.952
 2945.0  7212.313
 2950.0  7220.656
 2955.0  7228.309
 2960.0  7234.605
 2965.0  7238.873
 2970.0  7240.444
 2975.0  7236.632
 2980.0  7226.800
 2985.0  7213.356
 2990.0  7198.708
 2995.0  7185.264
 3000.0  7175.432
 3005.0  7171.619
 3010.0  7177.035
 3015.0  7191.101
 3020.0  7210.547
 3025.0  7232.101
 3030.0  7252.494
 3035.0  7268.453
 3040.0  7276.708
 3045.0  7279.700
 3050.0  7282.127
 3055.0  7284.101
 3060.0  7285.737
 3065.0  7287.146
 3070.0  7288.443
 3075.0  7289.740
 3080.0  7291.004
 3085.0  7292.145
 3090.0  7293.192
 3095.0  7294.174
 3100.0  7295.121
 3105.0  7296.063
 3110.0  7297.028
 3115.0  7298.114
 3120.0  7299.329
 3125.0  7300.565
 3130.0  7301.716
 3135.0  7302.675
 3140.0  7303.336
 3145.0  7303.592
 3150.0  7303.606
 3155.0  7303.615
 3160.0  7303.620
 3165.0  7303.625
 3170.0  7303.630
 3175.0  7303.639
 3180.0  7303.653
 3185.0  7303.957
 3190.0  7304.711
 3195.0  7305.735
 3200.0  7306.847
 3205.0  7307.865
 3210.0  7308.610
 3215.0  7308.898
 3220.0  7307.552
 3225.0  7304.049
 3230.0  7299.194
 3235.0  7293.792
 3240.0  7288.648
 3245.0  7284.566
 3250.0  7282.350
 3255.0  7281.496
 3260.0  7280.895
 3265.0  7280.449
 3270.0  7280.060
 3275.0  7279.630
 3280.0  7279.061
 3285.0  7278.253
 3290.0  7276.933
 3295.0  7274.971
 3300.0  7272.484
 3305.0  7269.590
 3310.0  7266.407
 3315.0  7263.052
 3320.0  7259.644
 3325.0  7255.873
 3330.0  7251.477
 3335.0  7246.646
 3340.0  7241.568
 3345.0  7236.434
 3350.0  7231.432
 3355.0  7226.753
 3360.0  7222.394
 3365.0  7218.185
 3370.0  7214.060
 3375.0  7209.954
 3380.0  7205.802
 3385.0  7201.539
 3390.0  7197.100
 3395.0  7192.518
 3400.0  7187.861
 3405.0  7183.107
 3410.0  7178.235
 3415.0  7173.224
 3420.0  7168.054
 3425.0  7162.704
 3430.0  7157.197
 3435.0  7151.548
 3440.0  7145.721
 3445.0  7139.681
 3450.0  7133.392
 3455.0  7126.820
 3460.0  7119.928
 3465.0  7112.658
 3470.0  7104.987
 3475.0  7096.937
 3480.0  7088.528
 3485.0  7079.783
 3490.0  7070.723
 3495.0  7061.370
 3500.0  7051.745
 3505.0  6834.377
 3510.0  6820.276
 3515.0  6806.688
 3520.0  6793.643
 3525.0  6781.172
 3530.0  6769.307
 3535.0  6758.259
 3540.0  6748.024
 3545.0  6738.308
 3550.0  6728.815
 3555.0  6719.252
 3560.0  6709.322
 3565.0  6698.732
 3570.0  6687.362
 3575.0  6675.415
 3580.0  6663.081
 3585.0  6650.553
 3590.0  6638.020
 3595.0  6625.673
 3600.0  6613.703
 3605.0  6602.040
 3610.0  6590.489
 3615.0  6579.051
 3620.0  6567.729
 3625.0  6556.523
 3630.0  6545.437
 3635.0  6534.472
