 2865.0  7841.896
 2870.0  7880.208
 2875.0  7916.585
 2880.0  7950.020
 2885.0  7979.508
 2890.0  8004.042
 2895.0  8022.616
 2900.0  8034.223
 2905.0  8041.240
 2910.0  8046.918
 2915.0  8051.565
 2920.0  8055.487
 2925.0  8058.993
 2930.0  8062.391
 2935.0  8065.988
 2940.0  8070.046
 2945.0  8074.399
 2950.0  8078.711
 2955.0  8082.648
 2960.0  8085.875
 2965.0  8088.056
 2970.0  8088.858
 2975.0  8085.223
 2980.0  8075.847
 2985.0  8063.028
 2990.0  8049.061
 2995.0  8036.241
 3000.0  8026.866
 3005.0  8023.231
 3010.0  8024.387
 3015.0  8027.490
 3020.0  8031.993
 3025.0  8037.348
 3030.0  8043.009
 3035.0  8048.427
 3040.0  8053.056
 3045.0  8057.531
 3050.0  8062.551
 3055.0  8067.667
 3060.0  8072.429
 3065.0  8076.387
 3070.0  8079.092
 3075.0  8080.094
 3080.0  8079.402
 3085.0  8077.617
 3090.0  8075.176
 3095.0  8072.516
 3100.0  8070.076
 3105.0  8068.291
 3110.0  8067.598
 3115.0  8069.221
 3120.0  8073.405
 3125.0  8079.127
 3130.0  8085.360
 3135.0  8091.082
 3140.0  8095.266
 3145.0  8096.888
 3150.0  8094.519
 3155.0  8088.407
 3160.0  8080.051
 3165.0  8070.946
 3170.0  8062.589
 3175.0  8056.478
 3180.0  8054.108
 3185.0  8055.236
 3190.0  8058.146
 3195.0  8062.124
 3200.0  8066.459
 3205.0  8070.438
 3210.0  8073.348
 3215.0  8074.476
 3220.0  8072.922
 3225.0  8068.833
 3230.0  8063.068
 3235.0  8056.485
 3240.0  8049.942
 3245.0  8044.299
 3250.0  8040.413
 3255.0  8037.988
 3260.0  8036.039
 3265.0  8034.386
 3270.0  8032.853
 3275.0  8031.262
 3280.0  8029.434
 3285.0  8027.193
 3290.0  8024.481
 3295.0  8021.379
 3300.0  8017.918
 3305.0  8014.128
 3310.0  8010.037
 3315.0  8005.677
 3320.0  8001.076
 3325.0  7995.519
 3330.0  7988.673
 3335.0  7981.146
 3340.0  7973.544
 3345.0  7966.473
 3350.0  7960.540
 3355.0  7956.351
 3360.0  7953.693
 3365.0  7951.745
 3370.0  7950.199
 3375.0  7948.752
 3380.0  7947.096
 3385.0  7944.927
 3390.0  7941.938
 3395.0  7935.796
 3400.0  7925.355
 3405.0  7912.088
 3410.0  7897.468
 3415.0  7882.970
 3420.0  7870.067
 3425.0  7860.233
 3430.0  7853.027
 3435.0  7846.811
 3440.0  7841.257
 3445.0  7836.042
 3450.0  7830.838
 3455.0  7825.321
 3460.0  7819.164
 3465.0  7812.435
 3470.0  7805.427
 3475.0  7798.153
 3480.0  7790.624
 3485.0  7782.853
 3490.0  7774.853
 3495.0  7766.635
 3500.0  7758.211
 3505.0  7413.204
 3510.0  7401.289
 3515.0  7389.584
 3520.0  7378.093
 3525.0  7366.823
 3530.0  7355.778
 3535.0  7345.122
 3540.0  7334.895
 3545.0  7324.918
 3550.0  7315.015
 3555.0  7305.007
 3560.0  7294.717
 3565.0  7283.968
 3570.0  7272.810
 3575.0  7261.407
 3580.0  7249.748
 3585.0  7237.823
 3590.0  7225.620
 3595.0  7213.130
 3600.0  7200.342
 3605.0  7187.224
 3610.0  7173.755
 3615.0  7159.947
 3620.0  7145.811
 3625.0  7131.357
 3630.0  7116.598
 3635.0  7101.544
