 2865.0  6796.868
 2870.0  6812.365
 2875.0  6828.399
 2880.0  6844.947
 2885.0  6861.990
 2890.0  6879.507
 2895.0  6897.476
 2900.0  6915.878
 2905.0  6936.586
 2910.0  6960.274
 2915.0  6985.124
 2920.0  7009.318
 2925.0  7031.039
 2930.0  7048.467
 2935.0  7059.786
 2940.0  7067.236
 2945.0  7074.129
 2950.0  7080.250
 2955.0  7085.384
 2960.0  7089.317
 2965.0  7091.834
 2970.0  7092.721
 2975.0  7086.888
 2980.0  7071.846
 2985.0  7051.279
 2990.0  7028.869
 2995.0  7008.302
 3000.0  6993.260
 3005.0  6987.428
 3010.0  6987.476
 3015.0  6987.619
 3020.0  6987.856
 3025.0  6988.185
 3030.0  6988.604
 3035.0  6989.113
 3040.0  6989.710
 3045.0  6995.632
 3050.0  7010.178
 3055.0  7030.439
 3060.0  7053.507
 3065.0  7076.474
 3070.0  7096.430
 3075.0  7110.468
 3080.0  7120.667
 3085.0  7130.704
 3090.0  7140.066
 3095.0  7148.240
 3100.0  7154.714
 3105.0  7158.975
 3110.0  7160.509
 3115.0  7157.443
 3120.0  7149.536
 3125.0  7138.725
 3130.0  7126.945
 3135.0  7116.134
 3140.0  7108.227
 3145.0  7105.161
 3150.0  7106.812
 3155.0  7111.337
 3160.0  7118.086
 3165.0  7126.415
 3170.0  7135.677
 3175.0  7145.224
 3180.0  7154.410
 3185.0  7165.408
 3190.0  7179.629
 3195.0  7195.282
 3200.0  7210.575
 3205.0  7223.716
 3210.0  7232.915
 3215.0  7236.379
 3220.0  7236.075
 3225.0  7235.229
 3230.0  7233.947
 3235.0  7232.329
 3240.0  7230.479
 3245.0  7228.500
 3250.0  7226.495
 3255.0  7223.745
 3260.0  7219.845
 3265.0  7215.367
 3270.0  7210.886
 3275.0  7206.975
 3280.0  7204.208
 3285.0  7203.158
 3290.0  7203.784
 3295.0  7205.398
 3300.0  7207.605
 3305.0  7210.010
 3310.0  7212.217
 3315.0  7213.831
 3320.0  7214.456
 3325.0  7214.020
 3330.0  7212.895
 3335.0  7211.357
 3340.0  7209.680
 3345.0  7208.142
 3350.0  7207.017
 3355.0  7206.581
 3360.0  7207.019
 3365.0  7208.149
 3370.0  7209.694
 3375.0  7211.378
 3380.0  7212.924
 3385.0  7214.054
 3390.0  7214.492
 3395.0  7213.342
 3400.0  7210.377
 3405.0  7206.322
 3410.0  7201.905
 3415.0  7197.850
 3420.0  7194.885
 3425.0  7193.735
 3430.0  7194.543
 3435.0  7196.626
 3440.0  7199.474
 3445.0  7202.577
 3450.0  7205.426
 3455.0  7207.509
 3460.0  7208.317
 3465.0  7207.318
 3470.0  7204.462
 3475.0  7199.960
 3480.0  7194.021
 3485.0  7186.857
 3490.0  7178.676
 3495.0  7169.690
 3500.0  7160.109
 3505.0  6952.901
 3510.0  6940.105
 3515.0  6928.330
 3520.0  6917.731
 3525.0  6908.461
 3530.0  6900.673
 3535.0  6894.338
 3540.0  6889.072
 3545.0  6884.493
 3550.0  6880.221
 3555.0  6875.876
 3560.0  6871.076
 3565.0  6865.442
 3570.0  6859.099
 3575.0  6852.364
 3580.0  6845.141
 3585.0  6837.333
 3590.0  6828.846
 3595.0  6819.583
 3600.0  6809.448
 3605.0  6797.962
 3610.0  6784.809
 3615.0  6770.144
 3620.0  6754.120
 3625.0  6736.891
 3630.0  6718.611
 3635.0  6699.433
