 2865.0  6773.630
 2870.0  6791.421
 2875.0  6809.120
 2880.0  6826.726
 2885.0  6844.238
 2890.0  6861.655
 2895.0  6878.977
 2900.0  6896.202
 2905.0  6914.535
 2910.0  6934.378
 2915.0  6954.531
 2920.0  6973.790
 2925.0  6990.955
 2930.0  7004.824
 2935.0  7014.195
 2940.0  7020.760
 2945.0  7026.878
 2950.0  7032.343
 2955.0  7036.950
 2960.0  7040.494
 2965.0  7042.771
 2970.0  7043.576
 2975.0  7043.545
 2980.0  7043.453
 2985.0  7043.301
 2990.0  7043.092
 2995.0  7042.825
 3000.0  7042.505
 3005.0  7042.130
 3010.0  7039.273
 3015.0  7032.548
 3020.0  7023.525
 3025.0  7013.775
 3030.0  7004.866
 3035.0  6998.370
 3040.0  6995.856
 3045.0  6999.613
 3050.0  7009.678
 3055.0  7024.246
 3060.0  7041.509
 3065.0  7059.660
 3070.0  7076.893
 3075.0  7091.400
 3080.0  7105.113
 3085.0  7120.298
 3090.0  7135.649
 3095.0  7149.861
 3100.0  7161.628
 3105.0  7169.646
 3110.0  7172.609
 3115.0  7168.818
 3120.0  7159.041
 3125.0  7145.673
 3130.0  7131.108
 3135.0  7117.740
 3140.0  7107.963
 3145.0  7104.172
 3150.0  7106.411
 3155.0  7112.372
 3160.0  7120.925
 3165.0  7130.941
 3170.0  7141.287
 3175.0  7150.835
 3180.0  7158.452
 3185.0  7165.001
 3190.0  7171.819
 3195.0  7178.489
 3200.0  7184.594
 3205.0  7189.716
 3210.0  7193.440
 3215.0  7195.348
 3220.0  7196.163
 3225.0  7196.878
 3230.0  7197.484
 3235.0  7197.971
 3240.0  7198.331
 3245.0  7198.554
 3250.0  7198.630
 3255.0  7197.272
 3260.0  7193.770
 3265.0  7188.982
 3270.0  7183.764
 3275.0  7178.975
 3280.0  7175.473
 3285.0  7174.115
 3290.0  7175.471
 3295.0  7178.969
 3300.0  7183.752
 3305.0  7188.963
 3310.0  7193.745
 3315.0  7197.243
 3320.0  7198.599
 3325.0  7197.176
 3330.0  7193.505
 3335.0  7188.485
 3340.0  7183.016
 3345.0  7177.996
 3350.0  7174.325
 3355.0  7172.902
 3360.0  7173.443
 3365.0  7174.838
 3370.0  7176.746
 3375.0  7178.824
 3380.0  7180.732
 3385.0  7182.127
 3390.0  7182.668
 3395.0  7182.519
 3400.0  7182.096
 3405.0  7181.441
 3410.0  7180.590
 3415.0  7179.584
 3420.0  7178.463
 3425.0  7177.264
 3430.0  7175.659
 3435.0  7173.383
 3440.0  7170.568
 3445.0  7167.347
 3450.0  7163.854
 3455.0  7160.222
 3460.0  7156.583
 3465.0  7152.822
 3470.0  7148.745
 3475.0  7144.375
 3480.0  7139.734
 3485.0  7134.844
 3490.0  7129.727
 3495.0  7124.404
 3500.0  7118.897
 3505.0  6925.413
 3510.0  6915.434
 3515.0  6905.436
 3520.0  6895.419
 3525.0  6885.384
 3530.0  6875.330
 3535.0  6864.623
 3540.0  6853.049
 3545.0  6841.245
 3550.0  6829.845
 3555.0  6819.486
 3560.0  6810.801
 3565.0  6804.427
 3570.0  6800.121
 3575.0  6796.911
 3580.0  6794.334
 3585.0  6791.931
 3590.0  6789.240
 3595.0  6785.799
 3600.0  6781.147
 3605.0  6774.008
 3610.0  6763.699
 3615.0  6750.648
 3620.0  6735.286
 3625.0  6718.041
 3630.0  6699.341
 3635.0  6679.617
