 2865.0  11260.331
 2870.0  11318.997
 2875.0  11374.790
 2880.0  11427.131
 2885.0  11475.441
 2890.0  11519.140
 2895.0  11557.648
 2900.0  11590.386
 2905.0  11620.566
 2910.0  11650.674
 2915.0  11679.045
 2920.0  11704.012
 2925.0  11723.909
 2930.0  11737.069
 2935.0  11741.826
 2940.0  11730.752
 2945.0  11702.192
 2950.0  11663.141
 2955.0  11620.593
 2960.0  11581.542
 2965.0  11552.982
 2970.0  11541.908
 2975.0  11543.971
 2980.0  11549.648
 2985.0  11558.171
 2990.0  11568.769
 2995.0  11580.676
 3000.0  11593.121
 3005.0  11605.337
 3010.0  11620.669
 3015.0  11641.151
 3020.0  11664.045
 3025.0  11686.615
 3030.0  11706.125
 3035.0  11719.838
 3040.0  11725.017
 3045.0  11718.886
 3050.0  11703.072
 3055.0  11681.449
 3060.0  11657.890
 3065.0  11636.268
 3070.0  11620.454
 3075.0  11614.322
 3080.0  11615.936
 3085.0  11620.097
 3090.0  11625.787
 3095.0  11631.987
 3100.0  11637.677
 3105.0  11641.839
 3110.0  11643.452
 3115.0  11643.147
 3120.0  11642.313
 3125.0  11641.076
 3130.0  11639.560
 3135.0  11637.889
 3140.0  11636.188
 3145.0  11634.581
 3150.0  11632.731
 3155.0  11630.402
 3160.0  11627.874
 3165.0  11625.424
 3170.0  11623.330
 3175.0  11621.869
 3180.0  11621.321
 3185.0  11623.104
 3190.0  11627.702
 3195.0  11633.989
 3200.0  11640.840
 3205.0  11647.127
 3210.0  11651.725
 3215.0  11653.508
 3220.0  11650.792
 3225.0  11643.568
 3230.0  11633.227
 3235.0  11621.161
 3240.0  11608.760
 3245.0  11597.414
 3250.0  11588.513
 3255.0  11580.926
 3260.0  11572.966
 3265.0  11565.195
 3270.0  11558.174
 3275.0  11552.464
 3280.0  11548.627
 3285.0  11547.223
 3290.0  11547.618
 3295.0  11548.636
 3300.0  11550.029
 3305.0  11551.546
 3310.0  11552.938
 3315.0  11553.957
 3320.0  11554.352
 3325.0  11551.580
 3330.0  11544.069
 3335.0  11533.020
 3340.0  11519.636
 3345.0  11505.121
 3350.0  11490.678
 3355.0  11477.509
 3360.0  11464.926
 3365.0  11451.605
 3370.0  11437.794
 3375.0  11423.741
 3380.0  11409.697
 3385.0  11395.908
 3390.0  11382.623
 3395.0  11369.213
 3400.0  11355.241
 3405.0  11341.248
 3410.0  11327.773
 3415.0  11315.356
 3420.0  11304.537
 3425.0  11295.857
 3430.0  11289.178
 3435.0  11283.706
 3440.0  11278.990
 3445.0  11274.582
 3450.0  11270.033
 3455.0  11264.894
 3460.0  11258.714
 3465.0  11251.387
 3470.0  11243.155
 3475.0  11234.095
 3480.0  11224.284
 3485.0  11213.801
 3490.0  11202.721
 3495.0  11191.124
 3500.0  11179.086
 3505.0  10696.364
 3510.0  10681.900
 3515.0  10667.092
 3520.0  10651.953
 3525.0  10636.492
 3530.0  10620.723
 3535.0  10604.390
 3540.0  10587.380
 3545.0  10569.918
 3550.0  10552.226
 3555.0  10534.529
 3560.0  10517.049
 3565.0  10500.011
 3570.0  10483.516
 3575.0  10467.399
 3580.0  10451.477
 3585.0  10435.570
 3590.0  10419.496
 3595.0  10403.073
 3600.0  10386.121
 3605.0  10368.673
 3610.0  10350.887
 3615.0  10332.774
 3620.0  10314.340
 3625.0  10295.594
 3630.0  10276.543
 3635.0  10257.197
