 2865.0  6847.345
 2870.0  6874.724
 2875.0  6900.706
 2880.0  6924.608
 2885.0  6945.748
 2890.0  6963.445
 2895.0  6977.016
 2900.0  6985.779
 2905.0  6991.060
 2910.0  6994.971
 2915.0  6998.002
 2920.0  7000.645
 2925.0  7003.394
 2930.0  7006.741
 2935.0  7011.176
 2940.0  7018.383
 2945.0  7028.691
 2950.0  7040.565
 2955.0  7052.472
 2960.0  7062.877
 2965.0  7070.246
 2970.0  7073.043
 2975.0  7069.907
 2980.0  7061.821
 2985.0  7050.765
 2990.0  7038.718
 2995.0  7027.662
 3000.0  7019.576
 3005.0  7016.441
 3010.0  7020.973
 3015.0  7032.814
 3020.0  7049.329
 3025.0  7067.881
 3030.0  7085.836
 3035.0  7100.558
 3040.0  7109.412
 3045.0  7113.761
 3050.0  7117.001
 3055.0  7119.551
 3060.0  7121.827
 3065.0  7124.248
 3070.0  7127.230
 3075.0  7131.191
 3080.0  7137.954
 3085.0  7148.010
 3090.0  7159.780
 3095.0  7171.684
 3100.0  7182.143
 3105.0  7189.576
 3110.0  7192.405
 3115.0  7192.307
 3120.0  7192.054
 3125.0  7191.708
 3130.0  7191.331
 3135.0  7190.985
 3140.0  7190.731
 3145.0  7190.633
 3150.0  7190.852
 3155.0  7191.415
 3160.0  7192.185
 3165.0  7193.024
 3170.0  7193.794
 3175.0  7194.358
 3180.0  7194.576
 3185.0  7192.965
 3190.0  7188.809
 3195.0  7183.126
 3200.0  7176.935
 3205.0  7171.252
 3210.0  7167.096
 3215.0  7165.485
 3220.0  7166.637
 3225.0  7169.608
 3230.0  7173.672
 3235.0  7178.099
 3240.0  7182.162
 3245.0  7185.133
 3250.0  7186.285
 3255.0  7185.463
 3260.0  7183.243
 3265.0  7179.997
 3270.0  7176.094
 3275.0  7171.906
 3280.0  7167.804
 3285.0  7164.158
 3290.0  7160.916
 3295.0  7157.728
 3300.0  7154.523
 3305.0  7151.229
 3310.0  7147.773
 3315.0  7144.082
 3320.0  7140.085
 3325.0  7135.388
 3330.0  7129.885
 3335.0  7123.938
 3340.0  7117.907
 3345.0  7112.153
 3350.0  7107.036
 3355.0  7102.918
 3360.0  7099.726
 3365.0  7097.028
 3370.0  7094.644
 3375.0  7092.394
 3380.0  7090.099
 3385.0  7087.580
 3390.0  7084.657
 3395.0  7081.412
 3400.0  7078.000
 3405.0  7074.353
 3410.0  7070.403
 3415.0  7066.081
 3420.0  7061.319
 3425.0  7056.049
 3430.0  7049.742
 3435.0  7042.127
 3440.0  7033.525
 3445.0  7024.255
 3450.0  7014.639
 3455.0  7004.996
 3460.0  6995.647
 3465.0  6986.475
 3470.0  6977.149
 3475.0  6967.673
 3480.0  6958.052
 3485.0  6948.287
 3490.0  6938.382
 3495.0  6928.341
 3500.0  6918.167
 3505.0  6738.993
 3510.0  6727.965
 3515.0  6716.665
 3520.0  6705.104
 3525.0  6693.291
 3530.0  6681.235
 3535.0  6668.592
 3540.0  6655.223
 3545.0  6641.448
 3550.0  6627.587
 3555.0  6613.960
 3560.0  6600.886
 3565.0  6588.687
 3570.0  6577.415
 3575.0  6566.774
 3580.0  6556.554
 3585.0  6546.548
 3590.0  6536.547
 3595.0  6526.345
 3600.0  6515.733
 3605.0  6504.771
 3610.0  6493.660
 3615.0  6482.404
 3620.0  6471.004
 3625.0  6459.463
 3630.0  6447.784
 3635.0  6435.970
