 2865.0  6277.745
 2870.0  6290.595
 2875.0  6302.842
 2880.0  6314.381
 2885.0  6325.108
 2890.0  6334.919
 2895.0  6343.708
 2900.0  6351.373
 2905.0  6358.346
 2910.0  6365.028
 2915.0  6371.263
 2920.0  6376.895
 2925.0  6381.769
 2930.0  6385.729
 2935.0  6388.619
 2940.0  6390.881
 2945.0  6393.009
 2950.0  6394.924
 2955.0  6396.550
 2960.0  6397.807
 2965.0  6398.619
 2970.0  6398.907
 2975.0  6397.527
 2980.0  6393.970
 2985.0  6389.106
 2990.0  6383.807
 2995.0  6378.943
 3000.0  6375.386
 3005.0  6374.006
 3010.0  6376.110
 3015.0  6381.669
 3020.0  6389.556
 3025.0  6398.644
 3030.0  6407.805
 3035.0  6415.913
 3040.0  6421.840
 3045.0  6426.206
 3050.0  6430.335
 3055.0  6434.159
 3060.0  6437.609
 3065.0  6440.615
 3070.0  6443.107
 3075.0  6445.018
 3080.0  6446.590
 3085.0  6448.078
 3090.0  6449.428
 3095.0  6450.586
 3100.0  6451.500
 3105.0  6452.116
 3110.0  6452.381
 3115.0  6452.439
 3120.0  6452.476
 3125.0  6452.501
 3130.0  6452.522
 3135.0  6452.546
 3140.0  6452.582
 3145.0  6452.639
 3150.0  6452.946
 3155.0  6453.624
 3160.0  6454.522
 3165.0  6455.486
 3170.0  6456.363
 3175.0  6457.002
 3180.0  6457.248
 3185.0  6457.190
 3190.0  6457.026
 3195.0  6456.775
 3200.0  6456.456
 3205.0  6456.085
 3210.0  6455.681
 3215.0  6455.263
 3220.0  6454.782
 3225.0  6454.182
 3230.0  6453.469
 3235.0  6452.650
 3240.0  6451.732
 3245.0  6450.723
 3250.0  6449.628
 3255.0  6448.357
 3260.0  6446.831
 3265.0  6445.072
 3270.0  6443.102
 3275.0  6440.944
 3280.0  6438.619
 3285.0  6436.149
 3290.0  6433.306
 3295.0  6429.940
 3300.0  6426.192
 3305.0  6422.203
 3310.0  6418.116
 3315.0  6414.072
 3320.0  6410.213
 3325.0  6406.469
 3330.0  6402.690
 3335.0  6398.899
 3340.0  6395.119
 3345.0  6391.374
 3350.0  6387.685
 3355.0  6384.077
 3360.0  6380.653
 3365.0  6377.426
 3370.0  6374.283
 3375.0  6371.108
 3380.0  6367.788
 3385.0  6364.209
 3390.0  6360.255
 3395.0  6355.726
 3400.0  6350.611
 3405.0  6345.085
 3410.0  6339.324
 3415.0  6333.502
 3420.0  6327.795
 3425.0  6322.377
 3430.0  6317.204
 3435.0  6312.105
 3440.0  6307.063
 3445.0  6302.063
 3450.0  6297.089
 3455.0  6292.126
 3460.0  6287.158
 3465.0  6282.189
 3470.0  6277.236
 3475.0  6272.298
 3480.0  6267.376
 3485.0  6262.469
 3490.0  6257.578
 3495.0  6252.702
 3500.0  6247.842
 3505.0  6034.220
 3510.0  6024.329
 3515.0  6014.506
 3520.0  6004.750
 3525.0  5995.064
 3530.0  5985.447
 3535.0  5975.967
 3540.0  5966.643
 3545.0  5957.408
 3550.0  5948.192
 3555.0  5938.928
 3560.0  5929.547
 3565.0  5919.981
 3570.0  5910.241
 3575.0  5900.388
 3580.0  5890.432
 3585.0  5880.380
 3590.0  5870.242
 3595.0  5860.026
 3600.0  5849.741
 3605.0  5839.380
 3610.0  5828.932
 3615.0  5818.398
 3620.0  5807.779
 3625.0  5797.077
 3630.0  5786.291
 3635.0  5775.424
