 2865.0  4864.157
 2870.0  4872.569
 2875.0  4880.745
 2880.0  4888.670
 2885.0  4896.329
 2890.0  4903.709
 2895.0  4910.794
 2900.0  4917.570
 2905.0  4924.080
 2910.0  4930.374
 2915.0  4936.449
 2920.0  4942.299
 2925.0  4947.919
 2930.0  4953.305
 2935.0  4958.452
 2940.0  4963.565
 2945.0  4968.734
 2950.0  4973.785
 2955.0  4978.545
 2960.0  4982.839
 2965.0  4986.494
 2970.0  4989.335
 2975.0  4991.396
 2980.0  4992.964
 2985.0  4994.247
 2990.0  4995.456
 2995.0  4996.799
 3000.0  4998.484
 3005.0  5000.722
 3010.0  5004.411
 3015.0  5009.927
 3020.0  5016.690
 3025.0  5024.119
 3030.0  5031.635
 3035.0  5038.658
 3040.0  5044.608
 3045.0  5049.523
 3050.0  5053.961
 3055.0  5058.119
 3060.0  5062.194
 3065.0  5066.385
 3070.0  5070.889
 3075.0  5075.904
 3080.0  5082.271
 3085.0  5090.134
 3090.0  5098.647
 3095.0  5106.958
 3100.0  5114.221
 3105.0  5119.586
 3110.0  5122.204
 3115.0  5123.019
 3120.0  5123.594
 3125.0  5124.014
 3130.0  5124.364
 3135.0  5124.728
 3140.0  5125.190
 3145.0  5125.837
 3150.0  5126.679
 3155.0  5127.690
 3160.0  5128.893
 3165.0  5130.309
 3170.0  5131.962
 3175.0  5133.875
 3180.0  5136.071
 3185.0  5140.086
 3190.0  5146.667
 3195.0  5154.656
 3200.0  5162.889
 3205.0  5170.208
 3210.0  5175.450
 3215.0  5177.455
 3220.0  5176.848
 3225.0  5175.281
 3230.0  5173.138
 3235.0  5170.804
 3240.0  5168.662
 3245.0  5167.095
 3250.0  5166.487
 3255.0  5167.302
 3260.0  5169.457
 3265.0  5172.519
 3270.0  5176.053
 3275.0  5179.627
 3280.0  5182.807
 3285.0  5185.158
 3290.0  5186.838
 3295.0  5188.326
 3300.0  5189.671
 3305.0  5190.922
 3310.0  5192.129
 3315.0  5193.342
 3320.0  5194.609
 3325.0  5196.067
 3330.0  5197.716
 3335.0  5199.405
 3340.0  5200.982
 3345.0  5202.296
 3350.0  5203.196
 3355.0  5203.529
 3360.0  5203.111
 3365.0  5202.031
 3370.0  5200.550
 3375.0  5198.928
 3380.0  5197.428
 3385.0  5196.310
 3390.0  5195.835
 3395.0  5195.781
 3400.0  5195.747
 3405.0  5195.725
 3410.0  5195.707
 3415.0  5195.685
 3420.0  5195.650
 3425.0  5195.595
 3430.0  5194.318
 3435.0  5191.134
 3440.0  5186.809
 3445.0  5182.110
 3450.0  5177.805
 3455.0  5174.659
 3460.0  5173.440
 3465.0  5173.553
 3470.0  5173.960
 3475.0  5174.764
 3480.0  5176.064
 3485.0  5177.964
 3490.0  5180.565
 3495.0  5183.969
 3500.0  5188.276
 3505.0  5071.121
 3510.0  5065.249
 3515.0  5059.821
 3520.0  5054.897
 3525.0  5050.539
 3530.0  5046.809
 3535.0  5043.776
 3540.0  5041.310
 3545.0  5039.180
 3550.0  5037.151
 3555.0  5034.989
 3560.0  5032.461
 3565.0  5029.334
 3570.0  5025.220
 3575.0  5020.066
 3580.0  5014.143
 3585.0  5007.723
 3590.0  5001.075
 3595.0  4994.470
 3600.0  4988.179
 3605.0  4982.111
 3610.0  4975.991
 3615.0  4969.822
 3620.0  4963.604
 3625.0  4957.336
 3630.0  4951.021
 3635.0  4944.659
