 2865.0  5987.182
 2870.0  6013.045
 2875.0  6037.627
 2880.0  6060.193
 2885.0  6080.007
 2890.0  6096.335
 2895.0  6108.441
 2900.0  6115.590
 2905.0  6119.549
 2910.0  6122.706
 2915.0  6125.254
 2920.0  6127.385
 2925.0  6129.291
 2930.0  6131.165
 2935.0  6133.201
 2940.0  6135.549
 2945.0  6138.096
 2950.0  6140.638
 2955.0  6142.970
 2960.0  6144.889
 2965.0  6146.190
 2970.0  6146.669
 2975.0  6143.788
 2980.0  6136.361
 2985.0  6126.205
 2990.0  6115.139
 2995.0  6104.983
 3000.0  6097.556
 3005.0  6094.675
 3010.0  6098.833
 3015.0  6109.588
 3020.0  6124.368
 3025.0  6140.598
 3030.0  6155.706
 3035.0  6167.118
 3040.0  6172.259
 3045.0  6173.213
 3050.0  6173.856
 3055.0  6174.305
 3060.0  6174.676
 3065.0  6175.088
 3070.0  6175.656
 3075.0  6176.498
 3080.0  6178.297
 3085.0  6181.344
 3090.0  6185.167
 3095.0  6189.294
 3100.0  6193.250
 3105.0  6196.565
 3110.0  6198.765
 3115.0  6200.091
 3120.0  6201.155
 3125.0  6202.044
 3130.0  6202.842
 3135.0  6203.634
 3140.0  6204.507
 3145.0  6205.544
 3150.0  6206.748
 3155.0  6208.048
 3160.0  6209.430
 3165.0  6210.875
 3170.0  6212.367
 3175.0  6213.888
 3180.0  6215.421
 3185.0  6217.199
 3190.0  6219.316
 3195.0  6221.550
 3200.0  6223.677
 3205.0  6225.472
 3210.0  6226.714
 3215.0  6227.177
 3220.0  6226.436
 3225.0  6224.516
 3230.0  6221.871
 3235.0  6218.954
 3240.0  6216.220
 3245.0  6214.121
 3250.0  6213.113
 3255.0  6212.856
 3260.0  6212.687
 3265.0  6212.571
 3270.0  6212.471
 3275.0  6212.355
 3280.0  6212.185
 3285.0  6211.928
 3290.0  6211.250
 3295.0  6209.918
 3300.0  6208.048
 3305.0  6205.756
 3310.0  6203.157
 3315.0  6200.366
 3320.0  6197.500
 3325.0  6193.778
 3330.0  6188.741
 3335.0  6182.981
 3340.0  6177.093
 3345.0  6171.669
 3350.0  6167.303
 3355.0  6164.587
 3360.0  6163.128
 3365.0  6162.042
 3370.0  6161.191
 3375.0  6160.436
 3380.0  6159.639
 3385.0  6158.662
 3390.0  6157.366
 3395.0  6155.654
 3400.0  6153.541
 3405.0  6151.060
 3410.0  6148.239
 3415.0  6145.109
 3420.0  6141.702
 3425.0  6138.048
 3430.0  6133.396
 3435.0  6127.360
 3440.0  6120.513
 3445.0  6113.429
 3450.0  6106.682
 3455.0  6100.846
 3460.0  6096.494
 3465.0  6093.130
 3470.0  6089.934
 3475.0  6086.998
 3480.0  6084.414
 3485.0  6082.274
 3490.0  6080.670
 3495.0  6079.694
 3500.0  6079.437
 3505.0  5893.827
 3510.0  5883.488
 3515.0  5873.130
 3520.0  5862.755
 3525.0  5852.362
 3530.0  5841.951
 3535.0  5831.405
 3540.0  5820.685
 3545.0  5809.907
 3550.0  5799.190
 3555.0  5788.649
 3560.0  5778.402
 3565.0  5768.565
 3570.0  5759.298
 3575.0  5750.536
 3580.0  5742.062
 3585.0  5733.657
 3590.0  5725.104
 3595.0  5716.183
 3600.0  5706.677
 3605.0  5696.602
 3610.0  5686.134
 3615.0  5675.287
 3620.0  5664.080
 3625.0  5652.528
 3630.0  5640.649
 3635.0  5628.458
