 2865.0  6588.393
 2870.0  6610.056
 2875.0  6630.930
 2880.0  6650.943
 2885.0  6670.018
 2890.0  6688.080
 2895.0  6705.056
 2900.0  6720.870
 2905.0  6735.732
 2910.0  6749.894
 2915.0  6763.345
 2920.0  6776.077
 2925.0  6788.079
 2930.0  6799.342
 2935.0  6809.855
 2940.0  6820.568
 2945.0  6831.891
 2950.0  6842.999
 2955.0  6853.071
 2960.0  6861.284
 2965.0  6866.815
 2970.0  6868.841
 2975.0  6866.995
 2980.0  6862.235
 2985.0  6855.726
 2990.0  6848.634
 2995.0  6842.125
 3000.0  6837.364
 3005.0  6835.519
 3010.0  6836.222
 3015.0  6838.199
 3020.0  6841.250
 3025.0  6845.175
 3030.0  6849.773
 3035.0  6854.845
 3040.0  6860.190
 3045.0  6868.228
 3050.0  6880.359
 3055.0  6894.856
 3060.0  6909.992
 3065.0  6924.040
 3070.0  6935.272
 3075.0  6941.961
 3080.0  6945.580
 3085.0  6948.753
 3090.0  6951.484
 3095.0  6953.776
 3100.0  6955.633
 3105.0  6957.058
 3110.0  6958.055
 3115.0  6958.721
 3120.0  6959.203
 3125.0  6959.572
 3130.0  6959.901
 3135.0  6960.260
 3140.0  6960.721
 3145.0  6961.357
 3150.0  6962.259
 3155.0  6963.468
 3160.0  6964.978
 3165.0  6966.783
 3170.0  6968.876
 3175.0  6971.253
 3180.0  6973.906
 3185.0  6977.985
 3190.0  6984.115
 3195.0  6991.507
 3200.0  6999.372
 3205.0  7006.919
 3210.0  7013.361
 3215.0  7017.906
 3220.0  7021.084
 3225.0  7023.954
 3230.0  7026.518
 3235.0  7028.780
 3240.0  7030.743
 3245.0  7032.411
 3250.0  7033.786
 3255.0  7034.864
 3260.0  7035.701
 3265.0  7036.396
 3270.0  7037.045
 3275.0  7037.746
 3280.0  7038.597
 3285.0  7039.697
 3290.0  7041.568
 3295.0  7044.375
 3300.0  7047.670
 3305.0  7051.009
 3310.0  7053.946
 3315.0  7056.035
 3320.0  7056.831
 3325.0  7055.817
 3330.0  7053.203
 3335.0  7049.629
 3340.0  7045.734
 3345.0  7042.160
 3350.0  7039.546
 3355.0  7038.532
 3360.0  7038.539
 3365.0  7038.557
 3370.0  7038.580
 3375.0  7038.606
 3380.0  7038.630
 3385.0  7038.647
 3390.0  7038.654
 3395.0  7038.223
 3400.0  7037.052
 3405.0  7035.326
 3410.0  7033.229
 3415.0  7030.946
 3420.0  7028.662
 3425.0  7026.560
 3430.0  7024.496
 3435.0  7022.254
 3440.0  7019.905
 3445.0  7017.523
 3450.0  7015.181
 3455.0  7012.953
 3460.0  7010.912
 3465.0  7009.018
 3470.0  7007.185
 3475.0  7005.418
 3480.0  7003.721
 3485.0  7002.099
 3490.0  7000.557
 3495.0  6999.100
 3500.0  6997.732
 3505.0  6832.852
 3510.0  6826.785
 3515.0  6820.125
 3520.0  6812.941
 3525.0  6805.304
 3530.0  6797.285
 3535.0  6787.970
 3540.0  6776.885
 3545.0  6764.755
 3550.0  6752.304
 3555.0  6740.256
 3560.0  6729.337
 3565.0  6720.271
 3570.0  6713.052
 3575.0  6706.904
 3580.0  6701.397
 3585.0  6696.098
 3590.0  6690.578
 3595.0  6684.407
 3600.0  6677.152
 3605.0  6668.663
 3610.0  6659.134
 3615.0  6648.654
 3620.0  6637.311
 3625.0  6625.194
 3630.0  6612.391
 3635.0  6598.991
