 2865.0  6905.004
 2870.0  6922.086
 2875.0  6938.317
 2880.0  6953.515
 2885.0  6967.495
 2890.0  6980.074
 2895.0  6991.068
 2900.0  7000.292
 2905.0  7007.971
 2910.0  7014.629
 2915.0  7020.533
 2920.0  7025.948
 2925.0  7031.141
 2930.0  7036.379
 2935.0  7041.928
 2940.0  7048.374
 2945.0  7055.676
 2950.0  7063.161
 2955.0  7070.155
 2960.0  7075.985
 2965.0  7079.976
 2970.0  7081.457
 2975.0  7078.573
 2980.0  7071.137
 2985.0  7060.970
 2990.0  7049.892
 2995.0  7039.724
 3000.0  7032.289
 3005.0  7029.405
 3010.0  7034.488
 3015.0  7047.627
 3020.0  7065.652
 3025.0  7085.397
 3030.0  7103.694
 3035.0  7117.377
 3040.0  7123.276
 3045.0  7124.067
 3050.0  7124.600
 3055.0  7124.971
 3060.0  7125.274
 3065.0  7125.604
 3070.0  7126.058
 3075.0  7126.730
 3080.0  7127.810
 3085.0  7129.390
 3090.0  7131.413
 3095.0  7133.823
 3100.0  7136.566
 3105.0  7139.586
 3110.0  7142.826
 3115.0  7147.621
 3120.0  7154.625
 3125.0  7162.763
 3130.0  7170.963
 3135.0  7178.149
 3140.0  7183.248
 3145.0  7185.187
 3150.0  7184.143
 3155.0  7181.452
 3160.0  7177.771
 3165.0  7173.761
 3170.0  7170.081
 3175.0  7167.390
 3180.0  7166.346
 3185.0  7166.347
 3190.0  7166.351
 3195.0  7166.356
 3200.0  7166.361
 3205.0  7166.366
 3210.0  7166.370
 3215.0  7166.371
 3220.0  7166.103
 3225.0  7165.377
 3230.0  7164.308
 3235.0  7163.013
 3240.0  7161.608
 3245.0  7160.209
 3250.0  7158.933
 3255.0  7157.766
 3260.0  7156.597
 3265.0  7155.397
 3270.0  7154.138
 3275.0  7152.791
 3280.0  7151.328
 3285.0  7149.720
 3290.0  7147.972
 3295.0  7146.084
 3300.0  7144.016
 3305.0  7141.732
 3310.0  7139.192
 3315.0  7136.358
 3320.0  7133.193
 3325.0  7128.884
 3330.0  7123.060
 3335.0  7116.347
 3340.0  7109.370
 3345.0  7102.752
 3350.0  7097.120
 3355.0  7093.098
 3360.0  7090.488
 3365.0  7088.502
 3370.0  7086.880
 3375.0  7085.360
 3380.0  7083.683
 3385.0  7081.588
 3390.0  7078.815
 3395.0  7074.454
 3400.0  7068.144
 3405.0  7060.444
 3410.0  7051.915
 3415.0  7043.116
 3420.0  7034.607
 3425.0  7026.948
 3430.0  7019.865
 3435.0  7012.768
 3440.0  7005.738
 3445.0  6998.856
 3450.0  6992.202
 3455.0  6985.858
 3460.0  6979.905
 3465.0  6974.264
 3470.0  6968.813
 3475.0  6963.566
 3480.0  6958.540
 3485.0  6953.750
 3490.0  6949.212
 3495.0  6944.941
 3500.0  6940.953
 3505.0  6721.384
 3510.0  6708.155
 3515.0  6695.052
 3520.0  6682.075
 3525.0  6669.227
 3530.0  6656.510
 3535.0  6643.874
 3540.0  6631.300
 3545.0  6618.831
 3550.0  6606.511
 3555.0  6594.383
 3560.0  6582.490
 3565.0  6570.877
 3570.0  6559.646
 3575.0  6548.785
 3580.0  6538.163
 3585.0  6527.648
 3590.0  6517.109
 3595.0  6506.416
 3600.0  6495.437
 3605.0  6484.211
 3610.0  6472.863
 3615.0  6461.396
 3620.0  6449.810
 3625.0  6438.109
 3630.0  6426.292
 3635.0  6414.364
