 2865.0  7041.835
 2870.0  7055.420
 2875.0  7068.533
 2880.0  7081.132
 2885.0  7093.176
 2890.0  7104.624
 2895.0  7115.435
 2900.0  7125.567
 2905.0  7134.877
 2910.0  7143.418
 2915.0  7151.444
 2920.0  7159.207
 2925.0  7166.962
 2930.0  7174.961
 2935.0  7183.458
 2940.0  7193.618
 2945.0  7205.614
 2950.0  7218.206
 2955.0  7230.155
 2960.0  7240.224
 2965.0  7247.173
 2970.0  7249.765
 2975.0  7243.755
 2980.0  7228.255
 2985.0  7207.062
 2990.0  7183.971
 2995.0  7162.778
 3000.0  7147.279
 3005.0  7141.269
 3010.0  7145.942
 3015.0  7157.994
 3020.0  7174.473
 3025.0  7192.428
 3030.0  7208.907
 3035.0  7220.959
 3040.0  7225.632
 3045.0  7225.484
 3050.0  7225.102
 3055.0  7224.579
 3060.0  7224.009
 3065.0  7223.487
 3070.0  7223.104
 3075.0  7222.956
 3080.0  7225.408
 3085.0  7231.732
 3090.0  7240.379
 3095.0  7249.801
 3100.0  7258.448
 3105.0  7264.772
 3110.0  7267.224
 3115.0  7265.735
 3120.0  7261.895
 3125.0  7256.645
 3130.0  7250.925
 3135.0  7245.674
 3140.0  7241.835
 3145.0  7240.346
 3150.0  7241.813
 3155.0  7245.596
 3160.0  7250.768
 3165.0  7256.405
 3170.0  7261.577
 3175.0  7265.361
 3180.0  7266.827
 3185.0  7264.203
 3190.0  7257.433
 3195.0  7248.177
 3200.0  7238.092
 3205.0  7228.836
 3210.0  7222.067
 3215.0  7219.442
 3220.0  7221.539
 3225.0  7226.948
 3230.0  7234.344
 3235.0  7242.403
 3240.0  7249.799
 3245.0  7255.208
 3250.0  7257.305
 3255.0  7257.048
 3260.0  7256.316
 3265.0  7255.165
 3270.0  7253.651
 3275.0  7251.832
 3280.0  7249.763
 3285.0  7247.502
 3290.0  7243.714
 3295.0  7237.540
 3300.0  7229.753
 3305.0  7221.127
 3310.0  7212.432
 3315.0  7204.443
 3320.0  7197.932
 3325.0  7192.723
 3330.0  7188.018
 3335.0  7183.654
 3340.0  7179.465
 3345.0  7175.289
 3350.0  7170.962
 3355.0  7166.320
 3360.0  7161.332
 3365.0  7156.128
 3370.0  7150.787
 3375.0  7145.384
 3380.0  7140.000
 3385.0  7134.710
 3390.0  7129.593
 3395.0  7124.617
 3400.0  7119.698
 3405.0  7114.841
 3410.0  7110.049
 3415.0  7105.328
 3420.0  7100.680
 3425.0  7096.111
 3430.0  7091.804
 3435.0  7087.817
 3440.0  7083.959
 3445.0  7080.039
 3450.0  7075.866
 3455.0  7071.251
 3460.0  7066.002
 3465.0  7059.941
 3470.0  7053.065
 3475.0  7045.446
 3480.0  7037.158
 3485.0  7028.272
 3490.0  7018.862
 3495.0  7008.999
 3500.0  6998.757
 3505.0  6767.618
 3510.0  6756.669
 3515.0  6745.668
 3520.0  6734.616
 3525.0  6723.512
 3530.0  6712.358
 3535.0  6700.994
 3540.0  6689.366
 3545.0  6677.633
 3550.0  6665.952
 3555.0  6654.483
 3560.0  6643.383
 3565.0  6632.812
 3570.0  6622.969
 3575.0  6613.764
 3580.0  6604.914
 3585.0  6596.135
 3590.0  6587.147
 3595.0  6577.666
 3600.0  6567.411
 3605.0  6556.376
 3610.0  6544.763
 3615.0  6532.602
 3620.0  6519.923
 3625.0  6506.756
 3630.0  6493.132
 3635.0  6479.079
