 2865.0   963.856
 2870.0   988.723
 2875.0  1013.177
 2880.0  1037.203
 2885.0  1060.790
 2890.0  1083.924
 2895.0  1106.594
 2900.0  1128.787
 2905.0  1150.369
 2910.0  1171.327
 2915.0  1191.828
 2920.0  1212.039
 2925.0  1232.126
 2930.0  1252.256
 2935.0  1272.595
 2940.0  1293.442
 2945.0  1314.746
 2950.0  1336.155
 2955.0  1357.317
 2960.0  1377.877
 2965.0  1397.484
 2970.0  1415.784
 2975.0  1432.865
 2980.0  1449.141
 2985.0  1464.746
 2990.0  1479.813
 2995.0  1494.475
 3000.0  1508.868
 3005.0  1523.124
 3010.0  1536.980
 3015.0  1550.241
 3020.0  1563.149
 3025.0  1575.946
 3030.0  1588.871
 3035.0  1602.167
 3040.0  1616.074
 3045.0  1630.641
 3050.0  1645.686
 3055.0  1661.104
 3060.0  1676.790
 3065.0  1692.637
 3070.0  1708.541
 3075.0  1724.396
 3080.0  1740.731
 3085.0  1757.820
 3090.0  1775.168
 3095.0  1792.283
 3100.0  1808.672
 3105.0  1823.840
 3110.0  1837.296
 3115.0  1848.996
 3120.0  1859.496
 3125.0  1869.200
 3130.0  1878.511
 3135.0  1887.832
 3140.0  1897.566
 3145.0  1908.116
 3150.0  1919.704
 3155.0  1932.063
 3160.0  1944.870
 3165.0  1957.797
 3170.0  1970.521
 3175.0  1982.715
 3180.0  1994.054
 3185.0  2004.665
 3190.0  2014.910
 3195.0  2024.814
 3200.0  2034.406
 3205.0  2043.712
 3210.0  2052.758
 3215.0  2061.572
 3220.0  2070.118
 3225.0  2078.373
 3230.0  2086.391
 3235.0  2094.223
 3240.0  2101.920
 3245.0  2109.534
 3250.0  2117.116
 3255.0  2124.602
 3260.0  2131.925
 3265.0  2139.140
 3270.0  2146.297
 3275.0  2153.451
 3280.0  2160.654
 3285.0  2167.959
 3290.0  2175.537
 3295.0  2183.400
 3300.0  2191.358
 3305.0  2199.222
 3310.0  2206.804
 3315.0  2213.913
 3320.0  2220.362
 3325.0  2226.080
 3330.0  2231.258
 3335.0  2236.092
 3340.0  2240.781
 3345.0  2245.520
 3350.0  2250.508
 3355.0  2255.942
 3360.0  2262.067
 3365.0  2268.806
 3370.0  2275.875
 3375.0  2282.990
 3380.0  2289.867
 3385.0  2296.222
 3390.0  2301.771
 3395.0  2306.495
 3400.0  2310.692
 3405.0  2314.557
 3410.0  2318.282
 3415.0  2322.061
 3420.0  2326.087
 3425.0  2330.553
 3430.0  2335.730
 3435.0  2341.561
 3440.0  2347.742
 3445.0  2353.971
 3450.0  2359.946
 3455.0  2365.363
 3460.0  2369.921
 3465.0  2373.864
 3470.0  2377.611
 3475.0  2381.117
 3480.0  2384.341
 3485.0  2387.237
 3490.0  2389.764
 3495.0  2391.878
 3500.0  2393.536
 3505.0  2308.904
 3510.0  2312.489
 3515.0  2315.765
 3520.0  2318.683
 3525.0  2321.190
 3530.0  2323.236
 3535.0  2324.838
 3540.0  2326.126
 3545.0  2327.219
 3550.0  2328.235
 3555.0  2329.295
 3560.0  2330.516
 3565.0  2332.017
 3570.0  2334.096
 3575.0  2336.787
 3580.0  2339.817
 3585.0  2342.912
 3590.0  2345.798
 3595.0  2348.199
 3600.0  2349.843
 3605.0  2351.001
 3610.0  2352.099
 3615.0  2353.094
 3620.0  2353.943
 3625.0  2354.603
 3630.0  2355.030
 3635.0  2355.182
