 2865.0  1030.191
 2870.0  1056.153
 2875.0  1081.844
 2880.0  1107.259
 2885.0  1132.393
 2890.0  1157.242
 2895.0  1181.800
 2900.0  1206.062
 2905.0  1230.076
 2910.0  1253.868
 2915.0  1277.405
 2920.0  1300.652
 2925.0  1323.578
 2930.0  1346.147
 2935.0  1368.328
 2940.0  1390.345
 2945.0  1412.315
 2950.0  1434.041
 2955.0  1455.324
 2960.0  1475.967
 2965.0  1495.773
 2970.0  1514.543
 2975.0  1532.154
 2980.0  1548.802
 2985.0  1564.762
 2990.0  1580.311
 2995.0  1595.727
 3000.0  1611.287
 3005.0  1627.267
 3010.0  1643.670
 3015.0  1660.251
 3020.0  1676.916
 3025.0  1693.570
 3030.0  1710.120
 3035.0  1726.471
 3040.0  1742.529
 3045.0  1758.418
 3050.0  1774.264
 3055.0  1789.984
 3060.0  1805.491
 3065.0  1820.699
 3070.0  1835.523
 3075.0  1849.876
 3080.0  1863.653
 3085.0  1876.911
 3090.0  1889.812
 3095.0  1902.519
 3100.0  1915.195
 3105.0  1928.001
 3110.0  1941.102
 3115.0  1954.506
 3120.0  1968.073
 3125.0  1981.742
 3130.0  1995.449
 3135.0  2009.132
 3140.0  2022.728
 3145.0  2036.176
 3150.0  2049.657
 3155.0  2063.289
 3160.0  2076.911
 3165.0  2090.363
 3170.0  2103.484
 3175.0  2116.113
 3180.0  2128.090
 3185.0  2139.523
 3190.0  2150.621
 3195.0  2161.375
 3200.0  2171.778
 3205.0  2181.820
 3210.0  2191.493
 3215.0  2200.789
 3220.0  2209.640
 3225.0  2218.059
 3230.0  2226.154
 3235.0  2234.038
 3240.0  2241.821
 3245.0  2249.614
 3250.0  2257.527
 3255.0  2265.639
 3260.0  2273.877
 3265.0  2282.127
 3270.0  2290.274
 3275.0  2298.204
 3280.0  2305.803
 3285.0  2312.956
 3290.0  2319.638
 3295.0  2325.963
 3300.0  2332.030
 3305.0  2337.937
 3310.0  2343.780
 3315.0  2349.660
 3320.0  2355.672
 3325.0  2361.761
 3330.0  2367.820
 3335.0  2373.873
 3340.0  2379.946
 3345.0  2386.061
 3350.0  2392.245
 3355.0  2398.521
 3360.0  2405.212
 3365.0  2412.407
 3370.0  2419.775
 3375.0  2426.988
 3380.0  2433.715
 3385.0  2439.628
 3390.0  2444.397
 3395.0  2448.089
 3400.0  2451.146
 3405.0  2453.804
 3410.0  2456.302
 3415.0  2458.873
 3420.0  2461.756
 3425.0  2465.186
 3430.0  2469.420
 3435.0  2474.391
 3440.0  2479.852
 3445.0  2485.555
 3450.0  2491.253
 3455.0  2496.699
 3460.0  2501.644
 3465.0  2506.197
 3470.0  2510.625
 3475.0  2514.920
 3480.0  2519.075
 3485.0  2523.083
 3490.0  2526.935
 3495.0  2530.624
 3500.0  2534.144
 3505.0  2459.876
 3510.0  2462.831
 3515.0  2465.681
 3520.0  2468.421
 3525.0  2471.043
 3530.0  2473.541
 3535.0  2475.938
 3540.0  2478.255
 3545.0  2480.487
 3550.0  2482.630
 3555.0  2484.676
 3560.0  2486.622
 3565.0  2488.462
 3570.0  2490.279
 3575.0  2492.113
 3580.0  2493.898
 3585.0  2495.567
 3590.0  2497.053
 3595.0  2498.291
 3600.0  2499.212
 3605.0  2499.945
 3610.0  2500.645
 3615.0  2501.282
 3620.0  2501.828
 3625.0  2502.254
 3630.0  2502.530
 3635.0  2502.629
