 2865.0   964.196
 2870.0   987.626
 2875.0  1011.014
 2880.0  1034.360
 2885.0  1057.663
 2890.0  1080.924
 2895.0  1104.142
 2900.0  1127.318
 2905.0  1150.845
 2910.0  1174.854
 2915.0  1198.952
 2920.0  1222.746
 2925.0  1245.843
 2930.0  1267.848
 2935.0  1288.369
 2940.0  1307.352
 2945.0  1325.208
 2950.0  1342.247
 2955.0  1358.776
 2960.0  1375.102
 2965.0  1391.534
 2970.0  1408.380
 2975.0  1425.594
 2980.0  1442.890
 2985.0  1460.208
 2990.0  1477.490
 2995.0  1494.678
 3000.0  1511.712
 3005.0  1528.535
 3010.0  1545.403
 3015.0  1562.455
 3020.0  1579.459
 3025.0  1596.180
 3030.0  1612.386
 3035.0  1627.844
 3040.0  1642.319
 3045.0  1655.689
 3050.0  1668.179
 3055.0  1680.073
 3060.0  1691.654
 3065.0  1703.208
 3070.0  1715.019
 3075.0  1727.370
 3080.0  1740.169
 3085.0  1753.136
 3090.0  1766.278
 3095.0  1779.603
 3100.0  1793.118
 3105.0  1806.829
 3110.0  1820.744
 3115.0  1835.111
 3120.0  1850.015
 3125.0  1865.214
 3130.0  1880.467
 3135.0  1895.535
 3140.0  1910.176
 3145.0  1924.149
 3150.0  1937.730
 3155.0  1951.243
 3160.0  1964.518
 3165.0  1977.387
 3170.0  1989.680
 3175.0  2001.228
 3180.0  2011.861
 3185.0  2021.485
 3190.0  2030.291
 3195.0  2038.542
 3200.0  2046.503
 3205.0  2054.437
 3210.0  2062.607
 3215.0  2071.278
 3220.0  2080.663
 3225.0  2090.606
 3230.0  2100.814
 3235.0  2110.996
 3240.0  2120.859
 3245.0  2130.111
 3250.0  2138.461
 3255.0  2145.835
 3260.0  2152.523
 3265.0  2158.776
 3270.0  2164.845
 3275.0  2170.980
 3280.0  2177.433
 3285.0  2184.454
 3290.0  2192.513
 3295.0  2201.562
 3300.0  2211.085
 3305.0  2220.563
 3310.0  2229.478
 3315.0  2237.312
 3320.0  2243.545
 3325.0  2248.287
 3330.0  2252.199
 3335.0  2255.595
 3340.0  2258.788
 3345.0  2262.094
 3350.0  2265.824
 3355.0  2270.294
 3360.0  2275.922
 3365.0  2282.656
 3370.0  2290.107
 3375.0  2297.888
 3380.0  2305.607
 3385.0  2312.876
 3390.0  2319.305
 3395.0  2325.019
 3400.0  2330.435
 3405.0  2335.601
 3410.0  2340.569
 3415.0  2345.389
 3420.0  2350.111
 3425.0  2354.785
 3430.0  2359.338
 3435.0  2363.706
 3440.0  2367.955
 3445.0  2372.150
 3450.0  2376.355
 3455.0  2380.635
 3460.0  2385.055
 3465.0  2389.597
 3470.0  2394.199
 3475.0  2398.860
 3480.0  2403.578
 3485.0  2408.353
 3490.0  2413.184
 3495.0  2418.070
 3500.0  2423.009
 3505.0  2331.121
 3510.0  2333.498
 3515.0  2335.894
 3520.0  2338.309
 3525.0  2340.743
 3530.0  2343.196
 3535.0  2345.666
 3540.0  2348.152
 3545.0  2350.658
 3550.0  2353.186
 3555.0  2355.739
 3560.0  2358.319
 3565.0  2360.930
 3570.0  2363.722
 3575.0  2366.743
 3580.0  2369.844
 3585.0  2372.872
 3590.0  2375.680
 3595.0  2378.115
 3600.0  2380.027
 3605.0  2381.602
 3610.0  2383.097
 3615.0  2384.471
 3620.0  2385.685
 3625.0  2386.698
 3630.0  2387.470
 3635.0  2387.960
