 2865.0   835.833
 2870.0   856.572
 2875.0   877.160
 2880.0   897.597
 2885.0   917.880
 2890.0   938.008
 2895.0   957.979
 2900.0   977.791
 2905.0   997.482
 2910.0  1017.068
 2915.0  1036.517
 2920.0  1055.796
 2925.0  1074.872
 2930.0  1093.712
 2935.0  1112.283
 2940.0  1130.638
 2945.0  1148.830
 2950.0  1166.825
 2955.0  1184.592
 2960.0  1202.095
 2965.0  1219.304
 2970.0  1236.184
 2975.0  1252.731
 2980.0  1268.985
 2985.0  1284.974
 2990.0  1300.729
 2995.0  1316.280
 3000.0  1331.658
 3005.0  1346.891
 3010.0  1362.089
 3015.0  1377.267
 3020.0  1392.312
 3025.0  1407.114
 3030.0  1421.559
 3035.0  1435.537
 3040.0  1448.935
 3045.0  1461.465
 3050.0  1473.155
 3055.0  1484.373
 3060.0  1495.486
 3065.0  1506.861
 3070.0  1518.866
 3075.0  1531.866
 3080.0  1546.514
 3085.0  1562.762
 3090.0  1579.924
 3095.0  1597.313
 3100.0  1614.245
 3105.0  1630.033
 3110.0  1643.992
 3115.0  1656.315
 3120.0  1667.776
 3125.0  1678.565
 3130.0  1688.869
 3135.0  1698.876
 3140.0  1708.776
 3145.0  1718.756
 3150.0  1728.634
 3155.0  1738.187
 3160.0  1747.545
 3165.0  1756.836
 3170.0  1766.189
 3175.0  1775.734
 3180.0  1785.599
 3185.0  1796.093
 3190.0  1807.210
 3195.0  1818.607
 3200.0  1829.941
 3205.0  1840.867
 3210.0  1851.044
 3215.0  1860.126
 3220.0  1868.081
 3225.0  1875.276
 3230.0  1881.969
 3235.0  1888.418
 3240.0  1894.881
 3245.0  1901.616
 3250.0  1908.881
 3255.0  1916.837
 3260.0  1925.322
 3265.0  1934.107
 3270.0  1942.965
 3275.0  1951.665
 3280.0  1959.981
 3285.0  1967.684
 3290.0  1974.881
 3295.0  1981.835
 3300.0  1988.550
 3305.0  1995.028
 3310.0  2001.274
 3315.0  2007.290
 3320.0  2013.080
 3325.0  2018.553
 3330.0  2023.691
 3335.0  2028.610
 3340.0  2033.428
 3345.0  2038.259
 3350.0  2043.222
 3355.0  2048.432
 3360.0  2053.939
 3365.0  2059.659
 3370.0  2065.512
 3375.0  2071.414
 3380.0  2077.284
 3385.0  2083.039
 3390.0  2088.597
 3395.0  2094.064
 3400.0  2099.551
 3405.0  2104.985
 3410.0  2110.290
 3415.0  2115.393
 3420.0  2120.220
 3425.0  2124.696
 3430.0  2128.727
 3435.0  2132.374
 3440.0  2135.790
 3445.0  2139.132
 3450.0  2142.554
 3455.0  2146.211
 3460.0  2150.259
 3465.0  2154.702
 3470.0  2159.430
 3475.0  2164.425
 3480.0  2169.672
 3485.0  2175.153
 3490.0  2180.851
 3495.0  2186.750
 3500.0  2192.832
 3505.0  2123.753
 3510.0  2126.353
 3515.0  2129.142
 3520.0  2132.102
 3525.0  2135.217
 3530.0  2138.467
 3535.0  2142.180
 3540.0  2146.506
 3545.0  2151.166
 3550.0  2155.881
 3555.0  2160.371
 3560.0  2164.357
 3565.0  2167.558
 3570.0  2170.056
 3575.0  2172.196
 3580.0  2174.097
 3585.0  2175.878
 3590.0  2177.656
 3595.0  2179.551
 3600.0  2181.681
 3605.0  2184.024
 3610.0  2186.475
 3615.0  2189.028
 3620.0  2191.679
 3625.0  2194.422
 3630.0  2197.253
 3635.0  2200.165
