 2865.0   840.816
 2870.0   858.049
 2875.0   875.593
 2880.0   893.442
 2885.0   911.588
 2890.0   930.024
 2895.0   948.744
 2900.0   967.740
 2905.0   987.378
 2910.0  1007.800
 2915.0  1028.656
 2920.0  1049.599
 2925.0  1070.281
 2930.0  1090.354
 2935.0  1109.470
 2940.0  1127.753
 2945.0  1145.579
 2950.0  1162.978
 2955.0  1179.983
 2960.0  1196.625
 2965.0  1212.933
 2970.0  1228.939
 2975.0  1244.612
 2980.0  1259.931
 2985.0  1274.937
 2990.0  1289.673
 2995.0  1304.183
 3000.0  1318.509
 3005.0  1332.694
 3010.0  1346.663
 3015.0  1360.359
 3020.0  1373.852
 3025.0  1387.211
 3030.0  1400.504
 3035.0  1413.801
 3040.0  1427.171
 3045.0  1440.380
 3050.0  1453.288
 3055.0  1466.106
 3060.0  1479.046
 3065.0  1492.320
 3070.0  1506.139
 3075.0  1520.716
 3080.0  1536.941
 3085.0  1554.970
 3090.0  1573.907
 3095.0  1592.857
 3100.0  1610.925
 3105.0  1627.215
 3110.0  1640.833
 3115.0  1652.058
 3120.0  1662.010
 3125.0  1671.048
 3130.0  1679.533
 3135.0  1687.825
 3140.0  1696.284
 3145.0  1705.271
 3150.0  1714.712
 3155.0  1724.263
 3160.0  1733.879
 3165.0  1743.513
 3170.0  1753.118
 3175.0  1762.649
 3180.0  1772.059
 3185.0  1781.380
 3190.0  1790.665
 3195.0  1799.899
 3200.0  1809.065
 3205.0  1818.149
 3210.0  1827.135
 3215.0  1836.007
 3220.0  1844.839
 3225.0  1853.671
 3230.0  1862.439
 3235.0  1871.077
 3240.0  1879.519
 3245.0  1887.700
 3250.0  1895.556
 3255.0  1903.019
 3260.0  1910.141
 3265.0  1917.030
 3270.0  1923.796
 3275.0  1930.546
 3280.0  1937.391
 3285.0  1944.439
 3290.0  1951.788
 3295.0  1959.376
 3300.0  1967.069
 3305.0  1974.734
 3310.0  1982.240
 3315.0  1989.453
 3320.0  1996.241
 3325.0  2002.573
 3330.0  2008.575
 3335.0  2014.346
 3340.0  2019.989
 3345.0  2025.604
 3350.0  2031.293
 3355.0  2037.156
 3360.0  2043.277
 3365.0  2049.595
 3370.0  2055.993
 3375.0  2062.355
 3380.0  2068.566
 3385.0  2074.510
 3390.0  2080.069
 3395.0  2085.190
 3400.0  2089.975
 3405.0  2094.543
 3410.0  2099.016
 3415.0  2103.513
 3420.0  2108.156
 3425.0  2113.064
 3430.0  2118.390
 3435.0  2124.082
 3440.0  2129.959
 3445.0  2135.836
 3450.0  2141.532
 3455.0  2146.863
 3460.0  2151.646
 3465.0  2156.013
 3470.0  2160.202
 3475.0  2164.193
 3480.0  2167.964
 3485.0  2171.495
 3490.0  2174.764
 3495.0  2177.750
 3500.0  2180.433
 3505.0  2114.399
 3510.0  2117.339
 3515.0  2120.323
 3520.0  2123.351
 3525.0  2126.423
 3530.0  2129.536
 3535.0  2132.743
 3540.0  2136.066
 3545.0  2139.453
 3550.0  2142.855
 3555.0  2146.221
 3560.0  2149.500
 3565.0  2152.644
 3570.0  2155.641
 3575.0  2158.536
 3580.0  2161.361
 3585.0  2164.147
 3590.0  2166.926
 3595.0  2169.729
 3600.0  2172.586
 3605.0  2175.489
 3610.0  2178.406
 3615.0  2181.336
 3620.0  2184.281
 3625.0  2187.239
 3630.0  2190.210
 3635.0  2193.195
