 2865.0   893.846
 2870.0   917.730
 2875.0   940.964
 2880.0   963.508
 2885.0   985.326
 2890.0  1006.378
 2895.0  1026.626
 2900.0  1046.033
 2905.0  1064.357
 2910.0  1081.613
 2915.0  1098.143
 2920.0  1114.289
 2925.0  1130.392
 2930.0  1146.796
 2935.0  1163.841
 2940.0  1181.831
 2945.0  1200.570
 2950.0  1219.645
 2955.0  1238.648
 2960.0  1257.169
 2965.0  1274.796
 2970.0  1291.120
 2975.0  1306.053
 2980.0  1319.994
 2985.0  1333.264
 2990.0  1346.184
 2995.0  1359.074
 3000.0  1372.256
 3005.0  1386.049
 3010.0  1400.718
 3015.0  1416.069
 3020.0  1431.744
 3025.0  1447.381
 3030.0  1462.620
 3035.0  1477.100
 3040.0  1490.462
 3045.0  1502.546
 3050.0  1513.673
 3055.0  1524.206
 3060.0  1534.511
 3065.0  1544.948
 3070.0  1555.883
 3075.0  1567.677
 3080.0  1580.707
 3085.0  1594.810
 3090.0  1609.539
 3095.0  1624.447
 3100.0  1639.089
 3105.0  1653.019
 3110.0  1665.790
 3115.0  1677.448
 3120.0  1688.451
 3125.0  1698.972
 3130.0  1709.184
 3135.0  1719.258
 3140.0  1729.369
 3145.0  1739.688
 3150.0  1750.306
 3155.0  1761.099
 3160.0  1771.920
 3165.0  1782.621
 3170.0  1793.055
 3175.0  1803.074
 3180.0  1812.529
 3185.0  1821.432
 3190.0  1829.942
 3195.0  1838.140
 3200.0  1846.106
 3205.0  1853.918
 3210.0  1861.657
 3215.0  1869.401
 3220.0  1877.305
 3225.0  1885.351
 3230.0  1893.364
 3235.0  1901.168
 3240.0  1908.588
 3245.0  1915.447
 3250.0  1921.570
 3255.0  1927.050
 3260.0  1932.140
 3265.0  1936.899
 3270.0  1941.388
 3275.0  1945.667
 3280.0  1949.798
 3285.0  1953.841
 3290.0  1957.586
 3295.0  1960.923
 3300.0  1964.061
 3305.0  1967.206
 3310.0  1970.568
 3315.0  1974.355
 3320.0  1978.774
 3325.0  1984.543
 3330.0  1991.845
 3335.0  2000.081
 3340.0  2008.654
 3345.0  2016.968
 3350.0  2024.426
 3355.0  2030.430
 3360.0  2035.268
 3365.0  2039.670
 3370.0  2043.704
 3375.0  2047.439
 3380.0  2050.943
 3385.0  2054.284
 3390.0  2057.529
 3395.0  2060.654
 3400.0  2063.606
 3405.0  2066.416
 3410.0  2069.113
 3415.0  2071.728
 3420.0  2074.291
 3425.0  2076.832
 3430.0  2079.261
 3435.0  2081.525
 3440.0  2083.707
 3445.0  2085.892
 3450.0  2088.165
 3455.0  2090.609
 3460.0  2093.309
 3465.0  2096.292
 3470.0  2099.519
 3475.0  2102.972
 3480.0  2106.636
 3485.0  2110.492
 3490.0  2114.526
 3495.0  2118.720
 3500.0  2123.057
 3505.0  1991.816
 3510.0  1992.215
 3515.0  1992.687
 3520.0  1993.216
 3525.0  1993.790
 3530.0  1994.396
 3535.0  1995.241
 3540.0  1996.427
 3545.0  1997.782
 3550.0  1999.135
 3555.0  2000.314
 3560.0  2001.148
 3565.0  2001.463
 3570.0  2001.447
 3575.0  2001.405
 3580.0  2001.348
 3585.0  2001.286
 3590.0  2001.228
 3595.0  2001.186
 3600.0  2001.170
 3605.0  2001.189
 3610.0  2001.243
 3615.0  2001.329
 3620.0  2001.442
 3625.0  2001.579
 3630.0  2001.736
 3635.0  2001.909
