 2865.0   876.908
 2870.0   898.606
 2875.0   920.284
 2880.0   941.943
 2885.0   963.583
 2890.0   985.203
 2895.0  1006.804
 2900.0  1028.384
 2905.0  1050.191
 2910.0  1072.306
 2915.0  1094.482
 2920.0  1116.476
 2925.0  1138.042
 2930.0  1158.934
 2935.0  1178.907
 2940.0  1197.910
 2945.0  1216.178
 2950.0  1233.897
 2955.0  1251.252
 2960.0  1268.427
 2965.0  1285.608
 2970.0  1302.981
 2975.0  1320.695
 2980.0  1338.640
 2985.0  1356.600
 2990.0  1374.364
 2995.0  1391.718
 3000.0  1408.450
 3005.0  1424.346
 3010.0  1439.400
 3015.0  1453.834
 3020.0  1467.782
 3025.0  1481.378
 3030.0  1494.757
 3035.0  1508.051
 3040.0  1521.396
 3045.0  1534.504
 3050.0  1547.164
 3055.0  1559.622
 3060.0  1572.123
 3065.0  1584.913
 3070.0  1598.239
 3075.0  1612.347
 3080.0  1627.765
 3085.0  1644.493
 3090.0  1661.983
 3095.0  1679.688
 3100.0  1697.060
 3105.0  1713.551
 3110.0  1728.614
 3115.0  1742.385
 3120.0  1755.457
 3125.0  1767.965
 3130.0  1780.043
 3135.0  1791.828
 3140.0  1803.453
 3145.0  1815.055
 3150.0  1826.621
 3155.0  1838.038
 3160.0  1849.280
 3165.0  1860.325
 3170.0  1871.149
 3175.0  1881.728
 3180.0  1892.040
 3185.0  1902.075
 3190.0  1911.860
 3195.0  1921.430
 3200.0  1930.820
 3205.0  1940.064
 3210.0  1949.196
 3215.0  1958.251
 3220.0  1967.165
 3225.0  1975.887
 3230.0  1984.478
 3235.0  1992.995
 3240.0  2001.498
 3245.0  2010.045
 3250.0  2018.695
 3255.0  2027.578
 3260.0  2036.687
 3265.0  2045.871
 3270.0  2054.980
 3275.0  2063.863
 3280.0  2072.371
 3285.0  2080.352
 3290.0  2087.824
 3295.0  2094.949
 3300.0  2101.800
 3305.0  2108.447
 3310.0  2114.962
 3315.0  2121.416
 3320.0  2127.879
 3325.0  2134.316
 3330.0  2140.652
 3335.0  2146.904
 3340.0  2153.090
 3345.0  2159.227
 3350.0  2165.333
 3355.0  2171.424
 3360.0  2177.511
 3365.0  2183.582
 3370.0  2189.623
 3375.0  2195.617
 3380.0  2201.550
 3385.0  2207.407
 3390.0  2213.170
 3395.0  2218.872
 3400.0  2224.536
 3405.0  2230.141
 3410.0  2235.666
 3415.0  2241.089
 3420.0  2246.388
 3425.0  2251.541
 3430.0  2256.527
 3435.0  2261.361
 3440.0  2266.083
 3445.0  2270.729
 3450.0  2275.338
 3455.0  2279.947
 3460.0  2284.593
 3465.0  2289.265
 3470.0  2293.925
 3475.0  2298.573
 3480.0  2303.208
 3485.0  2307.831
 3490.0  2312.441
 3495.0  2317.040
 3500.0  2321.625
 3505.0  2251.876
 3510.0  2254.899
 3515.0  2258.018
 3520.0  2261.229
 3525.0  2264.528
 3530.0  2267.911
 3535.0  2271.536
 3540.0  2275.468
 3545.0  2279.559
 3550.0  2283.660
 3555.0  2287.625
 3560.0  2291.304
 3565.0  2294.551
 3570.0  2297.404
 3575.0  2300.033
 3580.0  2302.493
 3585.0  2304.837
 3590.0  2307.119
 3595.0  2309.391
 3600.0  2311.706
 3605.0  2314.050
 3610.0  2316.369
 3615.0  2318.663
 3620.0  2320.931
 3625.0  2323.174
 3630.0  2325.390
 3635.0  2327.579
