 2865.0   943.999
 2870.0   970.716
 2875.0   996.674
 2880.0  1021.824
 2885.0  1046.120
 2890.0  1069.512
 2895.0  1091.954
 2900.0  1113.398
 2905.0  1133.624
 2910.0  1152.676
 2915.0  1170.901
 2920.0  1188.645
 2925.0  1206.254
 2930.0  1224.075
 2935.0  1242.454
 2940.0  1261.555
 2945.0  1281.128
 2950.0  1300.893
 2955.0  1320.572
 2960.0  1339.887
 2965.0  1358.559
 2970.0  1376.310
 2975.0  1393.062
 2980.0  1409.070
 2985.0  1424.555
 2990.0  1439.737
 2995.0  1454.839
 3000.0  1470.081
 3005.0  1485.684
 3010.0  1501.895
 3015.0  1518.602
 3020.0  1535.484
 3025.0  1552.221
 3030.0  1568.492
 3035.0  1583.978
 3040.0  1598.356
 3045.0  1611.428
 3050.0  1623.468
 3055.0  1634.872
 3060.0  1646.036
 3065.0  1657.353
 3070.0  1669.220
 3075.0  1682.031
 3080.0  1696.162
 3085.0  1711.424
 3090.0  1727.371
 3095.0  1743.552
 3100.0  1759.519
 3105.0  1774.825
 3110.0  1789.019
 3115.0  1802.249
 3120.0  1814.998
 3125.0  1827.324
 3130.0  1839.282
 3135.0  1850.930
 3140.0  1862.325
 3145.0  1873.524
 3150.0  1884.456
 3155.0  1895.059
 3160.0  1905.407
 3165.0  1915.570
 3170.0  1925.620
 3175.0  1935.631
 3180.0  1945.674
 3185.0  1955.903
 3190.0  1966.306
 3195.0  1976.706
 3200.0  1986.928
 3205.0  1996.793
 3210.0  2006.126
 3215.0  2014.749
 3220.0  2022.687
 3225.0  2030.149
 3230.0  2037.240
 3235.0  2044.062
 3240.0  2050.718
 3245.0  2057.312
 3250.0  2063.947
 3255.0  2070.559
 3260.0  2077.038
 3265.0  2083.418
 3270.0  2089.732
 3275.0  2096.016
 3280.0  2102.302
 3285.0  2108.625
 3290.0  2114.932
 3295.0  2121.176
 3300.0  2127.397
 3305.0  2133.637
 3310.0  2139.938
 3315.0  2146.341
 3320.0  2152.887
 3325.0  2159.955
 3330.0  2167.636
 3335.0  2175.542
 3340.0  2183.289
 3345.0  2190.487
 3350.0  2196.750
 3355.0  2201.691
 3360.0  2205.420
 3365.0  2208.472
 3370.0  2211.099
 3375.0  2213.552
 3380.0  2216.081
 3385.0  2218.940
 3390.0  2222.379
 3395.0  2226.792
 3400.0  2232.156
 3405.0  2238.092
 3410.0  2244.219
 3415.0  2250.159
 3420.0  2255.534
 3425.0  2259.964
 3430.0  2263.498
 3435.0  2266.557
 3440.0  2269.314
 3445.0  2271.943
 3450.0  2274.619
 3455.0  2277.516
 3460.0  2280.808
 3465.0  2284.493
 3470.0  2288.440
 3475.0  2292.633
 3480.0  2297.055
 3485.0  2301.690
 3490.0  2306.521
 3495.0  2311.531
 3500.0  2316.705
 3505.0  2247.616
 3510.0  2251.157
 3515.0  2254.333
 3520.0  2257.066
 3525.0  2259.279
 3530.0  2260.895
 3535.0  2262.099
 3540.0  2263.140
 3545.0  2264.041
 3550.0  2264.820
 3555.0  2265.501
 3560.0  2266.103
 3565.0  2266.647
 3570.0  2267.180
 3575.0  2267.713
 3580.0  2268.216
 3585.0  2268.659
 3590.0  2269.012
 3595.0  2269.247
 3600.0  2269.331
 3605.0  2268.238
 3610.0  2265.166
 3615.0  2260.428
 3620.0  2254.333
 3625.0  2247.195
 3630.0  2239.324
 3635.0  2231.032
