 2865.0   944.637
 2870.0   970.944
 2875.0   996.819
 2880.0  1022.249
 2885.0  1047.222
 2890.0  1071.724
 2895.0  1095.743
 2900.0  1119.266
 2905.0  1142.135
 2910.0  1164.330
 2915.0  1186.041
 2920.0  1207.462
 2925.0  1228.784
 2930.0  1250.200
 2935.0  1271.902
 2940.0  1294.328
 2945.0  1317.452
 2950.0  1340.775
 2955.0  1363.792
 2960.0  1386.003
 2965.0  1406.904
 2970.0  1425.995
 2975.0  1443.354
 2980.0  1459.570
 2985.0  1474.906
 2990.0  1489.628
 2995.0  1504.000
 3000.0  1518.285
 3005.0  1532.748
 3010.0  1547.195
 3015.0  1561.331
 3020.0  1575.269
 3025.0  1589.121
 3030.0  1602.999
 3035.0  1617.016
 3040.0  1631.285
 3045.0  1645.740
 3050.0  1660.263
 3055.0  1674.882
 3060.0  1689.628
 3065.0  1704.530
 3070.0  1719.621
 3075.0  1734.928
 3080.0  1751.041
 3085.0  1768.135
 3090.0  1785.618
 3095.0  1802.900
 3100.0  1819.389
 3105.0  1834.495
 3110.0  1847.626
 3115.0  1858.764
 3120.0  1868.590
 3125.0  1877.563
 3130.0  1886.142
 3135.0  1894.786
 3140.0  1903.954
 3145.0  1914.106
 3150.0  1925.407
 3155.0  1937.544
 3160.0  1950.257
 3165.0  1963.285
 3170.0  1976.369
 3175.0  1989.249
 3180.0  2001.663
 3185.0  2014.148
 3190.0  2027.115
 3195.0  2040.119
 3200.0  2052.717
 3205.0  2064.464
 3210.0  2074.917
 3215.0  2083.630
 3220.0  2090.641
 3225.0  2096.553
 3230.0  2101.769
 3235.0  2106.692
 3240.0  2111.728
 3245.0  2117.278
 3250.0  2123.748
 3255.0  2131.441
 3260.0  2140.177
 3265.0  2149.631
 3270.0  2159.483
 3275.0  2169.407
 3280.0  2179.082
 3285.0  2188.185
 3290.0  2197.029
 3295.0  2206.014
 3300.0  2214.937
 3305.0  2223.600
 3310.0  2231.802
 3315.0  2239.343
 3320.0  2246.023
 3325.0  2251.930
 3330.0  2257.351
 3335.0  2262.384
 3340.0  2267.127
 3345.0  2271.679
 3350.0  2276.137
 3355.0  2280.600
 3360.0  2284.874
 3365.0  2288.811
 3370.0  2292.585
 3375.0  2296.369
 3380.0  2300.336
 3385.0  2304.659
 3390.0  2309.511
 3395.0  2315.324
 3400.0  2322.156
 3405.0  2329.619
 3410.0  2337.320
 3415.0  2344.872
 3420.0  2351.884
 3425.0  2357.965
 3430.0  2363.117
 3435.0  2367.733
 3440.0  2372.014
 3445.0  2376.158
 3450.0  2380.366
 3455.0  2384.837
 3460.0  2389.771
 3465.0  2395.152
 3470.0  2400.819
 3475.0  2406.757
 3480.0  2412.953
 3485.0  2419.390
 3490.0  2426.054
 3495.0  2432.930
 3500.0  2440.002
 3505.0  2350.505
 3510.0  2351.866
 3515.0  2353.431
 3520.0  2355.165
 3525.0  2357.036
 3530.0  2359.009
 3535.0  2361.267
 3540.0  2363.949
 3545.0  2366.965
 3550.0  2370.223
 3555.0  2373.632
 3560.0  2377.100
 3565.0  2380.537
 3570.0  2384.206
 3575.0  2388.283
 3580.0  2392.545
 3585.0  2396.769
 3590.0  2400.730
 3595.0  2404.206
 3600.0  2406.972
 3605.0  2409.266
 3610.0  2411.441
 3615.0  2413.448
 3620.0  2415.237
 3625.0  2416.762
 3630.0  2417.973
 3635.0  2418.821
