 2865.0   948.908
 2870.0   973.662
 2875.0   997.970
 2880.0  1021.818
 2885.0  1045.190
 2890.0  1068.072
 2895.0  1090.449
 2900.0  1112.305
 2905.0  1133.605
 2910.0  1154.372
 2915.0  1174.684
 2920.0  1194.616
 2925.0  1214.244
 2930.0  1233.644
 2935.0  1252.893
 2940.0  1271.898
 2945.0  1290.569
 2950.0  1308.983
 2955.0  1327.216
 2960.0  1345.346
 2965.0  1363.450
 2970.0  1381.605
 2975.0  1400.118
 2980.0  1419.026
 2985.0  1437.993
 2990.0  1456.687
 2995.0  1474.776
 3000.0  1491.925
 3005.0  1507.802
 3010.0  1522.330
 3015.0  1535.856
 3020.0  1548.683
 3025.0  1561.113
 3030.0  1573.447
 3035.0  1585.990
 3040.0  1599.041
 3045.0  1612.440
 3050.0  1625.865
 3055.0  1639.382
 3060.0  1653.054
 3065.0  1666.949
 3070.0  1681.130
 3075.0  1695.663
 3080.0  1710.989
 3085.0  1727.211
 3090.0  1743.884
 3095.0  1760.564
 3100.0  1776.808
 3105.0  1792.171
 3110.0  1806.210
 3115.0  1818.912
 3120.0  1830.734
 3125.0  1841.941
 3130.0  1852.795
 3135.0  1863.561
 3140.0  1874.501
 3145.0  1885.880
 3150.0  1897.835
 3155.0  1910.180
 3160.0  1922.691
 3165.0  1935.146
 3170.0  1947.319
 3175.0  1958.988
 3180.0  1969.929
 3185.0  1980.232
 3190.0  1990.157
 3195.0  1999.736
 3200.0  2009.004
 3205.0  2017.992
 3210.0  2026.735
 3215.0  2035.265
 3220.0  2043.543
 3225.0  2051.540
 3230.0  2059.309
 3235.0  2066.900
 3240.0  2074.365
 3245.0  2081.754
 3250.0  2089.119
 3255.0  2096.437
 3260.0  2103.656
 3265.0  2110.787
 3270.0  2117.840
 3275.0  2124.824
 3280.0  2131.750
 3285.0  2138.627
 3290.0  2145.464
 3295.0  2152.254
 3300.0  2158.990
 3305.0  2165.661
 3310.0  2172.259
 3315.0  2178.774
 3320.0  2185.197
 3325.0  2191.573
 3330.0  2197.929
 3335.0  2204.225
 3340.0  2210.422
 3345.0  2216.479
 3350.0  2222.358
 3355.0  2228.019
 3360.0  2233.411
 3365.0  2238.561
 3370.0  2243.548
 3375.0  2248.451
 3380.0  2253.349
 3385.0  2258.321
 3390.0  2263.446
 3395.0  2268.678
 3400.0  2273.934
 3405.0  2279.233
 3410.0  2284.598
 3415.0  2290.048
 3420.0  2295.607
 3425.0  2301.294
 3430.0  2307.433
 3435.0  2314.116
 3440.0  2321.022
 3445.0  2327.827
 3450.0  2334.209
 3455.0  2339.845
 3460.0  2344.413
 3465.0  2348.263
 3470.0  2351.911
 3475.0  2355.286
 3480.0  2358.313
 3485.0  2360.920
 3490.0  2363.035
 3495.0  2364.584
 3500.0  2365.495
 3505.0  2273.893
 3510.0  2277.631
 3515.0  2281.184
 3520.0  2284.536
 3525.0  2287.671
 3530.0  2290.574
 3535.0  2293.145
 3540.0  2295.388
 3545.0  2297.447
 3550.0  2299.462
 3555.0  2301.575
 3560.0  2303.929
 3565.0  2306.666
 3570.0  2310.485
 3575.0  2315.550
 3580.0  2321.191
 3585.0  2326.741
 3590.0  2331.533
 3595.0  2334.897
 3600.0  2336.167
 3605.0  2336.163
 3610.0  2336.131
 3615.0  2336.045
 3620.0  2335.876
 3625.0  2335.599
 3630.0  2335.185
 3635.0  2334.608
