 2865.0   565.541
 2870.0   579.138
 2875.0   592.606
 2880.0   605.945
 2885.0   619.152
 2890.0   632.225
 2895.0   645.162
 2900.0   657.962
 2905.0   670.715
 2910.0   683.458
 2915.0   696.104
 2920.0   708.566
 2925.0   720.759
 2930.0   732.595
 2935.0   743.987
 2940.0   754.955
 2945.0   765.599
 2950.0   775.959
 2955.0   786.072
 2960.0   795.979
 2965.0   805.717
 2970.0   815.326
 2975.0   824.780
 2980.0   834.042
 2985.0   843.137
 2990.0   852.088
 2995.0   860.918
 3000.0   869.650
 3005.0   878.309
 3010.0   886.907
 3015.0   895.431
 3020.0   903.865
 3025.0   912.189
 3030.0   920.389
 3035.0   928.445
 3040.0   936.341
 3045.0   943.991
 3050.0   951.388
 3055.0   958.629
 3060.0   965.814
 3065.0   973.042
 3070.0   980.411
 3075.0   988.020
 3080.0   996.002
 3085.0  1004.315
 3090.0  1012.801
 3095.0  1021.302
 3100.0  1029.658
 3105.0  1037.711
 3110.0  1045.301
 3115.0  1052.503
 3120.0  1059.498
 3125.0  1066.289
 3130.0  1072.882
 3135.0  1079.278
 3140.0  1085.481
 3145.0  1091.496
 3150.0  1097.272
 3155.0  1102.802
 3160.0  1108.153
 3165.0  1113.390
 3170.0  1118.580
 3175.0  1123.789
 3180.0  1129.083
 3185.0  1134.498
 3190.0  1139.986
 3195.0  1145.490
 3200.0  1150.953
 3205.0  1156.318
 3210.0  1161.528
 3215.0  1166.525
 3220.0  1171.488
 3225.0  1176.533
 3230.0  1181.513
 3235.0  1186.281
 3240.0  1190.690
 3245.0  1194.594
 3250.0  1197.844
 3255.0  1200.434
 3260.0  1202.575
 3265.0  1204.441
 3270.0  1206.208
 3275.0  1208.051
 3280.0  1210.144
 3285.0  1212.665
 3290.0  1215.953
 3295.0  1220.026
 3300.0  1224.577
 3305.0  1229.293
 3310.0  1233.866
 3315.0  1237.987
 3320.0  1241.344
 3325.0  1243.981
 3330.0  1246.240
 3335.0  1248.263
 3340.0  1250.192
 3345.0  1252.168
 3350.0  1254.333
 3355.0  1256.830
 3360.0  1259.842
 3365.0  1263.331
 3370.0  1267.107
 3375.0  1270.982
 3380.0  1274.767
 3385.0  1278.271
 3390.0  1281.306
 3395.0  1283.933
 3400.0  1286.365
 3405.0  1288.645
 3410.0  1290.812
 3415.0  1292.907
 3420.0  1294.973
 3425.0  1297.048
 3430.0  1299.221
 3435.0  1301.484
 3440.0  1303.741
 3445.0  1305.895
 3450.0  1307.849
 3455.0  1309.505
 3460.0  1310.768
 3465.0  1311.789
 3470.0  1312.765
 3475.0  1313.658
 3480.0  1314.432
 3485.0  1315.050
 3490.0  1315.476
 3495.0  1315.674
 3500.0  1315.607
 3505.0  1238.505
 3510.0  1238.843
 3515.0  1239.269
 3520.0  1239.762
 3525.0  1240.301
 3530.0  1240.865
 3535.0  1241.547
 3540.0  1242.428
 3545.0  1243.475
 3550.0  1244.651
 3555.0  1245.920
 3560.0  1247.247
 3565.0  1248.595
 3570.0  1250.253
 3575.0  1252.364
 3580.0  1254.670
 3585.0  1256.911
 3590.0  1258.832
 3595.0  1260.173
 3600.0  1260.678
 3605.0  1260.648
 3610.0  1260.516
 3615.0  1260.216
 3620.0  1259.683
 3625.0  1258.852
 3630.0  1257.659
 3635.0  1256.037
