 2865.0   941.069
 2870.0   965.576
 2875.0   989.719
 2880.0  1013.487
 2885.0  1036.871
 2890.0  1059.862
 2895.0  1082.448
 2900.0  1104.622
 2905.0  1126.469
 2910.0  1148.044
 2915.0  1169.284
 2920.0  1190.128
 2925.0  1210.514
 2930.0  1230.381
 2935.0  1249.667
 2940.0  1268.258
 2945.0  1286.197
 2950.0  1303.657
 2955.0  1320.812
 2960.0  1337.834
 2965.0  1354.897
 2970.0  1372.174
 2975.0  1389.868
 2980.0  1407.890
 2985.0  1425.982
 2990.0  1443.885
 2995.0  1461.339
 3000.0  1478.086
 3005.0  1493.865
 3010.0  1508.564
 3015.0  1522.421
 3020.0  1535.705
 3025.0  1548.685
 3030.0  1561.631
 3035.0  1574.810
 3040.0  1588.491
 3045.0  1602.705
 3050.0  1617.224
 3055.0  1631.937
 3060.0  1646.730
 3065.0  1661.489
 3070.0  1676.102
 3075.0  1690.455
 3080.0  1704.681
 3085.0  1718.928
 3090.0  1733.103
 3095.0  1747.112
 3100.0  1760.863
 3105.0  1774.262
 3110.0  1787.215
 3115.0  1799.674
 3120.0  1811.721
 3125.0  1823.459
 3130.0  1834.996
 3135.0  1846.434
 3140.0  1857.878
 3145.0  1869.434
 3150.0  1881.339
 3155.0  1893.577
 3160.0  1905.877
 3165.0  1917.969
 3170.0  1929.582
 3175.0  1940.443
 3180.0  1950.281
 3185.0  1959.006
 3190.0  1966.902
 3195.0  1974.261
 3200.0  1981.373
 3205.0  1988.532
 3210.0  1996.027
 3215.0  2004.152
 3220.0  2013.225
 3225.0  2023.111
 3230.0  2033.425
 3235.0  2043.780
 3240.0  2053.792
 3245.0  2063.074
 3250.0  2071.240
 3255.0  2078.416
 3260.0  2085.061
 3265.0  2091.283
 3270.0  2097.195
 3275.0  2102.906
 3280.0  2108.527
 3285.0  2114.169
 3290.0  2119.678
 3295.0  2124.911
 3300.0  2129.992
 3305.0  2135.047
 3310.0  2140.200
 3315.0  2145.577
 3320.0  2151.302
 3325.0  2157.495
 3330.0  2164.101
 3335.0  2170.983
 3340.0  2178.006
 3345.0  2185.033
 3350.0  2191.927
 3355.0  2198.552
 3360.0  2205.024
 3365.0  2211.508
 3370.0  2217.934
 3375.0  2224.236
 3380.0  2230.344
 3385.0  2236.192
 3390.0  2241.711
 3395.0  2246.928
 3400.0  2251.930
 3405.0  2256.742
 3410.0  2261.390
 3415.0  2265.898
 3420.0  2270.290
 3425.0  2274.592
 3430.0  2278.776
 3435.0  2282.817
 3440.0  2286.745
 3445.0  2290.591
 3450.0  2294.384
 3455.0  2298.155
 3460.0  2301.935
 3465.0  2305.713
 3470.0  2309.462
 3475.0  2313.181
 3480.0  2316.869
 3485.0  2320.525
 3490.0  2324.151
 3495.0  2327.745
 3500.0  2331.306
 3505.0  2275.368
 3510.0  2277.776
 3515.0  2280.129
 3520.0  2282.424
 3525.0  2284.659
 3530.0  2286.833
 3535.0  2288.934
 3540.0  2290.965
 3545.0  2292.940
 3550.0  2294.877
 3555.0  2296.791
 3560.0  2298.699
 3565.0  2300.615
 3570.0  2302.658
 3575.0  2304.850
 3580.0  2307.072
 3585.0  2309.201
 3590.0  2311.116
 3595.0  2312.695
 3600.0  2313.816
 3605.0  2314.656
 3610.0  2315.450
 3615.0  2316.168
 3620.0  2316.780
 3625.0  2317.254
 3630.0  2317.562
 3635.0  2317.671
