 2865.0   973.674
 2870.0   998.914
 2875.0  1023.691
 2880.0  1047.986
 2885.0  1071.785
 2890.0  1095.072
 2895.0  1117.830
 2900.0  1140.043
 2905.0  1161.542
 2910.0  1182.309
 2915.0  1202.557
 2920.0  1222.499
 2925.0  1242.345
 2930.0  1262.310
 2935.0  1282.604
 2940.0  1303.734
 2945.0  1325.680
 2950.0  1347.865
 2955.0  1369.714
 2960.0  1390.651
 2965.0  1410.100
 2970.0  1427.484
 2975.0  1442.671
 2980.0  1456.284
 2985.0  1468.880
 2990.0  1481.019
 2995.0  1493.257
 3000.0  1506.153
 3005.0  1520.266
 3010.0  1535.973
 3015.0  1552.952
 3020.0  1570.704
 3025.0  1588.729
 3030.0  1606.529
 3035.0  1623.606
 3040.0  1639.461
 3045.0  1654.124
 3050.0  1668.086
 3055.0  1681.541
 3060.0  1694.682
 3065.0  1707.704
 3070.0  1720.798
 3075.0  1734.159
 3080.0  1747.769
 3085.0  1761.449
 3090.0  1775.153
 3095.0  1788.835
 3100.0  1802.449
 3105.0  1815.948
 3110.0  1829.286
 3115.0  1842.508
 3120.0  1855.669
 3125.0  1868.746
 3130.0  1881.710
 3135.0  1894.536
 3140.0  1907.198
 3145.0  1919.669
 3150.0  1931.916
 3155.0  1943.958
 3160.0  1955.840
 3165.0  1967.611
 3170.0  1979.318
 3175.0  1991.008
 3180.0  2002.728
 3185.0  2014.816
 3190.0  2027.342
 3195.0  2039.955
 3200.0  2052.299
 3205.0  2064.023
 3210.0  2074.773
 3215.0  2084.196
 3220.0  2092.285
 3225.0  2099.469
 3230.0  2106.046
 3235.0  2112.319
 3240.0  2118.585
 3245.0  2125.147
 3250.0  2132.302
 3255.0  2140.506
 3260.0  2149.655
 3265.0  2159.220
 3270.0  2168.667
 3275.0  2177.465
 3280.0  2185.081
 3285.0  2190.985
 3290.0  2195.350
 3295.0  2198.905
 3300.0  2201.949
 3305.0  2204.781
 3310.0  2207.702
 3315.0  2211.011
 3320.0  2215.007
 3325.0  2219.900
 3330.0  2225.573
 3335.0  2231.837
 3340.0  2238.502
 3345.0  2245.379
 3350.0  2252.277
 3355.0  2259.007
 3360.0  2265.891
 3365.0  2273.206
 3370.0  2280.699
 3375.0  2288.116
 3380.0  2295.204
 3385.0  2301.709
 3390.0  2307.378
 3395.0  2312.224
 3400.0  2316.544
 3405.0  2320.509
 3410.0  2324.290
 3415.0  2328.061
 3420.0  2331.993
 3425.0  2336.258
 3430.0  2340.911
 3435.0  2345.825
 3440.0  2350.897
 3445.0  2356.024
 3450.0  2361.103
 3455.0  2366.031
 3460.0  2370.705
 3465.0  2375.172
 3470.0  2379.546
 3475.0  2383.822
 3480.0  2387.997
 3485.0  2392.066
 3490.0  2396.027
 3495.0  2399.875
 3500.0  2403.606
 3505.0  2330.200
 3510.0  2334.191
 3515.0  2337.881
 3520.0  2341.227
 3525.0  2344.186
 3530.0  2346.717
 3535.0  2348.954
 3540.0  2351.048
 3545.0  2352.974
 3550.0  2354.710
 3555.0  2356.235
 3560.0  2357.524
 3565.0  2358.556
 3570.0  2359.451
 3575.0  2360.316
 3580.0  2361.113
 3585.0  2361.802
 3590.0  2362.342
 3595.0  2362.696
 3600.0  2362.822
 3605.0  2361.745
 3610.0  2358.710
 3615.0  2354.015
 3620.0  2347.957
 3625.0  2340.833
 3630.0  2332.942
 3635.0  2324.578
