 2865.0   960.545
 2870.0   984.038
 2875.0  1006.985
 2880.0  1029.362
 2885.0  1051.143
 2890.0  1072.303
 2895.0  1092.815
 2900.0  1112.655
 2905.0  1131.550
 2910.0  1149.473
 2915.0  1166.763
 2920.0  1183.760
 2925.0  1200.804
 2930.0  1218.235
 2935.0  1236.393
 2940.0  1255.568
 2945.0  1275.564
 2950.0  1295.994
 2955.0  1316.471
 2960.0  1336.609
 2965.0  1356.020
 2970.0  1374.318
 2975.0  1391.526
 2980.0  1408.032
 2985.0  1424.002
 2990.0  1439.597
 2995.0  1454.982
 3000.0  1470.320
 3005.0  1485.774
 3010.0  1501.372
 3015.0  1516.978
 3020.0  1532.514
 3025.0  1547.899
 3030.0  1563.055
 3035.0  1577.901
 3040.0  1592.359
 3045.0  1606.328
 3050.0  1619.860
 3055.0  1633.095
 3060.0  1646.178
 3065.0  1659.250
 3070.0  1672.454
 3075.0  1685.933
 3080.0  1699.712
 3085.0  1713.671
 3090.0  1727.743
 3095.0  1741.856
 3100.0  1755.943
 3105.0  1769.933
 3110.0  1783.758
 3115.0  1797.642
 3120.0  1811.723
 3125.0  1825.800
 3130.0  1839.673
 3135.0  1853.141
 3140.0  1866.005
 3145.0  1878.063
 3150.0  1889.308
 3155.0  1899.962
 3160.0  1910.163
 3165.0  1920.051
 3170.0  1929.765
 3175.0  1939.445
 3180.0  1949.230
 3185.0  1959.289
 3190.0  1969.556
 3195.0  1979.818
 3200.0  1989.862
 3205.0  1999.473
 3210.0  2008.438
 3215.0  2016.544
 3220.0  2023.773
 3225.0  2030.375
 3230.0  2036.539
 3235.0  2042.452
 3240.0  2048.303
 3245.0  2054.280
 3250.0  2060.571
 3255.0  2067.142
 3260.0  2073.816
 3265.0  2080.566
 3270.0  2087.367
 3275.0  2094.192
 3280.0  2101.015
 3285.0  2107.810
 3290.0  2114.700
 3295.0  2121.749
 3300.0  2128.844
 3305.0  2135.869
 3310.0  2142.710
 3315.0  2149.253
 3320.0  2155.384
 3325.0  2161.149
 3330.0  2166.685
 3335.0  2172.016
 3340.0  2177.162
 3345.0  2182.148
 3350.0  2186.995
 3355.0  2191.725
 3360.0  2196.265
 3365.0  2200.579
 3370.0  2204.746
 3375.0  2208.846
 3380.0  2212.959
 3385.0  2217.165
 3390.0  2221.543
 3395.0  2226.085
 3400.0  2230.719
 3405.0  2235.432
 3410.0  2240.208
 3415.0  2245.035
 3420.0  2249.899
 3425.0  2254.784
 3430.0  2259.968
 3435.0  2265.555
 3440.0  2271.276
 3445.0  2276.861
 3450.0  2282.038
 3455.0  2286.539
 3460.0  2290.092
 3465.0  2293.031
 3470.0  2295.820
 3475.0  2298.385
 3480.0  2300.655
 3485.0  2302.557
 3490.0  2304.017
 3495.0  2304.963
 3500.0  2305.322
 3505.0  2248.117
 3510.0  2251.748
 3515.0  2254.978
 3520.0  2257.715
 3525.0  2259.867
 3530.0  2261.340
 3535.0  2262.413
 3540.0  2263.402
 3545.0  2264.278
 3550.0  2265.012
 3555.0  2265.573
 3560.0  2265.932
 3565.0  2266.058
 3570.0  2266.025
 3575.0  2265.928
 3580.0  2265.770
 3585.0  2265.553
 3590.0  2265.278
 3595.0  2264.949
 3600.0  2264.568
 3605.0  2263.331
 3610.0  2260.594
 3615.0  2256.598
 3620.0  2251.583
 3625.0  2245.791
 3630.0  2239.462
 3635.0  2232.836
