 2865.0   978.440
 2870.0   998.909
 2875.0  1019.305
 2880.0  1039.628
 2885.0  1059.878
 2890.0  1080.053
 2895.0  1100.155
 2900.0  1120.182
 2905.0  1140.111
 2910.0  1159.937
 2915.0  1179.683
 2920.0  1199.373
 2925.0  1219.029
 2930.0  1238.676
 2935.0  1258.338
 2940.0  1278.691
 2945.0  1299.942
 2950.0  1321.404
 2955.0  1342.392
 2960.0  1362.220
 2965.0  1380.203
 2970.0  1395.654
 2975.0  1408.586
 2980.0  1419.854
 2985.0  1430.037
 2990.0  1439.712
 2995.0  1449.458
 3000.0  1459.853
 3005.0  1471.475
 3010.0  1484.467
 3015.0  1498.415
 3020.0  1513.063
 3025.0  1528.153
 3030.0  1543.431
 3035.0  1558.638
 3040.0  1573.519
 3045.0  1588.213
 3050.0  1602.994
 3055.0  1617.809
 3060.0  1632.604
 3065.0  1647.325
 3070.0  1661.918
 3075.0  1676.330
 3080.0  1690.768
 3085.0  1705.352
 3090.0  1719.895
 3095.0  1734.208
 3100.0  1748.105
 3105.0  1761.397
 3110.0  1773.898
 3115.0  1785.519
 3120.0  1796.442
 3125.0  1806.880
 3130.0  1817.050
 3135.0  1827.167
 3140.0  1837.447
 3145.0  1848.103
 3150.0  1859.375
 3155.0  1871.152
 3160.0  1883.128
 3165.0  1894.995
 3170.0  1906.445
 3175.0  1917.173
 3180.0  1926.870
 3185.0  1935.531
 3190.0  1943.496
 3195.0  1950.971
 3200.0  1958.165
 3205.0  1965.285
 3210.0  1972.540
 3215.0  1980.138
 3220.0  1988.109
 3225.0  1996.279
 3230.0  2004.552
 3235.0  2012.829
 3240.0  2021.012
 3245.0  2029.002
 3250.0  2036.702
 3255.0  2044.255
 3260.0  2051.803
 3265.0  2059.246
 3270.0  2066.482
 3275.0  2073.413
 3280.0  2079.936
 3285.0  2085.952
 3290.0  2091.400
 3295.0  2096.389
 3300.0  2101.071
 3305.0  2105.598
 3310.0  2110.122
 3315.0  2114.797
 3320.0  2119.774
 3325.0  2125.107
 3330.0  2130.683
 3335.0  2136.406
 3340.0  2142.180
 3345.0  2147.907
 3350.0  2153.492
 3355.0  2158.839
 3360.0  2164.539
 3365.0  2170.882
 3370.0  2177.313
 3375.0  2183.279
 3380.0  2188.227
 3385.0  2191.601
 3390.0  2192.849
 3395.0  2186.768
 3400.0  2171.087
 3405.0  2149.645
 3410.0  2126.283
 3415.0  2104.841
 3420.0  2089.159
 3425.0  2083.079
 3430.0  2083.859
 3435.0  2085.957
 3440.0  2089.010
 3445.0  2092.654
 3450.0  2096.527
 3455.0  2100.264
 3460.0  2103.503
 3465.0  2106.365
 3470.0  2109.214
 3475.0  2112.049
 3480.0  2114.870
 3485.0  2117.678
 3490.0  2120.472
 3495.0  2123.252
 3500.0  2126.018
 3505.0  1932.578
 3510.0  1934.583
 3515.0  1936.482
 3520.0  1938.266
 3525.0  1939.925
 3530.0  1941.449
 3535.0  1942.703
 3540.0  1943.664
 3545.0  1944.494
 3550.0  1945.355
 3555.0  1946.409
 3560.0  1947.819
 3565.0  1949.747
 3570.0  1958.632
 3575.0  1978.099
 3580.0  2004.087
 3585.0  2032.533
 3590.0  2059.375
 3595.0  2080.552
 3600.0  2092.001
 3605.0  2097.008
 3610.0  2101.504
 3615.0  2105.395
 3620.0  2108.587
 3625.0  2110.983
 3630.0  2112.490
 3635.0  2113.014
