 2865.0   947.934
 2870.0   968.734
 2875.0   989.573
 2880.0  1010.451
 2885.0  1031.368
 2890.0  1052.324
 2895.0  1073.318
 2900.0  1094.351
 2905.0  1115.642
 2910.0  1137.266
 2915.0  1159.002
 2920.0  1180.631
 2925.0  1201.932
 2930.0  1222.687
 2935.0  1242.674
 2940.0  1261.958
 2945.0  1280.777
 2950.0  1299.176
 2955.0  1317.200
 2960.0  1334.894
 2965.0  1352.302
 2970.0  1369.470
 2975.0  1386.450
 2980.0  1403.233
 2985.0  1419.766
 2990.0  1435.996
 2995.0  1451.872
 3000.0  1467.341
 3005.0  1482.351
 3010.0  1496.763
 3015.0  1510.596
 3020.0  1524.038
 3025.0  1537.276
 3030.0  1550.498
 3035.0  1563.892
 3040.0  1577.645
 3045.0  1591.751
 3050.0  1606.044
 3055.0  1620.471
 3060.0  1634.977
 3065.0  1649.509
 3070.0  1664.013
 3075.0  1678.436
 3080.0  1693.053
 3085.0  1708.004
 3090.0  1723.030
 3095.0  1737.875
 3100.0  1752.281
 3105.0  1765.993
 3110.0  1778.752
 3115.0  1790.425
 3120.0  1801.250
 3125.0  1811.524
 3130.0  1821.544
 3135.0  1831.610
 3140.0  1842.017
 3145.0  1853.065
 3150.0  1865.072
 3155.0  1877.893
 3160.0  1891.132
 3165.0  1904.391
 3170.0  1917.275
 3175.0  1929.386
 3180.0  1940.328
 3185.0  1950.110
 3190.0  1959.151
 3195.0  1967.674
 3200.0  1975.899
 3205.0  1984.047
 3210.0  1992.339
 3215.0  2000.996
 3220.0  2010.021
 3225.0  2019.220
 3230.0  2028.519
 3235.0  2037.842
 3240.0  2047.115
 3245.0  2056.262
 3250.0  2065.208
 3255.0  2074.120
 3260.0  2083.122
 3265.0  2092.078
 3270.0  2100.848
 3275.0  2109.295
 3280.0  2117.280
 3285.0  2124.665
 3290.0  2131.611
 3295.0  2138.333
 3300.0  2144.778
 3305.0  2150.895
 3310.0  2156.629
 3315.0  2161.928
 3320.0  2166.739
 3325.0  2170.946
 3330.0  2174.612
 3335.0  2177.952
 3340.0  2181.182
 3345.0  2184.515
 3350.0  2188.168
 3355.0  2192.354
 3360.0  2197.307
 3365.0  2202.965
 3370.0  2209.099
 3375.0  2215.482
 3380.0  2221.884
 3385.0  2228.076
 3390.0  2233.831
 3395.0  2239.177
 3400.0  2244.335
 3405.0  2249.360
 3410.0  2254.309
 3415.0  2259.239
 3420.0  2264.205
 3425.0  2269.266
 3430.0  2274.463
 3435.0  2279.762
 3440.0  2285.101
 3445.0  2290.417
 3450.0  2295.648
 3455.0  2300.731
 3460.0  2305.604
 3465.0  2310.303
 3470.0  2314.900
 3475.0  2319.392
 3480.0  2323.775
 3485.0  2328.044
 3490.0  2332.194
 3495.0  2336.222
 3500.0  2340.124
 3505.0  2268.579
 3510.0  2270.999
 3515.0  2273.362
 3520.0  2275.665
 3525.0  2277.906
 3530.0  2280.083
 3535.0  2282.133
 3540.0  2284.038
 3545.0  2285.870
 3550.0  2287.697
 3555.0  2289.589
 3560.0  2291.615
 3565.0  2293.844
 3570.0  2296.456
 3575.0  2299.465
 3580.0  2302.698
 3585.0  2305.981
 3590.0  2309.140
 3595.0  2312.001
 3600.0  2314.391
 3605.0  2316.442
 3610.0  2318.391
 3615.0  2320.214
 3620.0  2321.889
 3625.0  2323.392
 3630.0  2324.701
 3635.0  2325.793
