 2865.0   922.231
 2870.0   947.784
 2875.0   972.798
 2880.0   997.251
 2885.0  1021.120
 2890.0  1044.384
 2895.0  1067.021
 2900.0  1089.007
 2905.0  1110.246
 2910.0  1130.757
 2915.0  1150.699
 2920.0  1170.230
 2925.0  1189.507
 2930.0  1208.687
 2935.0  1227.929
 2940.0  1247.431
 2945.0  1267.122
 2950.0  1286.754
 2955.0  1306.079
 2960.0  1324.852
 2965.0  1342.823
 2970.0  1359.747
 2975.0  1375.449
 2980.0  1390.147
 2985.0  1404.182
 2990.0  1417.896
 2995.0  1431.628
 3000.0  1445.720
 3005.0  1460.511
 3010.0  1476.339
 3015.0  1493.023
 3020.0  1510.129
 3025.0  1527.223
 3030.0  1543.869
 3035.0  1559.635
 3040.0  1574.085
 3045.0  1587.243
 3050.0  1599.568
 3055.0  1611.284
 3060.0  1622.615
 3065.0  1633.783
 3070.0  1645.013
 3075.0  1656.528
 3080.0  1668.186
 3085.0  1679.743
 3090.0  1691.265
 3095.0  1702.818
 3100.0  1714.468
 3105.0  1726.281
 3110.0  1738.324
 3115.0  1750.687
 3120.0  1763.347
 3125.0  1776.196
 3130.0  1789.127
 3135.0  1802.033
 3140.0  1814.806
 3145.0  1827.339
 3150.0  1839.958
 3155.0  1852.870
 3160.0  1865.786
 3165.0  1878.418
 3170.0  1890.478
 3175.0  1901.676
 3180.0  1911.724
 3185.0  1920.639
 3190.0  1928.774
 3195.0  1936.349
 3200.0  1943.584
 3205.0  1950.697
 3210.0  1957.907
 3215.0  1965.434
 3220.0  1973.302
 3225.0  1981.326
 3230.0  1989.407
 3235.0  1997.448
 3240.0  2005.351
 3245.0  2013.018
 3250.0  2020.351
 3255.0  2027.364
 3260.0  2034.159
 3265.0  2040.772
 3270.0  2047.241
 3275.0  2053.600
 3280.0  2059.885
 3285.0  2066.135
 3290.0  2072.346
 3295.0  2078.492
 3300.0  2084.562
 3305.0  2090.549
 3310.0  2096.444
 3315.0  2102.241
 3320.0  2107.930
 3325.0  2113.471
 3330.0  2118.860
 3335.0  2124.148
 3340.0  2129.381
 3345.0  2134.609
 3350.0  2139.881
 3355.0  2145.244
 3360.0  2150.754
 3365.0  2156.386
 3370.0  2162.069
 3375.0  2167.734
 3380.0  2173.310
 3385.0  2178.726
 3390.0  2183.913
 3395.0  2188.968
 3400.0  2193.994
 3405.0  2198.927
 3410.0  2203.702
 3415.0  2208.258
 3420.0  2212.530
 3425.0  2216.455
 3430.0  2219.931
 3435.0  2223.010
 3440.0  2225.859
 3445.0  2228.641
 3450.0  2231.525
 3455.0  2234.674
 3460.0  2238.254
 3465.0  2242.305
 3470.0  2246.734
 3475.0  2251.514
 3480.0  2256.616
 3485.0  2262.014
 3490.0  2267.678
 3495.0  2273.581
 3500.0  2279.694
 3505.0  2216.107
 3510.0  2217.925
 3515.0  2219.782
 3520.0  2221.676
 3525.0  2223.606
 3530.0  2225.571
 3535.0  2227.604
 3540.0  2229.719
 3545.0  2231.885
 3550.0  2234.074
 3555.0  2236.255
 3560.0  2238.398
 3565.0  2240.474
 3570.0  2242.462
 3575.0  2244.383
 3580.0  2246.267
 3585.0  2248.148
 3590.0  2250.056
 3595.0  2252.024
 3600.0  2254.083
 3605.0  2256.230
 3610.0  2258.437
 3615.0  2260.704
 3620.0  2263.028
 3625.0  2265.407
 3630.0  2267.839
 3635.0  2270.322
