 2865.0   939.943
 2870.0   964.161
 2875.0   988.588
 2880.0  1013.221
 2885.0  1038.059
 2890.0  1063.099
 2895.0  1088.338
 2900.0  1113.773
 2905.0  1140.179
 2910.0  1167.817
 2915.0  1195.923
 2920.0  1223.729
 2925.0  1250.471
 2930.0  1275.382
 2935.0  1297.696
 2940.0  1317.487
 2945.0  1335.641
 2950.0  1352.614
 2955.0  1368.862
 2960.0  1384.841
 2965.0  1401.005
 2970.0  1417.810
 2975.0  1435.637
 2980.0  1454.208
 2985.0  1472.990
 2990.0  1491.453
 2995.0  1509.063
 3000.0  1525.290
 3005.0  1539.602
 3010.0  1551.848
 3015.0  1562.606
 3020.0  1572.442
 3025.0  1581.918
 3030.0  1591.599
 3035.0  1602.048
 3040.0  1613.829
 3045.0  1627.363
 3050.0  1642.379
 3055.0  1658.407
 3060.0  1674.977
 3065.0  1691.617
 3070.0  1707.857
 3075.0  1723.226
 3080.0  1738.116
 3085.0  1753.085
 3090.0  1767.910
 3095.0  1782.368
 3100.0  1796.237
 3105.0  1809.295
 3110.0  1821.318
 3115.0  1832.068
 3120.0  1841.740
 3125.0  1850.761
 3130.0  1859.559
 3135.0  1868.562
 3140.0  1878.199
 3145.0  1888.897
 3150.0  1901.237
 3155.0  1915.103
 3160.0  1929.878
 3165.0  1944.944
 3170.0  1959.684
 3175.0  1973.480
 3180.0  1985.713
 3185.0  1996.474
 3190.0  2006.419
 3195.0  2015.781
 3200.0  2024.792
 3205.0  2033.685
 3210.0  2042.693
 3215.0  2052.049
 3220.0  2062.073
 3225.0  2072.667
 3230.0  2083.432
 3235.0  2093.969
 3240.0  2103.882
 3245.0  2112.772
 3250.0  2120.242
 3255.0  2126.399
 3260.0  2131.777
 3265.0  2136.617
 3270.0  2141.158
 3275.0  2145.639
 3280.0  2150.302
 3285.0  2155.386
 3290.0  2160.917
 3295.0  2166.697
 3300.0  2172.626
 3305.0  2178.606
 3310.0  2184.536
 3315.0  2190.317
 3320.0  2195.850
 3325.0  2201.031
 3330.0  2205.917
 3335.0  2210.655
 3340.0  2215.389
 3345.0  2220.264
 3350.0  2225.427
 3355.0  2231.021
 3360.0  2237.396
 3365.0  2244.570
 3370.0  2252.194
 3375.0  2259.918
 3380.0  2267.394
 3385.0  2274.273
 3390.0  2280.204
 3395.0  2285.142
 3400.0  2289.443
 3405.0  2293.363
 3410.0  2297.160
 3415.0  2301.087
 3420.0  2305.403
 3425.0  2310.362
 3430.0  2316.471
 3435.0  2323.738
 3440.0  2331.669
 3445.0  2339.769
 3450.0  2347.544
 3455.0  2354.500
 3460.0  2360.144
 3465.0  2364.867
 3470.0  2369.345
 3475.0  2373.511
 3480.0  2377.295
 3485.0  2380.630
 3490.0  2383.448
 3495.0  2385.679
 3500.0  2387.257
 3505.0  2326.128
 3510.0  2325.949
 3515.0  2325.840
 3520.0  2325.784
 3525.0  2325.763
 3530.0  2325.760
 3535.0  2326.548
 3540.0  2328.686
 3545.0  2331.839
 3550.0  2335.668
 3555.0  2339.839
 3560.0  2344.013
 3565.0  2347.855
 3570.0  2351.887
 3575.0  2356.592
 3580.0  2361.579
 3585.0  2366.454
 3590.0  2370.827
 3595.0  2374.304
 3600.0  2376.493
 3605.0  2377.863
 3610.0  2379.121
 3615.0  2380.232
 3620.0  2381.159
 3625.0  2381.866
 3630.0  2382.317
 3635.0  2382.475
