 2865.0  1007.441
 2870.0  1030.962
 2875.0  1054.420
 2880.0  1077.815
 2885.0  1101.146
 2890.0  1124.414
 2895.0  1147.617
 2900.0  1170.756
 2905.0  1194.013
 2910.0  1217.450
 2915.0  1240.885
 2920.0  1264.135
 2925.0  1287.020
 2930.0  1309.357
 2935.0  1330.964
 2940.0  1352.034
 2945.0  1372.815
 2950.0  1393.208
 2955.0  1413.117
 2960.0  1432.443
 2965.0  1451.088
 2970.0  1468.956
 2975.0  1485.938
 2980.0  1502.132
 2985.0  1517.744
 2990.0  1532.978
 2995.0  1548.041
 3000.0  1563.139
 3005.0  1578.478
 3010.0  1594.097
 3015.0  1609.829
 3020.0  1625.563
 3025.0  1641.191
 3030.0  1656.605
 3035.0  1671.695
 3040.0  1686.352
 3045.0  1700.429
 3050.0  1713.987
 3055.0  1727.225
 3060.0  1740.345
 3065.0  1753.547
 3070.0  1767.033
 3075.0  1781.004
 3080.0  1795.627
 3085.0  1810.789
 3090.0  1826.268
 3095.0  1841.841
 3100.0  1857.285
 3105.0  1872.379
 3110.0  1886.899
 3115.0  1900.865
 3120.0  1914.491
 3125.0  1927.850
 3130.0  1941.013
 3135.0  1954.054
 3140.0  1967.043
 3145.0  1980.054
 3150.0  1993.476
 3155.0  2007.376
 3160.0  2021.341
 3165.0  2034.959
 3170.0  2047.818
 3175.0  2059.504
 3180.0  2069.605
 3185.0  2078.056
 3190.0  2085.354
 3195.0  2091.930
 3200.0  2098.216
 3205.0  2104.641
 3210.0  2111.638
 3215.0  2119.637
 3220.0  2129.153
 3225.0  2140.051
 3230.0  2151.784
 3235.0  2163.807
 3240.0  2175.575
 3245.0  2186.541
 3250.0  2196.161
 3255.0  2204.582
 3260.0  2212.407
 3265.0  2219.772
 3270.0  2226.814
 3275.0  2233.668
 3280.0  2240.471
 3285.0  2247.359
 3290.0  2254.482
 3295.0  2261.771
 3300.0  2269.035
 3305.0  2276.085
 3310.0  2282.728
 3315.0  2288.776
 3320.0  2294.036
 3325.0  2298.421
 3330.0  2302.149
 3335.0  2305.488
 3340.0  2308.705
 3345.0  2312.069
 3350.0  2315.848
 3355.0  2320.308
 3360.0  2326.034
 3365.0  2333.074
 3370.0  2340.900
 3375.0  2348.979
 3380.0  2356.782
 3385.0  2363.778
 3390.0  2369.437
 3395.0  2373.890
 3400.0  2377.750
 3405.0  2381.216
 3410.0  2384.485
 3415.0  2387.754
 3420.0  2391.218
 3425.0  2395.076
 3430.0  2399.371
 3435.0  2403.954
 3440.0  2408.736
 3445.0  2413.625
 3450.0  2418.532
 3455.0  2423.367
 3460.0  2428.038
 3465.0  2432.579
 3470.0  2437.080
 3475.0  2441.541
 3480.0  2445.962
 3485.0  2450.342
 3490.0  2454.681
 3495.0  2458.978
 3500.0  2463.232
 3505.0  2390.197
 3510.0  2393.106
 3515.0  2395.864
 3520.0  2398.458
 3525.0  2400.874
 3530.0  2403.099
 3535.0  2405.172
 3540.0  2407.139
 3545.0  2408.997
 3550.0  2410.742
 3555.0  2412.371
 3560.0  2413.880
 3565.0  2415.265
 3570.0  2416.651
 3575.0  2418.096
 3580.0  2419.502
 3585.0  2420.768
 3590.0  2421.796
 3595.0  2422.485
 3600.0  2422.737
 3605.0  2421.532
 3610.0  2418.126
 3615.0  2412.835
 3620.0  2405.976
 3625.0  2397.865
 3630.0  2388.816
 3635.0  2379.147
