 2865.0   938.429
 2870.0   967.793
 2875.0   996.245
 2880.0  1023.718
 2885.0  1050.146
 2890.0  1075.463
 2895.0  1099.604
 2900.0  1122.502
 2905.0  1143.907
 2910.0  1163.895
 2915.0  1182.894
 2920.0  1201.330
 2925.0  1219.631
 2930.0  1238.224
 2935.0  1257.536
 2940.0  1277.828
 2945.0  1298.811
 2950.0  1320.085
 2955.0  1341.251
 2960.0  1361.906
 2965.0  1381.652
 2970.0  1400.089
 2975.0  1417.208
 2980.0  1433.424
 2985.0  1448.969
 2990.0  1464.076
 2995.0  1478.975
 3000.0  1493.900
 3005.0  1509.081
 3010.0  1524.529
 3015.0  1540.041
 3020.0  1555.531
 3025.0  1570.911
 3030.0  1586.097
 3035.0  1601.000
 3040.0  1615.535
 3045.0  1629.767
 3050.0  1643.803
 3055.0  1657.621
 3060.0  1671.199
 3065.0  1684.514
 3070.0  1697.545
 3075.0  1710.268
 3080.0  1722.519
 3085.0  1734.278
 3090.0  1745.733
 3095.0  1757.074
 3100.0  1768.491
 3105.0  1780.173
 3110.0  1792.310
 3115.0  1805.015
 3120.0  1818.168
 3125.0  1831.603
 3130.0  1845.157
 3135.0  1858.665
 3140.0  1871.962
 3145.0  1884.884
 3150.0  1897.665
 3155.0  1910.533
 3160.0  1923.315
 3165.0  1935.839
 3170.0  1947.931
 3175.0  1959.418
 3180.0  1970.126
 3185.0  1980.142
 3190.0  1989.696
 3195.0  1998.836
 3200.0  2007.609
 3205.0  2016.062
 3210.0  2024.243
 3215.0  2032.200
 3220.0  2039.814
 3225.0  2047.026
 3230.0  2053.964
 3235.0  2060.761
 3240.0  2067.546
 3245.0  2074.451
 3250.0  2081.606
 3255.0  2089.116
 3260.0  2096.901
 3265.0  2104.816
 3270.0  2112.716
 3275.0  2120.457
 3280.0  2127.891
 3285.0  2134.875
 3290.0  2141.423
 3295.0  2147.687
 3300.0  2153.727
 3305.0  2159.606
 3310.0  2165.383
 3315.0  2171.121
 3320.0  2176.878
 3325.0  2182.664
 3330.0  2188.429
 3335.0  2194.147
 3340.0  2199.790
 3345.0  2205.332
 3350.0  2210.747
 3355.0  2216.009
 3360.0  2221.136
 3365.0  2226.162
 3370.0  2231.086
 3375.0  2235.908
 3380.0  2240.626
 3385.0  2245.238
 3390.0  2249.744
 3395.0  2254.102
 3400.0  2258.307
 3405.0  2262.405
 3410.0  2266.446
 3415.0  2270.476
 3420.0  2274.544
 3425.0  2278.699
 3430.0  2282.967
 3435.0  2287.314
 3440.0  2291.699
 3445.0  2296.078
 3450.0  2300.409
 3455.0  2304.650
 3460.0  2308.758
 3465.0  2312.753
 3470.0  2316.684
 3475.0  2320.548
 3480.0  2324.343
 3485.0  2328.068
 3490.0  2331.720
 3495.0  2335.298
 3500.0  2338.799
 3505.0  2281.696
 3510.0  2284.637
 3515.0  2287.439
 3520.0  2290.093
 3525.0  2292.586
 3530.0  2294.907
 3535.0  2297.072
 3540.0  2299.110
 3545.0  2301.038
 3550.0  2302.871
 3555.0  2304.626
 3560.0  2306.318
 3565.0  2307.962
 3570.0  2309.529
 3575.0  2310.998
 3580.0  2312.403
 3585.0  2313.777
 3590.0  2315.155
 3595.0  2316.570
 3600.0  2318.054
 3605.0  2319.600
 3610.0  2321.175
 3615.0  2322.779
 3620.0  2324.412
 3625.0  2326.072
 3630.0  2327.759
 3635.0  2329.472
