 2865.0   989.387
 2870.0  1018.142
 2875.0  1046.360
 2880.0  1074.023
 2885.0  1101.112
 2890.0  1127.608
 2895.0  1153.491
 2900.0  1178.744
 2905.0  1203.245
 2910.0  1227.000
 2915.0  1250.181
 2920.0  1272.957
 2925.0  1295.502
 2930.0  1317.985
 2935.0  1340.578
 2940.0  1363.569
 2945.0  1386.902
 2950.0  1410.236
 2955.0  1433.227
 2960.0  1455.532
 2965.0  1476.810
 2970.0  1496.717
 2975.0  1515.285
 2980.0  1532.906
 2985.0  1549.776
 2990.0  1566.093
 2995.0  1582.055
 3000.0  1597.858
 3005.0  1613.701
 3010.0  1629.440
 3015.0  1644.860
 3020.0  1660.047
 3025.0  1675.088
 3030.0  1690.070
 3035.0  1705.079
 3040.0  1720.203
 3045.0  1735.354
 3050.0  1750.425
 3055.0  1765.477
 3060.0  1780.565
 3065.0  1795.750
 3070.0  1811.089
 3075.0  1826.640
 3080.0  1842.793
 3085.0  1859.629
 3090.0  1876.743
 3095.0  1893.731
 3100.0  1910.188
 3105.0  1925.711
 3110.0  1939.895
 3115.0  1952.687
 3120.0  1964.509
 3125.0  1975.665
 3130.0  1986.461
 3135.0  1997.201
 3140.0  2008.190
 3145.0  2019.734
 3150.0  2031.894
 3155.0  2044.425
 3160.0  2057.169
 3165.0  2069.971
 3170.0  2082.674
 3175.0  2095.123
 3180.0  2107.162
 3185.0  2118.925
 3190.0  2130.604
 3195.0  2142.126
 3200.0  2153.419
 3205.0  2164.412
 3210.0  2175.030
 3215.0  2185.202
 3220.0  2194.918
 3225.0  2204.259
 3230.0  2213.297
 3235.0  2222.101
 3240.0  2230.741
 3245.0  2239.287
 3250.0  2247.810
 3255.0  2256.258
 3260.0  2264.555
 3265.0  2272.734
 3270.0  2280.828
 3275.0  2288.871
 3280.0  2296.894
 3285.0  2304.933
 3290.0  2313.078
 3295.0  2321.333
 3300.0  2329.593
 3305.0  2337.755
 3310.0  2345.716
 3315.0  2353.373
 3320.0  2360.621
 3325.0  2367.348
 3330.0  2373.625
 3335.0  2379.630
 3340.0  2385.541
 3345.0  2391.535
 3350.0  2397.789
 3355.0  2404.481
 3360.0  2412.224
 3365.0  2421.080
 3370.0  2430.403
 3375.0  2439.549
 3380.0  2447.870
 3385.0  2454.723
 3390.0  2459.460
 3395.0  2462.448
 3400.0  2464.682
 3405.0  2466.462
 3410.0  2468.087
 3415.0  2469.855
 3420.0  2472.065
 3425.0  2475.016
 3430.0  2479.661
 3435.0  2486.319
 3440.0  2494.339
 3445.0  2503.071
 3450.0  2511.863
 3455.0  2520.065
 3460.0  2527.026
 3465.0  2533.042
 3470.0  2538.829
 3475.0  2544.362
 3480.0  2549.617
 3485.0  2554.571
 3490.0  2559.199
 3495.0  2563.478
 3500.0  2567.384
 3505.0  2481.675
 3510.0  2485.102
 3515.0  2488.413
 3520.0  2491.601
 3525.0  2494.660
 3530.0  2497.583
 3535.0  2500.309
 3540.0  2502.835
 3545.0  2505.239
 3550.0  2507.597
 3555.0  2509.988
 3560.0  2512.489
 3565.0  2515.178
 3570.0  2518.190
 3575.0  2521.509
 3580.0  2524.984
 3585.0  2528.466
 3590.0  2531.806
 3595.0  2534.854
 3600.0  2537.459
 3605.0  2539.745
 3610.0  2541.921
 3615.0  2543.962
 3620.0  2545.850
 3625.0  2547.560
 3630.0  2549.071
 3635.0  2550.362
