 2865.0   816.120
 2870.0   832.930
 2875.0   850.260
 2880.0   868.091
 2885.0   886.405
 2890.0   905.183
 2895.0   924.408
 2900.0   944.060
 2905.0   964.686
 2910.0   986.514
 2915.0  1009.045
 2920.0  1031.783
 2925.0  1054.230
 2930.0  1075.887
 2935.0  1096.259
 2940.0  1115.577
 2945.0  1134.399
 2950.0  1152.715
 2955.0  1170.515
 2960.0  1187.788
 2965.0  1204.526
 2970.0  1220.717
 2975.0  1236.312
 2980.0  1251.334
 2985.0  1265.891
 2990.0  1280.085
 2995.0  1294.023
 3000.0  1307.808
 3005.0  1321.545
 3010.0  1335.186
 3015.0  1348.628
 3020.0  1361.892
 3025.0  1374.998
 3030.0  1387.970
 3035.0  1400.829
 3040.0  1413.595
 3045.0  1426.132
 3050.0  1438.376
 3055.0  1450.463
 3060.0  1462.526
 3065.0  1474.700
 3070.0  1487.118
 3075.0  1499.916
 3080.0  1513.572
 3085.0  1528.135
 3090.0  1543.092
 3095.0  1557.932
 3100.0  1572.145
 3105.0  1585.217
 3110.0  1596.639
 3115.0  1606.311
 3120.0  1614.781
 3125.0  1622.511
 3130.0  1629.960
 3135.0  1637.591
 3140.0  1645.863
 3145.0  1655.237
 3150.0  1666.317
 3155.0  1678.977
 3160.0  1692.586
 3165.0  1706.512
 3170.0  1720.122
 3175.0  1732.786
 3180.0  1743.871
 3185.0  1753.553
 3190.0  1762.535
 3195.0  1770.978
 3200.0  1779.039
 3205.0  1786.878
 3210.0  1794.654
 3215.0  1802.526
 3220.0  1810.315
 3225.0  1817.825
 3230.0  1825.185
 3235.0  1832.527
 3240.0  1839.983
 3245.0  1847.683
 3250.0  1855.760
 3255.0  1864.515
 3260.0  1873.949
 3265.0  1883.734
 3270.0  1893.542
 3275.0  1903.047
 3280.0  1911.922
 3285.0  1919.839
 3290.0  1926.867
 3295.0  1933.377
 3300.0  1939.497
 3305.0  1945.353
 3310.0  1951.075
 3315.0  1956.788
 3320.0  1962.621
 3325.0  1968.636
 3330.0  1974.741
 3335.0  1980.833
 3340.0  1986.809
 3345.0  1992.565
 3350.0  1997.998
 3355.0  2003.004
 3360.0  2007.498
 3365.0  2011.571
 3370.0  2015.387
 3375.0  2019.109
 3380.0  2022.901
 3385.0  2026.928
 3390.0  2031.352
 3395.0  2036.291
 3400.0  2041.662
 3405.0  2047.325
 3410.0  2053.139
 3415.0  2058.967
 3420.0  2064.668
 3425.0  2070.103
 3430.0  2075.326
 3435.0  2080.480
 3440.0  2085.563
 3445.0  2090.572
 3450.0  2095.503
 3455.0  2100.353
 3460.0  2105.119
 3465.0  2109.808
 3470.0  2114.428
 3475.0  2118.977
 3480.0  2123.454
 3485.0  2127.856
 3490.0  2132.182
 3495.0  2136.430
 3500.0  2140.598
 3505.0  2068.529
 3510.0  2073.363
 3515.0  2077.993
 3520.0  2082.404
 3525.0  2086.581
 3530.0  2090.509
 3535.0  2094.359
 3540.0  2098.220
 3545.0  2101.965
 3550.0  2105.461
 3555.0  2108.580
 3560.0  2111.191
 3565.0  2113.164
 3570.0  2114.568
 3575.0  2115.646
 3580.0  2116.527
 3585.0  2117.341
 3590.0  2118.215
 3595.0  2119.281
 3600.0  2120.667
 3605.0  2122.525
 3610.0  2124.885
 3615.0  2127.686
 3620.0  2130.871
 3625.0  2134.380
 3630.0  2138.154
 3635.0  2142.135
