 2865.0   829.999
 2870.0   856.588
 2875.0   882.498
 2880.0   907.692
 2885.0   932.135
 2890.0   955.788
 2895.0   978.617
 2900.0  1000.585
 2905.0  1021.532
 2910.0  1041.494
 2915.0  1060.727
 2920.0  1079.489
 2925.0  1098.036
 2930.0  1116.624
 2935.0  1135.511
 2940.0  1154.855
 2945.0  1174.482
 2950.0  1194.147
 2955.0  1213.605
 2960.0  1232.614
 2965.0  1250.928
 2970.0  1268.303
 2975.0  1284.778
 2980.0  1300.626
 2985.0  1315.951
 2990.0  1330.856
 2995.0  1345.447
 3000.0  1359.828
 3005.0  1374.103
 3010.0  1388.016
 3015.0  1401.397
 3020.0  1414.481
 3025.0  1427.503
 3030.0  1440.698
 3035.0  1454.301
 3040.0  1468.546
 3045.0  1483.337
 3050.0  1498.452
 3055.0  1513.942
 3060.0  1529.856
 3065.0  1546.244
 3070.0  1563.156
 3075.0  1580.642
 3080.0  1599.726
 3085.0  1620.745
 3090.0  1642.724
 3095.0  1664.687
 3100.0  1685.655
 3105.0  1704.654
 3110.0  1720.705
 3115.0  1734.047
 3120.0  1745.869
 3125.0  1756.629
 3130.0  1766.784
 3135.0  1776.791
 3140.0  1787.106
 3145.0  1798.186
 3150.0  1809.953
 3155.0  1821.981
 3160.0  1834.202
 3165.0  1846.552
 3170.0  1858.965
 3175.0  1871.374
 3180.0  1883.715
 3185.0  1896.292
 3190.0  1909.265
 3195.0  1922.352
 3200.0  1935.269
 3205.0  1947.732
 3210.0  1959.459
 3215.0  1970.166
 3220.0  1979.743
 3225.0  1988.469
 3230.0  1996.650
 3235.0  2004.589
 3240.0  2012.591
 3245.0  2020.958
 3250.0  2029.996
 3255.0  2039.961
 3260.0  2050.689
 3265.0  2061.855
 3270.0  2073.133
 3275.0  2084.198
 3280.0  2094.724
 3285.0  2104.385
 3290.0  2113.265
 3295.0  2121.717
 3300.0  2129.819
 3305.0  2137.650
 3310.0  2145.288
 3315.0  2152.811
 3320.0  2160.298
 3325.0  2168.452
 3330.0  2177.446
 3335.0  2186.557
 3340.0  2195.061
 3345.0  2202.237
 3350.0  2207.361
 3355.0  2209.711
 3360.0  2210.301
 3365.0  2210.684
 3370.0  2210.941
 3375.0  2211.155
 3380.0  2211.411
 3385.0  2211.790
 3390.0  2212.376
 3395.0  2214.815
 3400.0  2220.070
 3405.0  2227.196
 3410.0  2235.247
 3415.0  2243.280
 3420.0  2250.348
 3425.0  2255.508
 3430.0  2259.064
 3435.0  2262.075
 3440.0  2264.726
 3445.0  2267.200
 3450.0  2269.682
 3455.0  2272.356
 3460.0  2275.405
 3465.0  2278.805
 3470.0  2282.400
 3475.0  2286.179
 3480.0  2290.130
 3485.0  2294.245
 3490.0  2298.511
 3495.0  2302.919
 3500.0  2307.457
 3505.0  2240.953
 3510.0  2245.308
 3515.0  2249.140
 3520.0  2252.313
 3525.0  2254.691
 3530.0  2256.137
 3535.0  2256.913
 3540.0  2257.442
 3545.0  2257.824
 3550.0  2258.160
 3555.0  2258.551
 3560.0  2259.097
 3565.0  2259.899
 3570.0  2262.194
 3575.0  2266.615
 3580.0  2272.359
 3585.0  2278.625
 3590.0  2284.608
 3595.0  2289.506
 3600.0  2292.518
 3605.0  2294.273
 3610.0  2295.902
 3615.0  2297.354
 3620.0  2298.575
 3625.0  2299.512
 3630.0  2300.114
 3635.0  2300.326
