 2865.0   967.837
 2870.0   993.259
 2875.0  1018.135
 2880.0  1042.442
 2885.0  1066.156
 2890.0  1089.256
 2895.0  1111.717
 2900.0  1133.517
 2905.0  1154.579
 2910.0  1174.936
 2915.0  1194.723
 2920.0  1214.080
 2925.0  1233.142
 2930.0  1252.047
 2935.0  1270.934
 2940.0  1289.748
 2945.0  1308.354
 2950.0  1326.767
 2955.0  1345.001
 2960.0  1363.071
 2965.0  1380.992
 2970.0  1398.778
 2975.0  1416.532
 2980.0  1434.280
 2985.0  1451.917
 2990.0  1469.340
 2995.0  1486.443
 3000.0  1503.123
 3005.0  1519.276
 3010.0  1534.893
 3015.0  1550.084
 3020.0  1564.919
 3025.0  1579.470
 3030.0  1593.809
 3035.0  1608.007
 3040.0  1622.136
 3045.0  1636.040
 3050.0  1649.605
 3055.0  1662.971
 3060.0  1676.279
 3065.0  1689.666
 3070.0  1703.273
 3075.0  1717.240
 3080.0  1731.815
 3085.0  1746.964
 3090.0  1762.399
 3095.0  1777.830
 3100.0  1792.970
 3105.0  1807.531
 3110.0  1821.223
 3115.0  1834.052
 3120.0  1846.308
 3125.0  1858.132
 3130.0  1869.665
 3135.0  1881.050
 3140.0  1892.425
 3145.0  1903.934
 3150.0  1915.671
 3155.0  1927.545
 3160.0  1939.411
 3165.0  1951.130
 3170.0  1962.559
 3175.0  1973.555
 3180.0  1983.978
 3185.0  1993.866
 3190.0  2003.387
 3195.0  2012.587
 3200.0  2021.516
 3205.0  2030.222
 3210.0  2038.753
 3215.0  2047.158
 3220.0  2055.389
 3225.0  2063.395
 3230.0  2071.222
 3235.0  2078.914
 3240.0  2086.516
 3245.0  2094.074
 3250.0  2101.631
 3255.0  2109.286
 3260.0  2117.032
 3265.0  2124.759
 3270.0  2132.354
 3275.0  2139.708
 3280.0  2146.710
 3285.0  2153.247
 3290.0  2159.276
 3295.0  2164.905
 3300.0  2170.260
 3305.0  2175.463
 3310.0  2180.641
 3315.0  2185.916
 3320.0  2191.412
 3325.0  2197.191
 3330.0  2203.162
 3335.0  2209.226
 3340.0  2215.285
 3345.0  2221.238
 3350.0  2226.988
 3355.0  2232.433
 3360.0  2237.566
 3365.0  2242.482
 3370.0  2247.238
 3375.0  2251.894
 3380.0  2256.508
 3385.0  2261.137
 3390.0  2265.840
 3395.0  2270.678
 3400.0  2275.620
 3405.0  2280.586
 3410.0  2285.494
 3415.0  2290.263
 3420.0  2294.813
 3425.0  2299.063
 3430.0  2303.015
 3435.0  2306.756
 3440.0  2310.336
 3445.0  2313.804
 3450.0  2317.210
 3455.0  2320.603
 3460.0  2324.033
 3465.0  2327.484
 3470.0  2330.908
 3475.0  2334.305
 3480.0  2337.673
 3485.0  2341.013
 3490.0  2344.325
 3495.0  2347.607
 3500.0  2350.860
 3505.0  2288.048
 3510.0  2290.640
 3515.0  2293.064
 3520.0  2295.301
 3525.0  2297.330
 3530.0  2299.133
 3535.0  2300.874
 3540.0  2302.655
 3545.0  2304.364
 3550.0  2305.889
 3555.0  2307.117
 3560.0  2307.937
 3565.0  2308.235
 3570.0  2308.218
 3575.0  2308.168
 3580.0  2308.085
 3585.0  2307.970
 3590.0  2307.823
 3595.0  2307.645
 3600.0  2307.436
 3605.0  2306.111
 3610.0  2302.801
 3615.0  2297.832
 3620.0  2291.528
 3625.0  2284.217
 3630.0  2276.222
 3635.0  2267.871
