 2865.0   983.226
 2870.0  1005.463
 2875.0  1027.680
 2880.0  1049.878
 2885.0  1072.056
 2890.0  1094.215
 2895.0  1116.354
 2900.0  1138.474
 2905.0  1160.804
 2910.0  1183.423
 2915.0  1206.100
 2920.0  1228.603
 2925.0  1250.703
 2930.0  1272.168
 2935.0  1292.768
 2940.0  1312.553
 2945.0  1331.774
 2950.0  1350.503
 2955.0  1368.814
 2960.0  1386.781
 2965.0  1404.475
 2970.0  1421.971
 2975.0  1439.188
 2980.0  1456.046
 2985.0  1472.615
 2990.0  1488.967
 2995.0  1505.173
 3000.0  1521.304
 3005.0  1537.432
 3010.0  1553.529
 3015.0  1569.527
 3020.0  1585.428
 3025.0  1601.238
 3030.0  1616.961
 3035.0  1632.602
 3040.0  1648.166
 3045.0  1663.933
 3050.0  1679.996
 3055.0  1696.073
 3060.0  1711.880
 3065.0  1727.137
 3070.0  1741.561
 3075.0  1754.871
 3080.0  1766.835
 3085.0  1777.698
 3090.0  1787.893
 3095.0  1797.851
 3100.0  1808.006
 3105.0  1818.787
 3110.0  1830.629
 3115.0  1843.875
 3120.0  1858.315
 3125.0  1873.551
 3130.0  1889.185
 3135.0  1904.817
 3140.0  1920.049
 3145.0  1934.483
 3150.0  1948.451
 3155.0  1962.430
 3160.0  1976.236
 3165.0  1989.682
 3170.0  2002.585
 3175.0  2014.760
 3180.0  2026.020
 3185.0  2036.267
 3190.0  2045.696
 3195.0  2054.574
 3200.0  2063.162
 3205.0  2071.724
 3210.0  2080.524
 3215.0  2089.826
 3220.0  2100.081
 3225.0  2111.213
 3230.0  2122.690
 3235.0  2133.981
 3240.0  2144.556
 3245.0  2153.884
 3250.0  2161.433
 3255.0  2167.299
 3260.0  2172.177
 3265.0  2176.436
 3270.0  2180.444
 3275.0  2184.570
 3280.0  2189.182
 3285.0  2194.650
 3290.0  2201.491
 3295.0  2209.639
 3300.0  2218.587
 3305.0  2227.826
 3310.0  2236.851
 3315.0  2245.152
 3320.0  2252.223
 3325.0  2258.341
 3330.0  2264.117
 3335.0  2269.552
 3340.0  2274.644
 3345.0  2279.390
 3350.0  2283.789
 3355.0  2287.841
 3360.0  2291.375
 3365.0  2294.382
 3370.0  2297.097
 3375.0  2299.756
 3380.0  2302.596
 3385.0  2305.852
 3390.0  2309.760
 3395.0  2315.035
 3400.0  2321.843
 3405.0  2329.594
 3410.0  2337.698
 3415.0  2345.566
 3420.0  2352.609
 3425.0  2358.236
 3430.0  2362.811
 3435.0  2367.079
 3440.0  2371.026
 3445.0  2374.638
 3450.0  2377.901
 3455.0  2380.800
 3460.0  2383.321
 3465.0  2385.602
 3470.0  2387.763
 3475.0  2389.765
 3480.0  2391.568
 3485.0  2393.132
 3490.0  2394.416
 3495.0  2395.382
 3500.0  2395.988
 3505.0  2339.962
 3510.0  2343.981
 3515.0  2347.620
 3520.0  2350.804
 3525.0  2353.464
 3530.0  2355.527
 3535.0  2357.255
 3540.0  2358.912
 3545.0  2360.425
 3550.0  2361.725
 3555.0  2362.742
 3560.0  2363.403
 3565.0  2363.640
 3570.0  2363.540
 3575.0  2363.251
 3580.0  2362.784
 3585.0  2362.152
 3590.0  2361.368
 3595.0  2360.445
 3600.0  2359.394
 3605.0  2357.210
 3610.0  2353.078
 3615.0  2347.298
 3620.0  2340.171
 3625.0  2331.998
 3630.0  2323.081
 3635.0  2313.718
