 2865.0  1045.379
 2870.0  1072.792
 2875.0  1099.784
 2880.0  1126.343
 2885.0  1152.459
 2890.0  1178.118
 2895.0  1203.309
 2900.0  1228.022
 2905.0  1252.169
 2910.0  1275.752
 2915.0  1298.886
 2920.0  1321.689
 2925.0  1344.277
 2930.0  1366.767
 2935.0  1389.275
 2940.0  1412.026
 2945.0  1434.994
 2950.0  1457.917
 2955.0  1480.534
 2960.0  1502.586
 2965.0  1523.811
 2970.0  1543.950
 2975.0  1563.042
 2980.0  1581.384
 2985.0  1599.100
 2990.0  1616.315
 2995.0  1633.151
 3000.0  1649.733
 3005.0  1666.185
 3010.0  1682.438
 3015.0  1698.371
 3020.0  1714.027
 3025.0  1729.450
 3030.0  1744.682
 3035.0  1759.766
 3040.0  1774.746
 3045.0  1789.504
 3050.0  1803.967
 3055.0  1818.243
 3060.0  1832.441
 3065.0  1846.670
 3070.0  1861.038
 3075.0  1875.654
 3080.0  1890.611
 3085.0  1905.845
 3090.0  1921.229
 3095.0  1936.637
 3100.0  1951.944
 3105.0  1967.023
 3110.0  1981.748
 3115.0  1996.197
 3120.0  2010.514
 3125.0  2024.670
 3130.0  2038.637
 3135.0  2052.385
 3140.0  2065.887
 3145.0  2079.114
 3150.0  2092.022
 3155.0  2104.629
 3160.0  2117.004
 3165.0  2129.213
 3170.0  2141.324
 3175.0  2153.404
 3180.0  2165.521
 3185.0  2177.932
 3190.0  2190.662
 3195.0  2203.433
 3200.0  2215.968
 3205.0  2227.986
 3210.0  2239.211
 3215.0  2249.363
 3220.0  2258.465
 3225.0  2266.855
 3230.0  2274.718
 3235.0  2282.244
 3240.0  2289.622
 3245.0  2297.039
 3250.0  2304.684
 3255.0  2312.553
 3260.0  2320.478
 3265.0  2328.400
 3270.0  2336.259
 3275.0  2343.998
 3280.0  2351.557
 3285.0  2358.876
 3290.0  2365.960
 3295.0  2372.869
 3300.0  2379.630
 3305.0  2386.270
 3310.0  2392.817
 3315.0  2399.298
 3320.0  2405.741
 3325.0  2412.099
 3330.0  2418.335
 3335.0  2424.488
 3340.0  2430.598
 3345.0  2436.705
 3350.0  2442.848
 3355.0  2449.068
 3360.0  2455.631
 3365.0  2462.593
 3370.0  2469.672
 3375.0  2476.588
 3380.0  2483.058
 3385.0  2488.802
 3390.0  2493.539
 3395.0  2497.297
 3400.0  2500.447
 3405.0  2503.214
 3410.0  2505.828
 3415.0  2508.516
 3420.0  2511.505
 3425.0  2515.023
 3430.0  2519.281
 3435.0  2524.202
 3440.0  2529.573
 3445.0  2535.187
 3450.0  2540.832
 3455.0  2546.298
 3460.0  2551.376
 3465.0  2556.146
 3470.0  2560.827
 3475.0  2565.415
 3480.0  2569.907
 3485.0  2574.300
 3490.0  2578.591
 3495.0  2582.777
 3500.0  2586.855
 3505.0  2513.025
 3510.0  2515.378
 3515.0  2517.878
 3520.0  2520.511
 3525.0  2523.266
 3530.0  2526.132
 3535.0  2529.409
 3540.0  2533.228
 3545.0  2537.318
 3550.0  2541.409
 3555.0  2545.229
 3560.0  2548.509
 3565.0  2550.978
 3570.0  2552.940
 3575.0  2554.828
 3580.0  2556.567
 3585.0  2558.083
 3590.0  2559.301
 3595.0  2560.148
 3600.0  2560.547
 3605.0  2560.689
 3610.0  2560.812
 3615.0  2560.916
 3620.0  2560.998
 3625.0  2561.058
 3630.0  2561.095
 3635.0  2561.107
