 2865.0   992.718
 2870.0  1015.531
 2875.0  1038.973
 2880.0  1063.025
 2885.0  1087.665
 2890.0  1112.873
 2895.0  1138.629
 2900.0  1164.913
 2905.0  1192.639
 2910.0  1222.164
 2915.0  1252.626
 2920.0  1283.163
 2925.0  1312.914
 2930.0  1341.019
 2935.0  1366.616
 2940.0  1389.956
 2945.0  1412.016
 2950.0  1433.026
 2955.0  1453.215
 2960.0  1472.810
 2965.0  1492.042
 2970.0  1511.140
 2975.0  1530.090
 2980.0  1548.706
 2985.0  1566.954
 2990.0  1584.801
 2995.0  1602.213
 3000.0  1619.158
 3005.0  1635.603
 3010.0  1651.397
 3015.0  1666.545
 3020.0  1681.246
 3025.0  1695.698
 3030.0  1710.100
 3035.0  1724.649
 3040.0  1739.545
 3045.0  1754.934
 3050.0  1770.690
 3055.0  1786.601
 3060.0  1802.456
 3065.0  1818.044
 3070.0  1833.154
 3075.0  1847.574
 3080.0  1861.199
 3085.0  1874.205
 3090.0  1886.803
 3095.0  1899.201
 3100.0  1911.610
 3105.0  1924.240
 3110.0  1937.301
 3115.0  1950.916
 3120.0  1964.945
 3125.0  1979.200
 3130.0  1993.494
 3135.0  2007.640
 3140.0  2021.449
 3145.0  2034.735
 3150.0  2047.546
 3155.0  2060.075
 3160.0  2072.355
 3165.0  2084.418
 3170.0  2096.297
 3175.0  2108.024
 3180.0  2119.633
 3185.0  2131.275
 3190.0  2142.978
 3195.0  2154.585
 3200.0  2165.940
 3205.0  2176.887
 3210.0  2187.268
 3215.0  2196.927
 3220.0  2205.858
 3225.0  2214.248
 3230.0  2222.225
 3235.0  2229.919
 3240.0  2237.458
 3245.0  2244.973
 3250.0  2252.593
 3255.0  2260.314
 3260.0  2268.022
 3265.0  2275.678
 3270.0  2283.246
 3275.0  2290.687
 3280.0  2297.964
 3285.0  2305.039
 3290.0  2311.945
 3295.0  2318.731
 3300.0  2325.390
 3305.0  2331.910
 3310.0  2338.284
 3315.0  2344.501
 3320.0  2350.553
 3325.0  2356.330
 3330.0  2361.810
 3335.0  2367.120
 3340.0  2372.382
 3345.0  2377.723
 3350.0  2383.265
 3355.0  2389.135
 3360.0  2395.643
 3365.0  2402.795
 3370.0  2410.257
 3375.0  2417.692
 3380.0  2424.767
 3385.0  2431.146
 3390.0  2436.494
 3395.0  2440.862
 3400.0  2444.656
 3405.0  2448.071
 3410.0  2451.304
 3415.0  2454.551
 3420.0  2458.008
 3425.0  2461.870
 3430.0  2466.233
 3435.0  2470.968
 3440.0  2475.940
 3445.0  2481.013
 3450.0  2486.050
 3455.0  2490.915
 3460.0  2495.473
 3465.0  2499.783
 3470.0  2503.995
 3475.0  2508.103
 3480.0  2512.103
 3485.0  2515.990
 3490.0  2519.760
 3495.0  2523.409
 3500.0  2526.931
 3505.0  2457.511
 3510.0  2460.279
 3515.0  2462.984
 3520.0  2465.623
 3525.0  2468.194
 3530.0  2470.694
 3535.0  2473.384
 3540.0  2476.354
 3545.0  2479.352
 3550.0  2482.124
 3555.0  2484.418
 3560.0  2485.980
 3565.0  2486.557
 3570.0  2478.712
 3575.0  2458.478
 3580.0  2430.812
 3585.0  2400.667
 3590.0  2373.001
 3595.0  2352.767
 3600.0  2344.922
 3605.0  2348.245
 3610.0  2358.130
 3615.0  2374.445
 3620.0  2397.062
 3625.0  2425.849
 3630.0  2460.677
 3635.0  2501.417
