 2865.0   970.519
 2870.0   993.281
 2875.0  1015.887
 2880.0  1038.335
 2885.0  1060.624
 2890.0  1082.751
 2895.0  1104.715
 2900.0  1126.514
 2905.0  1148.199
 2910.0  1169.790
 2915.0  1191.242
 2920.0  1212.510
 2925.0  1233.546
 2930.0  1254.307
 2935.0  1274.745
 2940.0  1295.150
 2945.0  1315.666
 2950.0  1336.031
 2955.0  1355.980
 2960.0  1375.252
 2965.0  1393.582
 2970.0  1410.708
 2975.0  1426.514
 2980.0  1441.271
 2985.0  1455.297
 2990.0  1468.908
 2995.0  1482.421
 3000.0  1496.155
 3005.0  1510.427
 3010.0  1525.251
 3015.0  1540.350
 3020.0  1555.610
 3025.0  1570.913
 3030.0  1586.143
 3035.0  1601.184
 3040.0  1615.920
 3045.0  1630.302
 3050.0  1644.421
 3055.0  1658.369
 3060.0  1672.238
 3065.0  1686.120
 3070.0  1700.108
 3075.0  1714.292
 3080.0  1728.844
 3085.0  1743.740
 3090.0  1758.779
 3095.0  1773.763
 3100.0  1788.491
 3105.0  1802.766
 3110.0  1816.386
 3115.0  1829.262
 3120.0  1841.565
 3125.0  1853.482
 3130.0  1865.204
 3135.0  1876.919
 3140.0  1888.816
 3145.0  1901.086
 3150.0  1914.094
 3155.0  1927.797
 3160.0  1941.770
 3165.0  1955.587
 3170.0  1968.825
 3175.0  1981.056
 3180.0  1991.857
 3185.0  2001.222
 3190.0  2009.638
 3195.0  2017.413
 3200.0  2024.857
 3205.0  2032.280
 3210.0  2039.992
 3215.0  2048.301
 3220.0  2057.428
 3225.0  2067.183
 3230.0  2077.258
 3235.0  2087.345
 3240.0  2097.138
 3245.0  2106.329
 3250.0  2114.611
 3255.0  2122.008
 3260.0  2128.854
 3265.0  2135.303
 3270.0  2141.513
 3275.0  2147.639
 3280.0  2153.836
 3285.0  2160.260
 3290.0  2166.894
 3295.0  2173.593
 3300.0  2180.324
 3305.0  2187.052
 3310.0  2193.743
 3315.0  2200.363
 3320.0  2206.876
 3325.0  2213.364
 3330.0  2219.885
 3335.0  2226.371
 3340.0  2232.757
 3345.0  2238.975
 3350.0  2244.958
 3355.0  2250.641
 3360.0  2255.937
 3365.0  2260.895
 3370.0  2265.642
 3375.0  2270.309
 3380.0  2275.023
 3385.0  2279.915
 3390.0  2285.113
 3395.0  2290.785
 3400.0  2296.883
 3405.0  2303.209
 3410.0  2309.566
 3415.0  2315.758
 3420.0  2321.586
 3425.0  2326.854
 3430.0  2331.611
 3435.0  2336.077
 3440.0  2340.313
 3445.0  2344.381
 3450.0  2348.343
 3455.0  2352.260
 3460.0  2356.195
 3465.0  2360.131
 3470.0  2364.011
 3475.0  2367.832
 3480.0  2371.595
 3485.0  2375.296
 3490.0  2378.936
 3495.0  2382.512
 3500.0  2386.023
 3505.0  2297.370
 3510.0  2300.917
 3515.0  2304.231
 3520.0  2307.282
 3525.0  2310.045
 3530.0  2312.490
 3535.0  2314.587
 3540.0  2316.393
 3545.0  2318.015
 3550.0  2319.555
 3555.0  2321.120
 3560.0  2322.814
 3565.0  2324.741
 3570.0  2327.095
 3575.0  2329.862
 3580.0  2332.834
 3585.0  2335.807
 3590.0  2338.574
 3595.0  2340.928
 3600.0  2342.664
 3605.0  2344.007
 3610.0  2345.288
 3615.0  2346.461
 3620.0  2347.479
 3625.0  2348.295
 3630.0  2348.861
 3635.0  2349.131
