 2865.0   949.392
 2870.0   974.022
 2875.0   998.449
 2880.0  1022.670
 2885.0  1046.682
 2890.0  1070.483
 2895.0  1094.069
 2900.0  1117.437
 2905.0  1140.782
 2910.0  1164.175
 2915.0  1187.429
 2920.0  1210.359
 2925.0  1232.777
 2930.0  1254.498
 2935.0  1275.336
 2940.0  1295.315
 2945.0  1314.647
 2950.0  1333.427
 2955.0  1351.749
 2960.0  1369.705
 2965.0  1387.391
 2970.0  1404.900
 2975.0  1422.137
 2980.0  1438.999
 2985.0  1455.564
 2990.0  1471.913
 2995.0  1488.126
 3000.0  1504.280
 3005.0  1520.456
 3010.0  1536.714
 3015.0  1553.002
 3020.0  1569.237
 3025.0  1585.334
 3030.0  1601.211
 3035.0  1616.782
 3040.0  1631.964
 3045.0  1646.804
 3050.0  1661.400
 3055.0  1675.753
 3060.0  1689.858
 3065.0  1703.714
 3070.0  1717.319
 3075.0  1730.670
 3080.0  1743.622
 3085.0  1756.136
 3090.0  1768.376
 3095.0  1780.502
 3100.0  1792.676
 3105.0  1805.061
 3110.0  1817.817
 3115.0  1830.959
 3120.0  1844.352
 3125.0  1857.936
 3130.0  1871.650
 3135.0  1885.434
 3140.0  1899.226
 3145.0  1912.968
 3150.0  1927.144
 3155.0  1941.970
 3160.0  1956.982
 3165.0  1971.713
 3170.0  1985.697
 3175.0  1998.468
 3180.0  2009.561
 3185.0  2019.044
 3190.0  2027.500
 3195.0  2035.243
 3200.0  2042.583
 3205.0  2049.832
 3210.0  2057.302
 3215.0  2065.304
 3220.0  2073.869
 3225.0  2082.735
 3230.0  2091.772
 3235.0  2100.854
 3240.0  2109.851
 3245.0  2118.635
 3250.0  2127.079
 3255.0  2135.283
 3260.0  2143.404
 3265.0  2151.393
 3270.0  2159.201
 3275.0  2166.779
 3280.0  2174.079
 3285.0  2181.053
 3290.0  2187.611
 3295.0  2193.783
 3300.0  2199.705
 3305.0  2205.510
 3310.0  2211.332
 3315.0  2217.306
 3320.0  2223.564
 3325.0  2230.178
 3330.0  2237.057
 3335.0  2244.092
 3340.0  2251.176
 3345.0  2258.200
 3350.0  2265.057
 3355.0  2271.639
 3360.0  2278.128
 3365.0  2284.689
 3370.0  2291.181
 3375.0  2297.465
 3380.0  2303.402
 3385.0  2308.852
 3390.0  2313.676
 3395.0  2317.789
 3400.0  2321.347
 3405.0  2324.570
 3410.0  2327.681
 3415.0  2330.899
 3420.0  2334.447
 3425.0  2338.545
 3430.0  2343.489
 3435.0  2349.239
 3440.0  2355.510
 3445.0  2362.020
 3450.0  2368.486
 3455.0  2374.624
 3460.0  2380.150
 3465.0  2385.200
 3470.0  2390.090
 3475.0  2394.806
 3480.0  2399.337
 3485.0  2403.672
 3490.0  2407.796
 3495.0  2411.700
 3500.0  2415.370
 3505.0  2321.602
 3510.0  2323.920
 3515.0  2326.306
 3520.0  2328.757
 3525.0  2331.271
 3530.0  2333.845
 3535.0  2336.621
 3540.0  2339.655
 3545.0  2342.811
 3550.0  2345.953
 3555.0  2348.945
 3560.0  2351.650
 3565.0  2353.932
 3570.0  2355.802
 3575.0  2357.419
 3580.0  2358.874
 3585.0  2360.258
 3590.0  2361.662
 3595.0  2363.176
 3600.0  2364.893
 3605.0  2366.806
 3610.0  2368.844
 3615.0  2371.001
 3620.0  2373.268
 3625.0  2375.639
 3630.0  2378.105
 3635.0  2380.659
