 2865.0   923.806
 2870.0   946.111
 2875.0   968.157
 2880.0   989.939
 2885.0  1011.451
 2890.0  1032.689
 2895.0  1053.647
 2900.0  1074.320
 2905.0  1094.745
 2910.0  1114.948
 2915.0  1134.905
 2920.0  1154.592
 2925.0  1173.986
 2930.0  1193.062
 2935.0  1211.797
 2940.0  1230.533
 2945.0  1249.413
 2950.0  1268.121
 2955.0  1286.342
 2960.0  1303.758
 2965.0  1320.053
 2970.0  1334.911
 2975.0  1348.048
 2980.0  1359.768
 2985.0  1370.628
 2990.0  1381.185
 2995.0  1391.999
 3000.0  1403.626
 3005.0  1416.626
 3010.0  1431.662
 3015.0  1448.554
 3020.0  1466.601
 3025.0  1485.099
 3030.0  1503.344
 3035.0  1520.634
 3040.0  1536.266
 3045.0  1550.218
 3050.0  1563.170
 3055.0  1575.470
 3060.0  1587.467
 3065.0  1599.510
 3070.0  1611.947
 3075.0  1625.127
 3080.0  1639.365
 3085.0  1654.473
 3090.0  1670.040
 3095.0  1685.659
 3100.0  1700.922
 3105.0  1715.419
 3110.0  1728.743
 3115.0  1740.810
 3120.0  1752.010
 3125.0  1762.643
 3130.0  1773.010
 3135.0  1783.413
 3140.0  1794.153
 3145.0  1805.530
 3150.0  1817.764
 3155.0  1830.675
 3160.0  1843.961
 3165.0  1857.321
 3170.0  1870.453
 3175.0  1883.058
 3180.0  1894.834
 3185.0  1905.848
 3190.0  1916.421
 3195.0  1926.631
 3200.0  1936.554
 3205.0  1946.268
 3210.0  1955.852
 3215.0  1965.381
 3220.0  1974.970
 3225.0  1984.594
 3230.0  1994.120
 3235.0  2003.418
 3240.0  2012.357
 3245.0  2020.805
 3250.0  2028.631
 3255.0  2035.723
 3260.0  2042.204
 3265.0  2048.297
 3270.0  2054.222
 3275.0  2060.202
 3280.0  2066.458
 3285.0  2073.211
 3290.0  2080.622
 3295.0  2088.564
 3300.0  2096.829
 3305.0  2105.207
 3310.0  2113.490
 3315.0  2121.470
 3320.0  2128.937
 3325.0  2135.964
 3330.0  2142.773
 3335.0  2149.385
 3340.0  2155.821
 3345.0  2162.099
 3350.0  2168.242
 3355.0  2174.269
 3360.0  2180.333
 3365.0  2186.474
 3370.0  2192.544
 3375.0  2198.390
 3380.0  2203.865
 3385.0  2208.816
 3390.0  2213.096
 3395.0  2216.685
 3400.0  2219.784
 3405.0  2222.568
 3410.0  2225.215
 3415.0  2227.900
 3420.0  2230.800
 3425.0  2234.091
 3430.0  2238.002
 3435.0  2242.476
 3440.0  2247.259
 3445.0  2252.100
 3450.0  2256.746
 3455.0  2260.943
 3460.0  2264.440
 3465.0  2267.438
 3470.0  2270.285
 3475.0  2272.945
 3480.0  2275.383
 3485.0  2277.563
 3490.0  2279.451
 3495.0  2281.010
 3500.0  2282.205
 3505.0  2213.399
 3510.0  2217.924
 3515.0  2221.858
 3520.0  2225.026
 3525.0  2227.254
 3530.0  2228.366
 3535.0  2228.772
 3540.0  2229.036
 3545.0  2229.216
 3550.0  2229.368
 3555.0  2229.550
 3560.0  2229.818
 3565.0  2230.230
 3570.0  2232.108
 3575.0  2236.192
 3580.0  2241.670
 3585.0  2247.729
 3590.0  2253.555
 3595.0  2258.333
 3600.0  2261.252
 3605.0  2262.927
 3610.0  2264.482
 3615.0  2265.868
 3620.0  2267.034
 3625.0  2267.930
 3630.0  2268.504
 3635.0  2268.707
