 2865.0   969.997
 2870.0   995.917
 2875.0  1021.356
 2880.0  1046.295
 2885.0  1070.718
 2890.0  1094.607
 2895.0  1117.947
 2900.0  1140.720
 2905.0  1162.724
 2910.0  1183.935
 2915.0  1204.598
 2920.0  1224.960
 2925.0  1245.267
 2930.0  1265.765
 2935.0  1286.700
 2940.0  1308.645
 2945.0  1331.573
 2950.0  1354.832
 2955.0  1377.769
 2960.0  1399.731
 2965.0  1420.067
 2970.0  1438.123
 2975.0  1453.863
 2980.0  1468.030
 2985.0  1481.140
 2990.0  1493.707
 2995.0  1506.246
 3000.0  1519.274
 3005.0  1533.306
 3010.0  1548.538
 3015.0  1564.598
 3020.0  1581.145
 3025.0  1597.836
 3030.0  1614.331
 3035.0  1630.288
 3040.0  1645.365
 3045.0  1659.433
 3050.0  1672.778
 3055.0  1685.678
 3060.0  1698.412
 3065.0  1711.258
 3070.0  1724.494
 3075.0  1738.400
 3080.0  1753.356
 3085.0  1769.257
 3090.0  1785.656
 3095.0  1802.105
 3100.0  1818.158
 3105.0  1833.367
 3110.0  1847.284
 3115.0  1859.802
 3120.0  1871.348
 3125.0  1882.270
 3130.0  1892.918
 3135.0  1903.642
 3140.0  1914.791
 3145.0  1926.715
 3150.0  1939.870
 3155.0  1954.119
 3160.0  1968.921
 3165.0  1983.738
 3170.0  1998.027
 3175.0  2011.251
 3180.0  2022.868
 3185.0  2032.955
 3190.0  2042.126
 3195.0  2050.648
 3200.0  2058.789
 3205.0  2066.815
 3210.0  2074.993
 3215.0  2083.591
 3220.0  2092.697
 3225.0  2102.104
 3230.0  2111.636
 3235.0  2121.117
 3240.0  2130.373
 3245.0  2139.227
 3250.0  2147.503
 3255.0  2155.174
 3260.0  2162.413
 3265.0  2169.346
 3270.0  2176.101
 3275.0  2182.802
 3280.0  2189.577
 3285.0  2196.552
 3290.0  2203.901
 3295.0  2211.570
 3300.0  2219.344
 3305.0  2227.006
 3310.0  2234.340
 3315.0  2241.130
 3320.0  2247.159
 3325.0  2252.335
 3330.0  2256.878
 3335.0  2261.040
 3340.0  2265.074
 3345.0  2269.232
 3350.0  2273.768
 3355.0  2278.935
 3360.0  2285.242
 3365.0  2292.692
 3370.0  2300.776
 3375.0  2308.985
 3380.0  2316.811
 3385.0  2323.745
 3390.0  2329.277
 3395.0  2333.501
 3400.0  2337.027
 3405.0  2340.117
 3410.0  2343.038
 3415.0  2346.052
 3420.0  2349.424
 3425.0  2353.418
 3430.0  2358.441
 3435.0  2364.464
 3440.0  2371.091
 3445.0  2377.929
 3450.0  2384.585
 3455.0  2390.663
 3460.0  2395.771
 3465.0  2400.169
 3470.0  2404.357
 3475.0  2408.295
 3480.0  2411.943
 3485.0  2415.264
 3490.0  2418.217
 3495.0  2420.764
 3500.0  2422.866
 3505.0  2330.556
 3510.0  2332.568
 3515.0  2334.755
 3520.0  2337.098
 3525.0  2339.577
 3530.0  2342.175
 3535.0  2345.135
 3540.0  2348.584
 3545.0  2352.328
 3550.0  2356.173
 3555.0  2359.925
 3560.0  2363.389
 3565.0  2366.372
 3570.0  2369.105
 3575.0  2371.863
 3580.0  2374.523
 3585.0  2376.959
 3590.0  2379.045
 3595.0  2380.656
 3600.0  2381.666
 3605.0  2382.310
 3610.0  2382.896
 3615.0  2383.408
 3620.0  2383.833
 3625.0  2384.154
 3630.0  2384.358
 3635.0  2384.429
