 2865.0  1031.120
 2870.0  1057.967
 2875.0  1084.380
 2880.0  1110.347
 2885.0  1135.856
 2890.0  1160.893
 2895.0  1185.446
 2900.0  1209.502
 2905.0  1232.948
 2910.0  1255.778
 2915.0  1278.137
 2920.0  1300.174
 2925.0  1322.036
 2930.0  1343.870
 2935.0  1365.822
 2940.0  1388.101
 2945.0  1410.647
 2950.0  1433.202
 2955.0  1455.511
 2960.0  1477.318
 2965.0  1498.366
 2970.0  1518.401
 2975.0  1537.547
 2980.0  1556.118
 2985.0  1574.140
 2990.0  1591.636
 2995.0  1608.632
 3000.0  1625.154
 3005.0  1641.225
 3010.0  1656.679
 3015.0  1671.465
 3020.0  1685.785
 3025.0  1699.841
 3030.0  1713.836
 3035.0  1727.972
 3040.0  1742.451
 3045.0  1757.311
 3050.0  1772.384
 3055.0  1787.568
 3060.0  1802.760
 3065.0  1817.855
 3070.0  1832.750
 3075.0  1847.343
 3080.0  1861.638
 3085.0  1875.732
 3090.0  1889.662
 3095.0  1903.463
 3100.0  1917.170
 3105.0  1930.819
 3110.0  1944.445
 3115.0  1958.071
 3120.0  1971.675
 3125.0  1985.223
 3130.0  1998.680
 3135.0  2012.014
 3140.0  2025.190
 3145.0  2038.174
 3150.0  2051.057
 3155.0  2063.902
 3160.0  2076.637
 3165.0  2089.187
 3170.0  2101.477
 3175.0  2113.435
 3180.0  2124.987
 3185.0  2136.289
 3190.0  2147.477
 3195.0  2158.441
 3200.0  2169.075
 3205.0  2179.270
 3210.0  2188.919
 3215.0  2197.912
 3220.0  2206.138
 3225.0  2213.704
 3230.0  2220.834
 3235.0  2227.752
 3240.0  2234.683
 3245.0  2241.851
 3250.0  2249.481
 3255.0  2257.738
 3260.0  2266.489
 3265.0  2275.504
 3270.0  2284.558
 3275.0  2293.421
 3280.0  2301.867
 3285.0  2309.667
 3290.0  2316.887
 3295.0  2323.780
 3300.0  2330.397
 3305.0  2336.790
 3310.0  2343.012
 3315.0  2349.114
 3320.0  2355.149
 3325.0  2361.019
 3330.0  2366.651
 3335.0  2372.136
 3340.0  2377.562
 3345.0  2383.019
 3350.0  2388.599
 3355.0  2394.390
 3360.0  2400.660
 3365.0  2407.421
 3370.0  2414.382
 3375.0  2421.252
 3380.0  2427.740
 3385.0  2433.553
 3390.0  2438.402
 3395.0  2442.295
 3400.0  2445.590
 3405.0  2448.511
 3410.0  2451.288
 3415.0  2454.148
 3420.0  2457.317
 3425.0  2461.022
 3430.0  2465.540
 3435.0  2470.812
 3440.0  2476.567
 3445.0  2482.533
 3450.0  2488.440
 3455.0  2494.016
 3460.0  2498.990
 3465.0  2503.499
 3470.0  2507.850
 3475.0  2512.030
 3480.0  2516.025
 3485.0  2519.821
 3490.0  2523.405
 3495.0  2526.762
 3500.0  2529.878
 3505.0  2456.936
 3510.0  2459.508
 3515.0  2462.101
 3520.0  2464.715
 3525.0  2467.349
 3530.0  2470.005
 3535.0  2472.753
 3540.0  2475.620
 3545.0  2478.532
 3550.0  2481.419
 3555.0  2484.208
 3560.0  2486.828
 3565.0  2489.207
 3570.0  2491.519
 3575.0  2493.900
 3580.0  2496.225
 3585.0  2498.364
 3590.0  2500.192
 3595.0  2501.580
 3600.0  2502.400
 3605.0  2502.874
 3610.0  2503.301
 3615.0  2503.670
 3620.0  2503.973
 3625.0  2504.201
 3630.0  2504.344
 3635.0  2504.394
