 2865.0   976.213
 2870.0   993.741
 2875.0  1011.959
 2880.0  1030.837
 2885.0  1050.346
 2890.0  1070.457
 2895.0  1091.141
 2900.0  1112.368
 2905.0  1134.970
 2910.0  1159.297
 2915.0  1184.593
 2920.0  1210.106
 2925.0  1235.081
 2930.0  1258.765
 2935.0  1280.404
 2940.0  1300.052
 2945.0  1318.489
 2950.0  1336.048
 2955.0  1353.064
 2960.0  1369.870
 2965.0  1386.801
 2970.0  1404.191
 2975.0  1422.455
 2980.0  1441.432
 2985.0  1460.599
 2990.0  1479.429
 2995.0  1497.396
 3000.0  1513.974
 3005.0  1528.638
 3010.0  1541.269
 3015.0  1552.450
 3020.0  1562.709
 3025.0  1572.576
 3030.0  1582.577
 3035.0  1593.243
 3040.0  1605.101
 3045.0  1618.543
 3050.0  1633.291
 3055.0  1648.866
 3060.0  1664.792
 3065.0  1680.590
 3070.0  1695.783
 3075.0  1709.893
 3080.0  1722.951
 3085.0  1735.422
 3090.0  1747.473
 3095.0  1759.277
 3100.0  1771.002
 3105.0  1782.818
 3110.0  1794.895
 3115.0  1807.142
 3120.0  1819.376
 3125.0  1831.633
 3130.0  1843.950
 3135.0  1856.363
 3140.0  1868.907
 3145.0  1881.618
 3150.0  1894.584
 3155.0  1907.805
 3160.0  1921.186
 3165.0  1934.631
 3170.0  1948.045
 3175.0  1961.332
 3180.0  1974.396
 3185.0  1988.003
 3190.0  2002.494
 3195.0  2017.138
 3200.0  2031.205
 3205.0  2043.963
 3210.0  2054.681
 3215.0  2062.629
 3220.0  2068.220
 3225.0  2072.641
 3230.0  2076.318
 3235.0  2079.680
 3240.0  2083.153
 3245.0  2087.166
 3250.0  2092.145
 3255.0  2098.480
 3260.0  2106.050
 3265.0  2114.519
 3270.0  2123.550
 3275.0  2132.806
 3280.0  2141.952
 3285.0  2150.649
 3290.0  2159.395
 3295.0  2168.653
 3300.0  2178.041
 3305.0  2187.173
 3310.0  2195.667
 3315.0  2203.138
 3320.0  2209.203
 3325.0  2213.898
 3330.0  2217.739
 3335.0  2221.061
 3340.0  2224.199
 3345.0  2227.489
 3350.0  2231.264
 3355.0  2235.862
 3360.0  2242.162
 3365.0  2250.292
 3370.0  2259.456
 3375.0  2268.858
 3380.0  2277.701
 3385.0  2285.191
 3390.0  2290.529
 3395.0  2294.042
 3400.0  2296.783
 3405.0  2299.049
 3410.0  2301.140
 3415.0  2303.353
 3420.0  2305.986
 3425.0  2309.339
 3430.0  2314.195
 3435.0  2320.705
 3440.0  2328.216
 3445.0  2336.076
 3450.0  2343.631
 3455.0  2350.228
 3460.0  2355.214
 3465.0  2359.107
 3470.0  2362.799
 3475.0  2366.200
 3480.0  2369.221
 3485.0  2371.771
 3490.0  2373.760
 3495.0  2375.100
 3500.0  2375.699
 3505.0  2295.073
 3510.0  2297.241
 3515.0  2299.472
 3520.0  2301.761
 3525.0  2304.108
 3530.0  2306.509
 3535.0  2308.992
 3540.0  2311.574
 3545.0  2314.232
 3550.0  2316.946
 3555.0  2319.693
 3560.0  2322.451
 3565.0  2325.200
 3570.0  2328.185
 3575.0  2331.506
 3580.0  2334.927
 3585.0  2338.210
 3590.0  2341.116
 3595.0  2343.409
 3600.0  2344.851
 3605.0  2345.759
 3610.0  2346.589
 3615.0  2347.320
 3620.0  2347.929
 3625.0  2348.392
 3630.0  2348.687
 3635.0  2348.791
