 2865.0   941.455
 2870.0   970.085
 2875.0   997.929
 2880.0  1024.940
 2885.0  1051.071
 2890.0  1076.275
 2895.0  1100.506
 2900.0  1123.716
 2905.0  1145.746
 2910.0  1166.658
 2915.0  1186.736
 2920.0  1206.265
 2925.0  1225.527
 2930.0  1244.807
 2935.0  1264.390
 2940.0  1284.423
 2945.0  1304.700
 2950.0  1324.984
 2955.0  1345.033
 2960.0  1364.607
 2965.0  1383.467
 2970.0  1401.373
 2975.0  1418.272
 2980.0  1434.406
 2985.0  1449.970
 2990.0  1465.158
 2995.0  1480.168
 3000.0  1495.194
 3005.0  1510.431
 3010.0  1525.909
 3015.0  1541.463
 3020.0  1557.000
 3025.0  1572.428
 3030.0  1587.653
 3035.0  1602.583
 3040.0  1617.126
 3045.0  1631.343
 3050.0  1645.347
 3055.0  1659.122
 3060.0  1672.654
 3065.0  1685.925
 3070.0  1698.920
 3075.0  1711.622
 3080.0  1723.857
 3085.0  1735.592
 3090.0  1747.024
 3095.0  1758.355
 3100.0  1769.781
 3105.0  1781.502
 3110.0  1793.718
 3115.0  1806.616
 3120.0  1820.094
 3125.0  1833.913
 3130.0  1847.837
 3135.0  1861.626
 3140.0  1875.043
 3145.0  1887.850
 3150.0  1900.249
 3155.0  1912.531
 3160.0  1924.596
 3165.0  1936.342
 3170.0  1947.668
 3175.0  1958.473
 3180.0  1968.655
 3185.0  1978.196
 3190.0  1987.224
 3195.0  1995.851
 3200.0  2004.192
 3205.0  2012.362
 3210.0  2020.474
 3215.0  2028.643
 3220.0  2036.868
 3225.0  2045.050
 3230.0  2053.156
 3235.0  2061.150
 3240.0  2068.999
 3245.0  2076.666
 3250.0  2084.118
 3255.0  2091.346
 3260.0  2098.387
 3265.0  2105.271
 3270.0  2112.030
 3275.0  2118.697
 3280.0  2125.303
 3285.0  2131.879
 3290.0  2138.473
 3295.0  2145.073
 3300.0  2151.624
 3305.0  2158.073
 3310.0  2164.364
 3315.0  2170.442
 3320.0  2176.254
 3325.0  2181.758
 3330.0  2187.002
 3335.0  2192.064
 3340.0  2197.021
 3345.0  2201.951
 3350.0  2206.932
 3355.0  2212.041
 3360.0  2217.342
 3365.0  2222.785
 3370.0  2228.284
 3375.0  2233.750
 3380.0  2239.094
 3385.0  2244.228
 3390.0  2249.064
 3395.0  2253.597
 3400.0  2257.915
 3405.0  2262.073
 3410.0  2266.125
 3415.0  2270.126
 3420.0  2274.130
 3425.0  2278.191
 3430.0  2282.276
 3435.0  2286.326
 3440.0  2290.356
 3445.0  2294.382
 3450.0  2298.419
 3455.0  2302.482
 3460.0  2306.588
 3465.0  2310.732
 3470.0  2314.898
 3475.0  2319.087
 3480.0  2323.298
 3485.0  2327.532
 3490.0  2331.787
 3495.0  2336.064
 3500.0  2340.362
 3505.0  2276.758
 3510.0  2278.545
 3515.0  2280.409
 3520.0  2282.345
 3525.0  2284.349
 3530.0  2286.416
 3535.0  2288.671
 3540.0  2291.165
 3545.0  2293.786
 3550.0  2296.424
 3555.0  2298.965
 3560.0  2301.299
 3565.0  2303.313
 3570.0  2305.009
 3575.0  2306.510
 3580.0  2307.885
 3585.0  2309.203
 3590.0  2310.534
 3595.0  2311.948
 3600.0  2313.513
 3605.0  2315.222
 3610.0  2317.015
 3615.0  2318.888
 3620.0  2320.838
 3625.0  2322.860
 3630.0  2324.949
 3635.0  2327.102
