 2865.0   784.227
 2870.0   806.089
 2875.0   827.679
 2880.0   848.992
 2885.0   870.022
 2890.0   890.763
 2895.0   911.210
 2900.0   931.356
 2905.0   951.238
 2910.0   970.884
 2915.0   990.271
 2920.0  1009.378
 2925.0  1028.184
 2930.0  1046.667
 2935.0  1064.807
 2940.0  1082.639
 2945.0  1100.208
 2950.0  1117.500
 2955.0  1134.503
 2960.0  1151.202
 2965.0  1167.587
 2970.0  1183.642
 2975.0  1199.327
 2980.0  1214.652
 2985.0  1229.680
 2990.0  1244.479
 2995.0  1259.112
 3000.0  1273.646
 3005.0  1288.145
 3010.0  1302.702
 3015.0  1317.292
 3020.0  1331.803
 3025.0  1346.127
 3030.0  1360.151
 3035.0  1373.766
 3040.0  1386.861
 3045.0  1399.273
 3050.0  1411.067
 3055.0  1422.476
 3060.0  1433.728
 3065.0  1445.056
 3070.0  1456.691
 3075.0  1468.862
 3080.0  1482.025
 3085.0  1496.136
 3090.0  1510.682
 3095.0  1525.148
 3100.0  1539.021
 3105.0  1551.787
 3110.0  1562.931
 3115.0  1572.493
 3120.0  1581.061
 3125.0  1588.956
 3130.0  1596.492
 3135.0  1603.989
 3140.0  1611.763
 3145.0  1620.131
 3150.0  1628.984
 3155.0  1638.011
 3160.0  1647.231
 3165.0  1656.662
 3170.0  1666.322
 3175.0  1676.229
 3180.0  1686.401
 3185.0  1696.999
 3190.0  1708.076
 3195.0  1719.488
 3200.0  1731.094
 3205.0  1742.751
 3210.0  1754.316
 3215.0  1765.648
 3220.0  1777.209
 3225.0  1789.278
 3230.0  1801.443
 3235.0  1813.289
 3240.0  1824.403
 3245.0  1834.371
 3250.0  1842.778
 3255.0  1849.729
 3260.0  1855.788
 3265.0  1861.236
 3270.0  1866.350
 3275.0  1871.410
 3280.0  1876.696
 3285.0  1882.485
 3290.0  1888.881
 3295.0  1895.678
 3300.0  1902.693
 3305.0  1909.739
 3310.0  1916.634
 3315.0  1923.191
 3320.0  1929.228
 3325.0  1934.653
 3330.0  1939.622
 3335.0  1944.323
 3340.0  1948.943
 3345.0  1953.669
 3350.0  1958.689
 3355.0  1964.189
 3360.0  1970.357
 3365.0  1977.120
 3370.0  1984.272
 3375.0  1991.607
 3380.0  1998.919
 3385.0  2006.002
 3390.0  2012.651
 3395.0  2018.915
 3400.0  2025.001
 3405.0  2030.940
 3410.0  2036.764
 3415.0  2042.505
 3420.0  2048.194
 3425.0  2053.864
 3430.0  2059.554
 3435.0  2065.252
 3440.0  2070.909
 3445.0  2076.475
 3450.0  2081.902
 3455.0  2087.139
 3460.0  2092.137
 3465.0  2096.937
 3470.0  2101.609
 3475.0  2106.144
 3480.0  2110.537
 3485.0  2114.778
 3490.0  2118.862
 3495.0  2122.780
 3500.0  2126.524
 3505.0  2059.499
 3510.0  2060.999
 3515.0  2062.796
 3520.0  2064.829
 3525.0  2067.040
 3530.0  2069.369
 3535.0  2072.225
 3540.0  2075.890
 3545.0  2080.112
 3550.0  2084.640
 3555.0  2089.226
 3560.0  2093.617
 3565.0  2097.563
 3570.0  2101.188
 3575.0  2104.760
 3580.0  2108.252
 3585.0  2111.632
 3590.0  2114.872
 3595.0  2117.943
 3600.0  2120.814
 3605.0  2123.530
 3610.0  2126.144
 3615.0  2128.648
 3620.0  2131.032
 3625.0  2133.286
 3630.0  2135.399
 3635.0  2137.363
