 2865.0   936.809
 2870.0   961.271
 2875.0   985.431
 2880.0  1009.282
 2885.0  1032.817
 2890.0  1056.030
 2895.0  1078.915
 2900.0  1101.466
 2905.0  1123.739
 2910.0  1145.770
 2915.0  1167.518
 2920.0  1188.943
 2925.0  1210.005
 2930.0  1230.664
 2935.0  1250.877
 2940.0  1270.770
 2945.0  1290.434
 2950.0  1309.783
 2955.0  1328.732
 2960.0  1347.193
 2965.0  1365.082
 2970.0  1382.311
 2975.0  1398.973
 2980.0  1415.206
 2985.0  1430.999
 2990.0  1446.340
 2995.0  1461.218
 3000.0  1475.619
 3005.0  1489.534
 3010.0  1502.738
 3015.0  1515.199
 3020.0  1527.189
 3025.0  1538.981
 3030.0  1550.847
 3035.0  1563.060
 3040.0  1575.891
 3045.0  1589.424
 3050.0  1603.456
 3055.0  1617.835
 3060.0  1632.408
 3065.0  1647.022
 3070.0  1661.525
 3075.0  1675.764
 3080.0  1689.914
 3085.0  1704.170
 3090.0  1718.408
 3095.0  1732.506
 3100.0  1746.338
 3105.0  1759.782
 3110.0  1772.715
 3115.0  1785.052
 3120.0  1796.897
 3125.0  1808.399
 3130.0  1819.711
 3135.0  1830.986
 3140.0  1842.373
 3145.0  1854.026
 3150.0  1866.214
 3155.0  1878.893
 3160.0  1891.744
 3165.0  1904.447
 3170.0  1916.683
 3175.0  1928.134
 3180.0  1938.481
 3185.0  1947.692
 3190.0  1956.117
 3195.0  1964.003
 3200.0  1971.600
 3205.0  1979.154
 3210.0  1986.915
 3215.0  1995.131
 3220.0  2003.958
 3225.0  2013.232
 3230.0  2022.721
 3235.0  2032.193
 3240.0  2041.416
 3245.0  2050.159
 3250.0  2058.191
 3255.0  2065.576
 3260.0  2072.580
 3265.0  2079.268
 3270.0  2085.706
 3275.0  2091.959
 3280.0  2098.095
 3285.0  2104.178
 3290.0  2110.154
 3295.0  2115.953
 3300.0  2121.617
 3305.0  2127.189
 3310.0  2132.710
 3315.0  2138.222
 3320.0  2143.767
 3325.0  2149.284
 3330.0  2154.716
 3335.0  2160.109
 3340.0  2165.512
 3345.0  2170.972
 3350.0  2176.538
 3355.0  2182.257
 3360.0  2188.319
 3365.0  2194.749
 3370.0  2201.345
 3375.0  2207.908
 3380.0  2214.238
 3385.0  2220.132
 3390.0  2225.392
 3395.0  2229.982
 3400.0  2234.112
 3405.0  2237.947
 3410.0  2241.650
 3415.0  2245.388
 3420.0  2249.324
 3425.0  2253.624
 3430.0  2258.448
 3435.0  2263.718
 3440.0  2269.237
 3445.0  2274.811
 3450.0  2280.245
 3455.0  2285.343
 3460.0  2289.911
 3465.0  2294.073
 3470.0  2298.072
 3475.0  2301.890
 3480.0  2305.509
 3485.0  2308.912
 3490.0  2312.080
 3495.0  2314.995
 3500.0  2317.640
 3505.0  2230.175
 3510.0  2233.634
 3515.0  2236.925
 3520.0  2240.034
 3525.0  2242.946
 3530.0  2245.648
 3535.0  2248.163
 3540.0  2250.533
 3545.0  2252.772
 3550.0  2254.895
 3555.0  2256.914
 3560.0  2258.843
 3565.0  2260.697
 3570.0  2262.465
 3575.0  2264.140
 3580.0  2265.740
 3585.0  2267.283
 3590.0  2268.787
 3595.0  2270.270
 3600.0  2271.750
 3605.0  2273.223
 3610.0  2274.673
 3615.0  2276.099
 3620.0  2277.501
 3625.0  2278.878
 3630.0  2280.229
 3635.0  2281.554
