 2865.0   961.712
 2870.0   984.600
 2875.0  1007.434
 2880.0  1030.215
 2885.0  1052.942
 2890.0  1075.614
 2895.0  1098.232
 2900.0  1120.796
 2905.0  1143.303
 2910.0  1165.752
 2915.0  1188.146
 2920.0  1210.490
 2925.0  1232.785
 2930.0  1255.034
 2935.0  1277.241
 2940.0  1299.879
 2945.0  1323.101
 2950.0  1346.435
 2955.0  1369.408
 2960.0  1391.547
 2965.0  1412.379
 2970.0  1431.430
 2975.0  1448.804
 2980.0  1465.073
 2985.0  1480.470
 2990.0  1495.228
 2995.0  1509.579
 3000.0  1523.756
 3005.0  1537.992
 3010.0  1552.061
 3015.0  1565.688
 3020.0  1579.037
 3025.0  1592.270
 3030.0  1605.552
 3035.0  1619.043
 3040.0  1632.908
 3045.0  1647.203
 3050.0  1661.807
 3055.0  1676.615
 3060.0  1691.523
 3065.0  1706.425
 3070.0  1721.218
 3075.0  1735.797
 3080.0  1750.181
 3085.0  1764.469
 3090.0  1778.679
 3095.0  1792.828
 3100.0  1806.935
 3105.0  1821.016
 3110.0  1835.088
 3115.0  1849.374
 3120.0  1863.931
 3125.0  1878.534
 3130.0  1892.954
 3135.0  1906.964
 3140.0  1920.336
 3145.0  1932.843
 3150.0  1944.409
 3155.0  1955.256
 3160.0  1965.606
 3165.0  1975.681
 3170.0  1985.702
 3175.0  1995.891
 3180.0  2006.471
 3185.0  2017.788
 3190.0  2029.765
 3195.0  2041.981
 3200.0  2054.018
 3205.0  2065.458
 3210.0  2075.883
 3215.0  2084.872
 3220.0  2092.418
 3225.0  2099.015
 3230.0  2105.000
 3235.0  2110.710
 3240.0  2116.482
 3245.0  2122.652
 3250.0  2129.559
 3255.0  2137.465
 3260.0  2146.194
 3265.0  2155.424
 3270.0  2164.833
 3275.0  2174.096
 3280.0  2182.892
 3285.0  2190.898
 3290.0  2198.220
 3295.0  2205.211
 3300.0  2211.916
 3305.0  2218.384
 3310.0  2224.659
 3315.0  2230.788
 3320.0  2236.817
 3325.0  2242.674
 3330.0  2248.303
 3335.0  2253.773
 3340.0  2259.153
 3345.0  2264.514
 3350.0  2269.923
 3355.0  2275.452
 3360.0  2281.164
 3365.0  2287.019
 3370.0  2292.930
 3375.0  2298.811
 3380.0  2304.574
 3385.0  2310.132
 3390.0  2315.398
 3395.0  2320.366
 3400.0  2325.122
 3405.0  2329.718
 3410.0  2334.209
 3415.0  2338.645
 3420.0  2343.081
 3425.0  2347.568
 3430.0  2351.959
 3435.0  2356.159
 3440.0  2360.296
 3445.0  2364.503
 3450.0  2368.909
 3455.0  2373.645
 3460.0  2378.841
 3465.0  2384.573
 3470.0  2390.805
 3475.0  2397.500
 3480.0  2404.624
 3485.0  2412.142
 3490.0  2420.016
 3495.0  2428.213
 3500.0  2436.696
 3505.0  2350.659
 3510.0  2353.019
 3515.0  2355.379
 3520.0  2357.739
 3525.0  2360.098
 3530.0  2362.457
 3535.0  2364.810
 3540.0  2367.154
 3545.0  2369.495
 3550.0  2371.841
 3555.0  2374.197
 3560.0  2376.570
 3565.0  2378.966
 3570.0  2381.494
 3575.0  2384.184
 3580.0  2386.926
 3585.0  2389.611
 3590.0  2392.126
 3595.0  2394.362
 3600.0  2396.208
 3605.0  2397.790
 3610.0  2399.290
 3615.0  2400.680
 3620.0  2401.934
 3625.0  2403.025
 3630.0  2403.927
 3635.0  2404.614
