 2865.0   932.715
 2870.0   955.520
 2875.0   978.172
 2880.0  1000.669
 2885.0  1023.008
 2890.0  1045.188
 2895.0  1067.208
 2900.0  1089.066
 2905.0  1110.759
 2910.0  1132.289
 2915.0  1153.664
 2920.0  1174.892
 2925.0  1195.981
 2930.0  1216.940
 2935.0  1237.775
 2940.0  1259.390
 2945.0  1282.080
 2950.0  1304.944
 2955.0  1327.078
 2960.0  1347.580
 2965.0  1365.547
 2970.0  1380.076
 2975.0  1391.236
 2980.0  1400.265
 2985.0  1408.017
 2990.0  1415.344
 2995.0  1423.102
 3000.0  1432.143
 3005.0  1443.321
 3010.0  1458.413
 3015.0  1477.671
 3020.0  1499.667
 3025.0  1522.969
 3030.0  1546.149
 3035.0  1567.777
 3040.0  1586.422
 3045.0  1602.685
 3050.0  1618.150
 3055.0  1632.859
 3060.0  1646.856
 3065.0  1660.184
 3070.0  1672.885
 3075.0  1685.003
 3080.0  1696.045
 3085.0  1705.867
 3090.0  1715.035
 3095.0  1724.117
 3100.0  1733.678
 3105.0  1744.285
 3110.0  1756.506
 3115.0  1772.123
 3120.0  1791.465
 3125.0  1812.917
 3130.0  1834.862
 3135.0  1855.686
 3140.0  1873.771
 3145.0  1887.503
 3150.0  1897.567
 3155.0  1906.058
 3160.0  1913.468
 3165.0  1920.288
 3170.0  1927.012
 3175.0  1934.132
 3180.0  1942.140
 3185.0  1951.069
 3190.0  1960.512
 3195.0  1970.298
 3200.0  1980.255
 3205.0  1990.213
 3210.0  2000.001
 3215.0  2009.448
 3220.0  2018.750
 3225.0  2028.125
 3230.0  2037.441
 3235.0  2046.564
 3240.0  2055.361
 3245.0  2063.697
 3250.0  2071.439
 3255.0  2078.497
 3260.0  2084.998
 3265.0  2091.137
 3270.0  2097.106
 3275.0  2103.100
 3280.0  2109.312
 3285.0  2115.936
 3290.0  2123.183
 3295.0  2130.962
 3300.0  2139.010
 3305.0  2147.066
 3310.0  2154.867
 3315.0  2162.151
 3320.0  2168.657
 3325.0  2174.383
 3330.0  2179.609
 3335.0  2184.495
 3340.0  2189.202
 3345.0  2193.888
 3350.0  2198.716
 3355.0  2203.844
 3360.0  2209.577
 3365.0  2215.877
 3370.0  2222.392
 3375.0  2228.772
 3380.0  2234.664
 3385.0  2239.718
 3390.0  2243.580
 3395.0  2246.349
 3400.0  2248.518
 3405.0  2250.329
 3410.0  2252.025
 3415.0  2253.846
 3420.0  2256.037
 3425.0  2258.839
 3430.0  2262.692
 3435.0  2267.694
 3440.0  2273.570
 3445.0  2280.049
 3450.0  2286.858
 3455.0  2293.724
 3460.0  2300.374
 3465.0  2306.919
 3470.0  2313.648
 3475.0  2320.556
 3480.0  2327.635
 3485.0  2334.881
 3490.0  2342.287
 3495.0  2349.847
 3500.0  2357.554
 3505.0  2259.977
 3510.0  2263.553
 3515.0  2266.974
 3520.0  2270.230
 3525.0  2273.307
 3530.0  2276.197
 3535.0  2278.849
 3540.0  2281.277
 3545.0  2283.557
 3550.0  2285.769
 3555.0  2287.990
 3560.0  2290.298
 3565.0  2292.772
 3570.0  2295.633
 3575.0  2298.890
 3580.0  2302.302
 3585.0  2305.626
 3590.0  2308.620
 3595.0  2311.044
 3600.0  2312.656
 3605.0  2313.755
 3610.0  2314.778
 3615.0  2315.691
 3620.0  2316.460
 3625.0  2317.052
 3630.0  2317.432
 3635.0  2317.566
