 2865.0  1038.261
 2870.0  1065.407
 2875.0  1092.081
 2880.0  1118.266
 2885.0  1143.948
 2890.0  1169.112
 2895.0  1193.741
 2900.0  1217.822
 2905.0  1241.259
 2910.0  1264.058
 2915.0  1286.355
 2920.0  1308.284
 2925.0  1329.981
 2930.0  1351.582
 2935.0  1373.221
 2940.0  1395.045
 2945.0  1416.982
 2950.0  1438.846
 2955.0  1460.450
 2960.0  1481.607
 2965.0  1502.129
 2970.0  1521.830
 2975.0  1540.731
 2980.0  1559.037
 2985.0  1576.840
 2990.0  1594.229
 2995.0  1611.297
 3000.0  1628.132
 3005.0  1644.827
 3010.0  1661.369
 3015.0  1677.683
 3020.0  1693.762
 3025.0  1709.601
 3030.0  1725.197
 3035.0  1740.542
 3040.0  1755.632
 3045.0  1770.440
 3050.0  1784.969
 3055.0  1799.262
 3060.0  1813.360
 3065.0  1827.307
 3070.0  1841.144
 3075.0  1854.914
 3080.0  1868.519
 3085.0  1881.892
 3090.0  1895.119
 3095.0  1908.289
 3100.0  1921.487
 3105.0  1934.801
 3110.0  1948.318
 3115.0  1962.142
 3120.0  1976.229
 3125.0  1990.450
 3130.0  2004.676
 3135.0  2018.777
 3140.0  2032.625
 3145.0  2046.089
 3150.0  2059.232
 3155.0  2072.196
 3160.0  2084.973
 3165.0  2097.555
 3170.0  2109.934
 3175.0  2122.101
 3180.0  2134.047
 3185.0  2145.956
 3190.0  2157.902
 3195.0  2169.718
 3200.0  2181.237
 3205.0  2192.289
 3210.0  2202.707
 3215.0  2212.322
 3220.0  2221.078
 3225.0  2229.163
 3230.0  2236.779
 3235.0  2244.130
 3240.0  2251.416
 3245.0  2258.842
 3250.0  2266.608
 3255.0  2274.800
 3260.0  2283.268
 3265.0  2291.862
 3270.0  2300.432
 3275.0  2308.828
 3280.0  2316.900
 3285.0  2324.498
 3290.0  2331.681
 3295.0  2338.621
 3300.0  2345.336
 3305.0  2351.848
 3310.0  2358.176
 3315.0  2364.339
 3320.0  2370.358
 3325.0  2376.110
 3330.0  2381.547
 3335.0  2386.799
 3340.0  2391.995
 3345.0  2397.263
 3350.0  2402.734
 3355.0  2408.535
 3360.0  2415.070
 3365.0  2422.368
 3370.0  2430.004
 3375.0  2437.551
 3380.0  2444.581
 3385.0  2450.667
 3390.0  2455.384
 3395.0  2458.851
 3400.0  2461.645
 3405.0  2464.024
 3410.0  2466.248
 3415.0  2468.575
 3420.0  2471.264
 3425.0  2474.575
 3430.0  2478.964
 3435.0  2484.453
 3440.0  2490.650
 3445.0  2497.161
 3450.0  2503.593
 3455.0  2509.553
 3460.0  2514.648
 3465.0  2519.093
 3470.0  2523.349
 3475.0  2527.389
 3480.0  2531.190
 3485.0  2534.725
 3490.0  2537.970
 3495.0  2540.898
 3500.0  2543.487
 3505.0  2476.399
 3510.0  2478.700
 3515.0  2481.005
 3520.0  2483.313
 3525.0  2485.625
 3530.0  2487.941
 3535.0  2490.272
 3540.0  2492.622
 3545.0  2494.980
 3550.0  2497.333
 3555.0  2499.671
 3560.0  2501.981
 3565.0  2504.253
 3570.0  2506.746
 3575.0  2509.559
 3580.0  2512.436
 3585.0  2515.120
 3590.0  2517.354
 3595.0  2518.883
 3600.0  2519.450
 3605.0  2519.448
 3610.0  2519.434
 3615.0  2519.396
 3620.0  2519.323
 3625.0  2519.203
 3630.0  2519.023
 3635.0  2518.772
