 2865.0   835.893
 2870.0   861.058
 2875.0   885.667
 2880.0   909.698
 2885.0   933.124
 2890.0   955.923
 2895.0   978.070
 2900.0   999.541
 2905.0  1020.232
 2910.0  1040.168
 2915.0  1059.517
 2920.0  1078.448
 2925.0  1097.128
 2930.0  1115.725
 2935.0  1134.407
 2940.0  1153.295
 2945.0  1172.282
 2950.0  1191.195
 2955.0  1209.860
 2960.0  1228.105
 2965.0  1245.755
 2970.0  1262.639
 2975.0  1278.729
 2980.0  1294.202
 2985.0  1309.194
 2990.0  1323.839
 2995.0  1338.273
 3000.0  1352.630
 3005.0  1367.045
 3010.0  1381.435
 3015.0  1395.654
 3020.0  1409.744
 3025.0  1423.747
 3030.0  1437.706
 3035.0  1451.662
 3040.0  1465.658
 3045.0  1479.635
 3050.0  1493.537
 3055.0  1507.408
 3060.0  1521.292
 3065.0  1535.234
 3070.0  1549.277
 3075.0  1563.467
 3080.0  1578.202
 3085.0  1593.576
 3090.0  1609.178
 3095.0  1624.597
 3100.0  1639.422
 3105.0  1653.241
 3110.0  1665.644
 3115.0  1676.542
 3120.0  1686.372
 3125.0  1695.508
 3130.0  1704.324
 3135.0  1713.196
 3140.0  1722.499
 3145.0  1732.607
 3150.0  1743.795
 3155.0  1755.847
 3160.0  1768.402
 3165.0  1781.099
 3170.0  1793.575
 3175.0  1805.470
 3180.0  1816.421
 3185.0  1826.472
 3190.0  1835.995
 3195.0  1845.121
 3200.0  1853.985
 3205.0  1862.718
 3210.0  1871.452
 3215.0  1880.321
 3220.0  1889.374
 3225.0  1898.508
 3230.0  1907.631
 3235.0  1916.653
 3240.0  1925.480
 3245.0  1934.020
 3250.0  1942.181
 3255.0  1949.881
 3260.0  1957.189
 3265.0  1964.242
 3270.0  1971.178
 3275.0  1978.134
 3280.0  1985.247
 3285.0  1992.654
 3290.0  2000.514
 3295.0  2008.764
 3300.0  2017.205
 3305.0  2025.636
 3310.0  2033.859
 3315.0  2041.675
 3320.0  2048.883
 3325.0  2055.515
 3330.0  2061.788
 3335.0  2067.782
 3340.0  2073.575
 3345.0  2079.249
 3350.0  2084.881
 3355.0  2090.551
 3360.0  2096.188
 3365.0  2101.697
 3370.0  2107.127
 3375.0  2112.527
 3380.0  2117.946
 3385.0  2123.433
 3390.0  2129.035
 3395.0  2134.875
 3400.0  2140.952
 3405.0  2147.128
 3410.0  2153.268
 3415.0  2159.236
 3420.0  2164.894
 3425.0  2170.107
 3430.0  2174.796
 3435.0  2179.079
 3440.0  2183.118
 3445.0  2187.070
 3450.0  2191.098
 3455.0  2195.361
 3460.0  2200.018
 3465.0  2205.063
 3470.0  2210.370
 3475.0  2215.927
 3480.0  2221.721
 3485.0  2227.736
 3490.0  2233.960
 3495.0  2240.380
 3500.0  2246.981
 3505.0  2168.671
 3510.0  2171.961
 3515.0  2175.191
 3520.0  2178.361
 3525.0  2181.469
 3530.0  2184.514
 3535.0  2187.419
 3540.0  2190.165
 3545.0  2192.831
 3550.0  2195.495
 3555.0  2198.239
 3560.0  2201.140
 3565.0  2204.279
 3570.0  2208.001
 3575.0  2212.367
 3580.0  2217.032
 3585.0  2221.648
 3590.0  2225.871
 3595.0  2229.352
 3600.0  2231.746
 3605.0  2233.452
 3610.0  2235.062
 3615.0  2236.514
 3620.0  2237.748
 3625.0  2238.705
 3630.0  2239.323
 3635.0  2239.542
