 2865.0   950.338
 2870.0   975.364
 2875.0  1000.048
 2880.0  1024.383
 2885.0  1048.360
 2890.0  1071.971
 2895.0  1095.207
 2900.0  1118.061
 2905.0  1140.543
 2910.0  1162.677
 2915.0  1184.475
 2920.0  1205.946
 2925.0  1227.102
 2930.0  1247.953
 2935.0  1268.511
 2940.0  1289.010
 2945.0  1309.529
 2950.0  1329.844
 2955.0  1349.730
 2960.0  1368.965
 2965.0  1387.324
 2970.0  1404.584
 2975.0  1420.523
 2980.0  1435.336
 2985.0  1449.417
 2990.0  1463.163
 2995.0  1476.970
 3000.0  1491.233
 3005.0  1506.349
 3010.0  1522.535
 3015.0  1539.532
 3020.0  1557.016
 3025.0  1574.664
 3030.0  1592.154
 3035.0  1609.162
 3040.0  1625.366
 3045.0  1640.960
 3050.0  1656.315
 3055.0  1671.370
 3060.0  1686.064
 3065.0  1700.336
 3070.0  1714.124
 3075.0  1727.368
 3080.0  1739.968
 3085.0  1751.975
 3090.0  1763.555
 3095.0  1774.877
 3100.0  1786.107
 3105.0  1797.412
 3110.0  1808.959
 3115.0  1820.675
 3120.0  1832.385
 3125.0  1844.110
 3130.0  1855.866
 3135.0  1867.673
 3140.0  1879.550
 3145.0  1891.515
 3150.0  1903.771
 3155.0  1916.370
 3160.0  1929.103
 3165.0  1941.764
 3170.0  1954.145
 3175.0  1966.039
 3180.0  1977.237
 3185.0  1987.804
 3190.0  1997.974
 3195.0  2007.798
 3200.0  2017.328
 3205.0  2026.613
 3210.0  2035.705
 3215.0  2044.655
 3220.0  2053.512
 3225.0  2062.257
 3230.0  2070.839
 3235.0  2079.207
 3240.0  2087.309
 3245.0  2095.094
 3250.0  2102.511
 3255.0  2109.499
 3260.0  2116.105
 3265.0  2122.442
 3270.0  2128.620
 3275.0  2134.754
 3280.0  2140.955
 3285.0  2147.335
 3290.0  2154.031
 3295.0  2160.988
 3300.0  2168.033
 3305.0  2174.994
 3310.0  2181.697
 3315.0  2187.968
 3320.0  2193.636
 3325.0  2198.660
 3330.0  2203.223
 3335.0  2207.483
 3340.0  2211.598
 3345.0  2215.727
 3350.0  2220.028
 3355.0  2224.659
 3360.0  2229.648
 3365.0  2234.874
 3370.0  2240.265
 3375.0  2245.755
 3380.0  2251.273
 3385.0  2256.751
 3390.0  2262.120
 3395.0  2267.516
 3400.0  2273.049
 3405.0  2278.602
 3410.0  2284.063
 3415.0  2289.315
 3420.0  2294.245
 3425.0  2298.739
 3430.0  2302.778
 3435.0  2306.488
 3440.0  2309.972
 3445.0  2313.329
 3450.0  2316.662
 3455.0  2320.072
 3460.0  2323.659
 3465.0  2327.394
 3470.0  2331.176
 3475.0  2335.005
 3480.0  2338.880
 3485.0  2342.800
 3490.0  2346.765
 3495.0  2350.773
 3500.0  2354.825
 3505.0  2297.044
 3510.0  2301.334
 3515.0  2305.126
 3520.0  2308.297
 3525.0  2310.722
 3530.0  2312.279
 3535.0  2313.195
 3540.0  2313.850
 3545.0  2314.343
 3550.0  2314.778
 3555.0  2315.255
 3560.0  2315.877
 3565.0  2316.745
 3570.0  2318.255
 3575.0  2320.562
 3580.0  2323.406
 3585.0  2326.526
 3590.0  2329.661
 3595.0  2332.550
 3600.0  2334.933
 3605.0  2336.937
 3610.0  2338.854
 3615.0  2340.672
 3620.0  2342.380
 3625.0  2343.964
 3630.0  2345.414
 3635.0  2346.717
