 2865.0   981.340
 2870.0  1007.767
 2875.0  1033.597
 2880.0  1058.804
 2885.0  1083.361
 2890.0  1107.240
 2895.0  1130.415
 2900.0  1152.859
 2905.0  1174.325
 2910.0  1194.797
 2915.0  1214.594
 2920.0  1234.033
 2925.0  1253.433
 2930.0  1273.112
 2935.0  1293.388
 2940.0  1314.794
 2945.0  1337.226
 2950.0  1360.054
 2955.0  1382.643
 2960.0  1404.361
 2965.0  1424.575
 2970.0  1442.653
 2975.0  1458.536
 2980.0  1472.920
 2985.0  1486.299
 2990.0  1499.167
 2995.0  1512.020
 3000.0  1525.351
 3005.0  1539.655
 3010.0  1554.943
 3015.0  1570.798
 3020.0  1587.071
 3025.0  1603.612
 3030.0  1620.272
 3035.0  1636.902
 3040.0  1653.353
 3045.0  1669.709
 3050.0  1686.131
 3055.0  1702.583
 3060.0  1719.033
 3065.0  1735.447
 3070.0  1751.790
 3075.0  1768.029
 3080.0  1784.495
 3085.0  1801.329
 3090.0  1818.213
 3095.0  1834.825
 3100.0  1850.848
 3105.0  1865.960
 3110.0  1879.844
 3115.0  1892.424
 3120.0  1904.041
 3125.0  1914.994
 3130.0  1925.585
 3135.0  1936.115
 3140.0  1946.884
 3145.0  1958.193
 3150.0  1970.247
 3155.0  1982.849
 3160.0  1995.703
 3165.0  2008.510
 3170.0  2020.972
 3175.0  2032.793
 3180.0  2043.675
 3185.0  2053.551
 3190.0  2062.713
 3195.0  2071.398
 3200.0  2079.846
 3205.0  2088.295
 3210.0  2096.984
 3215.0  2106.150
 3220.0  2115.988
 3225.0  2126.359
 3230.0  2136.999
 3235.0  2147.644
 3240.0  2158.032
 3245.0  2167.899
 3250.0  2176.982
 3255.0  2185.295
 3260.0  2193.116
 3265.0  2200.574
 3270.0  2207.798
 3275.0  2214.916
 3280.0  2222.058
 3285.0  2229.353
 3290.0  2236.911
 3295.0  2244.655
 3300.0  2252.432
 3305.0  2260.087
 3310.0  2267.467
 3315.0  2274.417
 3320.0  2280.784
 3325.0  2286.542
 3330.0  2291.857
 3335.0  2296.864
 3340.0  2301.699
 3345.0  2306.496
 3350.0  2311.391
 3355.0  2316.517
 3360.0  2321.871
 3365.0  2327.331
 3370.0  2332.860
 3375.0  2338.420
 3380.0  2343.973
 3385.0  2349.482
 3390.0  2354.909
 3395.0  2360.430
 3400.0  2366.135
 3405.0  2371.865
 3410.0  2377.456
 3415.0  2382.746
 3420.0  2387.576
 3425.0  2391.781
 3430.0  2395.321
 3435.0  2398.383
 3440.0  2401.151
 3445.0  2403.806
 3450.0  2406.532
 3455.0  2409.513
 3460.0  2412.930
 3465.0  2416.802
 3470.0  2421.010
 3475.0  2425.531
 3480.0  2430.339
 3485.0  2435.412
 3490.0  2440.726
 3495.0  2446.256
 3500.0  2451.979
 3505.0  2354.969
 3510.0  2358.200
 3515.0  2361.363
 3520.0  2364.456
 3525.0  2367.476
 3530.0  2370.422
 3535.0  2373.212
 3540.0  2375.825
 3545.0  2378.348
 3550.0  2380.867
 3555.0  2383.471
 3560.0  2386.244
 3565.0  2389.276
 3570.0  2393.008
 3575.0  2397.532
 3580.0  2402.409
 3585.0  2407.197
 3590.0  2411.458
 3595.0  2414.749
 3600.0  2416.632
 3605.0  2417.619
 3610.0  2418.508
 3615.0  2419.278
 3620.0  2419.910
 3625.0  2420.386
 3630.0  2420.685
 3635.0  2420.789
