 2865.0   837.861
 2870.0   861.693
 2875.0   885.168
 2880.0   908.278
 2885.0   931.012
 2890.0   953.362
 2895.0   975.317
 2900.0   996.868
 2905.0  1018.058
 2910.0  1038.923
 2915.0  1059.448
 2920.0  1079.614
 2925.0  1099.406
 2930.0  1118.805
 2935.0  1137.794
 2940.0  1156.429
 2945.0  1174.759
 2950.0  1192.760
 2955.0  1210.406
 2960.0  1227.673
 2965.0  1244.536
 2970.0  1260.971
 2975.0  1276.917
 2980.0  1292.397
 2985.0  1307.506
 2990.0  1322.342
 2995.0  1337.002
 3000.0  1351.583
 3005.0  1366.181
 3010.0  1380.690
 3015.0  1394.989
 3020.0  1409.156
 3025.0  1423.269
 3030.0  1437.407
 3035.0  1451.646
 3040.0  1466.066
 3045.0  1480.824
 3050.0  1495.905
 3055.0  1511.125
 3060.0  1526.303
 3065.0  1541.256
 3070.0  1555.799
 3075.0  1569.752
 3080.0  1583.195
 3085.0  1596.337
 3090.0  1609.182
 3095.0  1621.736
 3100.0  1634.004
 3105.0  1645.989
 3110.0  1657.698
 3115.0  1668.988
 3120.0  1679.820
 3125.0  1690.356
 3130.0  1700.759
 3135.0  1711.188
 3140.0  1721.807
 3145.0  1732.776
 3150.0  1744.204
 3155.0  1755.986
 3160.0  1767.968
 3165.0  1779.994
 3170.0  1791.909
 3175.0  1803.557
 3180.0  1814.782
 3185.0  1825.702
 3190.0  1836.503
 3195.0  1847.132
 3200.0  1857.537
 3205.0  1867.666
 3210.0  1877.467
 3215.0  1886.887
 3220.0  1895.948
 3225.0  1904.723
 3230.0  1913.238
 3235.0  1921.518
 3240.0  1929.590
 3245.0  1937.479
 3250.0  1945.210
 3255.0  1952.730
 3260.0  1960.006
 3265.0  1967.099
 3270.0  1974.068
 3275.0  1980.976
 3280.0  1987.881
 3285.0  1994.844
 3290.0  2001.914
 3295.0  2009.054
 3300.0  2016.195
 3305.0  2023.268
 3310.0  2030.205
 3315.0  2036.935
 3320.0  2043.391
 3325.0  2049.549
 3330.0  2055.473
 3335.0  2061.225
 3340.0  2066.865
 3345.0  2072.457
 3350.0  2078.061
 3355.0  2083.740
 3360.0  2089.495
 3365.0  2095.272
 3370.0  2101.049
 3375.0  2106.803
 3380.0  2112.511
 3385.0  2118.151
 3390.0  2123.701
 3395.0  2129.163
 3400.0  2134.560
 3405.0  2139.899
 3410.0  2145.185
 3415.0  2150.427
 3420.0  2155.629
 3425.0  2160.800
 3430.0  2165.950
 3435.0  2171.078
 3440.0  2176.172
 3445.0  2181.218
 3450.0  2186.204
 3455.0  2191.118
 3460.0  2195.946
 3465.0  2200.697
 3470.0  2205.387
 3475.0  2210.016
 3480.0  2214.582
 3485.0  2219.083
 3490.0  2223.518
 3495.0  2227.886
 3500.0  2232.185
 3505.0  2164.179
 3510.0  2169.210
 3515.0  2173.959
 3520.0  2178.400
 3525.0  2182.505
 3530.0  2186.246
 3535.0  2189.631
 3540.0  2192.729
 3545.0  2195.607
 3550.0  2198.330
 3555.0  2200.963
 3560.0  2203.573
 3565.0  2206.225
 3570.0  2208.895
 3575.0  2211.518
 3580.0  2214.099
 3585.0  2216.642
 3590.0  2219.152
 3595.0  2221.633
 3600.0  2224.090
 3605.0  2226.522
 3610.0  2228.927
 3615.0  2231.303
 3620.0  2233.652
 3625.0  2235.972
 3630.0  2238.262
 3635.0  2240.522
