 2865.0   989.233
 2870.0  1010.234
 2875.0  1031.295
 2880.0  1052.416
 2885.0  1073.598
 2890.0  1094.840
 2895.0  1116.142
 2900.0  1137.504
 2905.0  1159.037
 2910.0  1180.782
 2915.0  1202.625
 2920.0  1224.454
 2925.0  1246.158
 2930.0  1267.623
 2935.0  1288.739
 2940.0  1309.685
 2945.0  1330.626
 2950.0  1351.424
 2955.0  1371.943
 2960.0  1392.046
 2965.0  1411.597
 2970.0  1430.458
 2975.0  1448.716
 2980.0  1466.546
 2985.0  1483.950
 2990.0  1500.930
 2995.0  1517.487
 3000.0  1533.622
 3005.0  1549.336
 3010.0  1564.568
 3015.0  1579.317
 3020.0  1593.680
 3025.0  1607.751
 3030.0  1621.628
 3035.0  1635.404
 3040.0  1649.177
 3045.0  1662.884
 3050.0  1676.424
 3055.0  1689.829
 3060.0  1703.133
 3065.0  1716.369
 3070.0  1729.570
 3075.0  1742.769
 3080.0  1755.804
 3085.0  1768.591
 3090.0  1781.283
 3095.0  1794.031
 3100.0  1806.987
 3105.0  1820.303
 3110.0  1834.131
 3115.0  1848.817
 3120.0  1864.358
 3125.0  1880.387
 3130.0  1896.537
 3135.0  1912.439
 3140.0  1927.727
 3145.0  1942.033
 3150.0  1955.653
 3155.0  1969.045
 3160.0  1982.086
 3165.0  1994.651
 3170.0  2006.615
 3175.0  2017.855
 3180.0  2028.245
 3185.0  2037.722
 3190.0  2046.448
 3195.0  2054.642
 3200.0  2062.519
 3205.0  2070.295
 3210.0  2078.189
 3215.0  2086.416
 3220.0  2095.076
 3225.0  2104.009
 3230.0  2113.046
 3235.0  2122.016
 3240.0  2130.746
 3245.0  2139.067
 3250.0  2146.807
 3255.0  2153.909
 3260.0  2160.537
 3265.0  2166.847
 3270.0  2172.998
 3275.0  2179.149
 3280.0  2185.456
 3285.0  2192.079
 3290.0  2199.166
 3295.0  2206.630
 3300.0  2214.276
 3305.0  2221.909
 3310.0  2229.333
 3315.0  2236.354
 3320.0  2242.775
 3325.0  2248.660
 3330.0  2254.236
 3335.0  2259.552
 3340.0  2264.658
 3345.0  2269.602
 3350.0  2274.434
 3355.0  2279.202
 3360.0  2283.865
 3365.0  2288.369
 3370.0  2292.753
 3375.0  2297.054
 3380.0  2301.308
 3385.0  2305.554
 3390.0  2309.828
 3395.0  2314.064
 3400.0  2318.209
 3405.0  2322.316
 3410.0  2326.437
 3415.0  2330.627
 3420.0  2334.938
 3425.0  2339.424
 3430.0  2344.182
 3435.0  2349.201
 3440.0  2354.378
 3445.0  2359.609
 3450.0  2364.791
 3455.0  2369.818
 3460.0  2374.588
 3465.0  2379.148
 3470.0  2383.612
 3475.0  2387.977
 3480.0  2392.238
 3485.0  2396.391
 3490.0  2400.434
 3495.0  2404.361
 3500.0  2408.168
 3505.0  2342.827
 3510.0  2347.302
 3515.0  2351.135
 3520.0  2354.122
 3525.0  2356.063
 3530.0  2356.754
 3535.0  2356.704
 3540.0  2356.574
 3545.0  2356.396
 3550.0  2356.202
 3555.0  2356.024
 3560.0  2355.894
 3565.0  2355.843
 3570.0  2356.283
 3575.0  2357.418
 3580.0  2358.970
 3585.0  2360.661
 3590.0  2362.212
 3595.0  2363.347
 3600.0  2363.787
 3605.0  2362.597
 3610.0  2359.233
 3615.0  2354.004
 3620.0  2347.216
 3625.0  2339.180
 3630.0  2330.202
 3635.0  2320.592
