 2865.0   942.613
 2870.0   966.036
 2875.0   989.069
 2880.0  1011.700
 2885.0  1033.916
 2890.0  1055.707
 2895.0  1077.060
 2900.0  1097.963
 2905.0  1118.342
 2910.0  1138.199
 2915.0  1157.643
 2920.0  1176.779
 2925.0  1195.716
 2930.0  1214.559
 2935.0  1233.415
 2940.0  1252.370
 2945.0  1271.360
 2950.0  1290.265
 2955.0  1308.969
 2960.0  1327.353
 2965.0  1345.299
 2970.0  1362.688
 2975.0  1379.441
 2980.0  1395.655
 2985.0  1411.477
 2990.0  1427.055
 2995.0  1442.535
 3000.0  1458.066
 3005.0  1473.795
 3010.0  1489.832
 3015.0  1506.081
 3020.0  1522.385
 3025.0  1538.584
 3030.0  1554.520
 3035.0  1570.034
 3040.0  1584.967
 3045.0  1599.282
 3050.0  1613.129
 3055.0  1626.623
 3060.0  1639.881
 3065.0  1653.020
 3070.0  1666.156
 3075.0  1679.407
 3080.0  1692.683
 3085.0  1705.850
 3090.0  1718.960
 3095.0  1732.063
 3100.0  1745.211
 3105.0  1758.454
 3110.0  1771.845
 3115.0  1785.704
 3120.0  1800.096
 3125.0  1814.683
 3130.0  1829.127
 3135.0  1843.089
 3140.0  1856.232
 3145.0  1868.219
 3150.0  1879.093
 3155.0  1889.242
 3160.0  1898.842
 3165.0  1908.067
 3170.0  1917.093
 3175.0  1926.095
 3180.0  1935.249
 3185.0  1944.524
 3190.0  1953.757
 3195.0  1962.921
 3200.0  1971.990
 3205.0  1980.937
 3210.0  1989.736
 3215.0  1998.359
 3220.0  2006.865
 3225.0  2015.302
 3230.0  2023.629
 3235.0  2031.801
 3240.0  2039.778
 3245.0  2047.515
 3250.0  2054.970
 3255.0  2062.077
 3260.0  2068.863
 3265.0  2075.429
 3270.0  2081.879
 3275.0  2088.314
 3280.0  2094.835
 3285.0  2101.545
 3290.0  2108.514
 3295.0  2115.675
 3300.0  2122.927
 3305.0  2130.166
 3310.0  2137.289
 3315.0  2144.193
 3320.0  2150.776
 3325.0  2157.177
 3330.0  2163.544
 3335.0  2169.788
 3340.0  2175.818
 3345.0  2181.545
 3350.0  2186.879
 3355.0  2191.730
 3360.0  2196.014
 3365.0  2199.826
 3370.0  2203.346
 3375.0  2206.751
 3380.0  2210.220
 3385.0  2213.931
 3390.0  2218.062
 3395.0  2222.788
 3400.0  2228.034
 3405.0  2233.601
 3410.0  2239.296
 3415.0  2244.921
 3420.0  2250.281
 3425.0  2255.179
 3430.0  2259.696
 3435.0  2264.050
 3440.0  2268.247
 3445.0  2272.297
 3450.0  2276.205
 3455.0  2279.981
 3460.0  2283.632
 3465.0  2287.175
 3470.0  2290.619
 3475.0  2293.958
 3480.0  2297.186
 3485.0  2300.297
 3490.0  2303.284
 3495.0  2306.142
 3500.0  2308.864
 3505.0  2245.409
 3510.0  2248.268
 3515.0  2250.938
 3520.0  2253.399
 3525.0  2255.627
 3530.0  2257.600
 3535.0  2259.382
 3540.0  2261.049
 3545.0  2262.596
 3550.0  2264.020
 3555.0  2265.314
 3560.0  2266.476
 3565.0  2267.500
 3570.0  2268.480
 3575.0  2269.473
 3580.0  2270.418
 3585.0  2271.257
 3590.0  2271.930
 3595.0  2272.377
 3600.0  2272.539
 3605.0  2271.355
 3610.0  2268.019
 3615.0  2262.855
 3620.0  2256.187
 3625.0  2248.341
 3630.0  2239.640
 3635.0  2230.409
