 2865.0  1029.192
 2870.0  1054.174
 2875.0  1079.030
 2880.0  1103.758
 2885.0  1128.358
 2890.0  1152.828
 2895.0  1177.168
 2900.0  1201.376
 2905.0  1225.674
 2910.0  1250.140
 2915.0  1274.554
 2920.0  1298.695
 2925.0  1322.346
 2930.0  1345.285
 2935.0  1367.294
 2940.0  1388.340
 2945.0  1408.643
 2950.0  1428.365
 2955.0  1447.666
 2960.0  1466.707
 2965.0  1485.649
 2970.0  1504.651
 2975.0  1523.843
 2980.0  1543.127
 2985.0  1562.326
 2990.0  1581.261
 2995.0  1599.754
 3000.0  1617.627
 3005.0  1634.703
 3010.0  1650.926
 3015.0  1666.472
 3020.0  1681.508
 3025.0  1696.203
 3030.0  1710.724
 3035.0  1725.240
 3040.0  1739.919
 3045.0  1754.618
 3050.0  1769.144
 3055.0  1783.581
 3060.0  1798.015
 3065.0  1812.534
 3070.0  1827.223
 3075.0  1842.168
 3080.0  1857.556
 3085.0  1873.378
 3090.0  1889.422
 3095.0  1905.476
 3100.0  1921.329
 3105.0  1936.770
 3110.0  1951.587
 3115.0  1965.909
 3120.0  1979.985
 3125.0  1993.779
 3130.0  2007.257
 3135.0  2020.383
 3140.0  2033.122
 3145.0  2045.439
 3150.0  2057.228
 3155.0  2068.506
 3160.0  2079.424
 3165.0  2090.137
 3170.0  2100.794
 3175.0  2111.549
 3180.0  2122.554
 3185.0  2133.922
 3190.0  2145.558
 3195.0  2157.298
 3200.0  2168.975
 3205.0  2180.428
 3210.0  2191.490
 3215.0  2201.998
 3220.0  2212.147
 3225.0  2222.172
 3230.0  2231.960
 3235.0  2241.403
 3240.0  2250.390
 3245.0  2258.811
 3250.0  2266.555
 3255.0  2273.537
 3260.0  2279.884
 3265.0  2285.809
 3270.0  2291.522
 3275.0  2297.236
 3280.0  2303.162
 3285.0  2309.511
 3290.0  2316.362
 3295.0  2323.559
 3300.0  2330.969
 3305.0  2338.454
 3310.0  2345.879
 3315.0  2353.110
 3320.0  2360.010
 3325.0  2366.698
 3330.0  2373.340
 3335.0  2379.874
 3340.0  2386.236
 3345.0  2392.363
 3350.0  2398.193
 3355.0  2403.662
 3360.0  2408.713
 3365.0  2413.410
 3370.0  2417.867
 3375.0  2422.197
 3380.0  2426.516
 3385.0  2430.937
 3390.0  2435.575
 3395.0  2440.504
 3400.0  2445.650
 3405.0  2450.904
 3410.0  2456.156
 3415.0  2461.297
 3420.0  2466.218
 3425.0  2470.809
 3430.0  2475.039
 3435.0  2479.009
 3440.0  2482.808
 3445.0  2486.523
 3450.0  2490.243
 3455.0  2494.057
 3460.0  2498.053
 3465.0  2502.208
 3470.0  2506.436
 3475.0  2510.738
 3480.0  2515.110
 3485.0  2519.552
 3490.0  2524.061
 3495.0  2528.636
 3500.0  2533.275
 3505.0  2459.232
 3510.0  2461.452
 3515.0  2463.634
 3520.0  2465.776
 3525.0  2467.878
 3530.0  2469.938
 3535.0  2472.090
 3540.0  2474.380
 3545.0  2476.678
 3550.0  2478.853
 3555.0  2480.777
 3560.0  2482.318
 3565.0  2483.347
 3570.0  2484.058
 3575.0  2484.717
 3580.0  2485.303
 3585.0  2485.796
 3590.0  2486.173
 3595.0  2486.415
 3600.0  2486.501
 3605.0  2485.299
 3610.0  2481.920
 3615.0  2476.707
 3620.0  2470.000
 3625.0  2462.140
 3630.0  2453.469
 3635.0  2444.327
