   2865  1091.676
   2870  1118.868
   2875  1145.646
   2880  1171.998
   2885  1197.913
   2890  1223.384
   2895  1248.406
   2900  1272.977
   2905  1297.096
   2910  1320.767
   2915  1343.992
   2920  1366.777
   2925  1389.130
   2930  1411.060
   2935  1432.576
   2940  1453.690
   2945  1474.413
   2950  1494.759
   2955  1514.739
   2960  1534.369
   2965  1553.662
   2970  1572.632
   2975  1591.293
   2980  1609.660
   2985  1627.746
   2990  1645.566
   2995  1663.132
   3000  1680.459
   3005  1697.558
   3010  1714.441
   3015  1731.120
   3020  1747.606
   3025  1763.909
   3030  1780.038
   3035  1796.001
   3040  1811.807
   3045  1827.462
   3050  1842.974
   3055  1858.346
   3060  1873.585
   3065  1888.693
   3070  1903.674
   3075  1918.530
   3080  1933.262
   3085  1947.872
   3090  1962.359
   3095  1976.722
   3100  1990.961
   3105  2005.073
   3110  2019.056
   3115  2032.906
   3120  2046.621
   3125  2060.196
   3130  2073.626
   3135  2086.907
   3140  2100.034
   3145  2113.001
   3150  2125.802
   3155  2138.432
   3160  2150.886
   3165  2163.157
   3170  2175.239
   3175  2187.126
   3180  2198.814
   3185  2210.296
   3190  2221.568
   3195  2232.624
   3200  2243.460
   3205  2254.071
   3210  2264.455
   3215  2274.608
   3220  2284.527
   3225  2294.211
   3230  2303.657
   3235  2312.865
   3240  2321.836
   3245  2330.569
   3250  2339.065
   3255  2347.328
   3260  2355.360
   3265  2363.164
   3270  2370.744
   3275  2378.107
   3280  2385.257
   3285  2392.200
   3290  2398.945
   3295  2405.499
   3300  2411.871
   3305  2418.069
   3310  2424.103
   3315  2429.983
   3320  2435.719
   3325  2441.323
   3330  2446.805
   3335  2452.177
   3340  2457.449
   3345  2462.633
   3350  2467.740
   3355  2472.781
   3360  2477.766
   3365  2482.705
   3370  2487.608
   3375  2492.483
   3380  2497.337
   3385  2502.178
   3390  2507.010
   3395  2511.837
   3400  2516.661
   3405  2521.482
   3410  2526.298
   3415  2531.105
   3420  2535.896
   3425  2540.661
   3430  2545.388
   3435  2550.061
   3440  2554.659
   3445  2559.159
   3450  2563.533
   3455  2567.749
   3460  2571.769
   3465  2575.550
   3470  2579.045
   3475  2582.199
   3480  2584.953
   3485  2587.239
   3490  2588.985
   3495  2590.109
   3500  2590.525
   3505  2458.775
   3510  2460.365
   3515  2461.907
   3520  2463.401
   3525  2464.847
   3530  2466.245
   3535  2467.594
   3540  2468.895
   3545  2470.148
   3550  2471.352
   3555  2472.508
   3560  2473.614
   3565  2474.672
   3570  2475.682
   3575  2476.642
   3580  2477.553
   3585  2478.416
   3590  2479.229
   3595  2479.994
   3600  2480.709
   3605  2481.375
   3610  2481.992
   3615  2482.560
   3620  2483.078
   3625  2483.547
   3630  2483.967
   3635  2484.338
