 2865.0   973.889
 2870.0   999.156
 2875.0  1024.158
 2880.0  1048.890
 2885.0  1073.347
 2890.0  1097.523
 2895.0  1121.415
 2900.0  1145.018
 2905.0  1168.378
 2910.0  1191.522
 2915.0  1214.416
 2920.0  1237.026
 2925.0  1259.320
 2930.0  1281.262
 2935.0  1302.820
 2940.0  1324.127
 2945.0  1345.269
 2950.0  1366.142
 2955.0  1386.638
 2960.0  1406.651
 2965.0  1426.076
 2970.0  1444.807
 2975.0  1462.908
 2980.0  1480.528
 2985.0  1497.686
 2990.0  1514.399
 2995.0  1530.685
 3000.0  1546.562
 3005.0  1562.049
 3010.0  1577.005
 3015.0  1591.391
 3020.0  1605.373
 3025.0  1619.117
 3030.0  1632.790
 3035.0  1646.558
 3040.0  1660.588
 3045.0  1674.804
 3050.0  1689.032
 3055.0  1703.294
 3060.0  1717.611
 3065.0  1732.003
 3070.0  1746.492
 3075.0  1761.100
 3080.0  1776.143
 3085.0  1791.710
 3090.0  1807.479
 3095.0  1823.127
 3100.0  1838.331
 3105.0  1852.767
 3110.0  1866.113
 3115.0  1878.239
 3120.0  1889.446
 3125.0  1900.061
 3130.0  1910.410
 3135.0  1920.819
 3140.0  1931.615
 3145.0  1943.123
 3150.0  1955.537
 3155.0  1968.649
 3160.0  1982.183
 3165.0  1995.867
 3170.0  2009.424
 3175.0  2022.581
 3180.0  2035.063
 3185.0  2047.136
 3190.0  2059.148
 3195.0  2070.948
 3200.0  2082.386
 3205.0  2093.310
 3210.0  2103.571
 3215.0  2113.016
 3220.0  2121.696
 3225.0  2129.828
 3230.0  2137.511
 3235.0  2144.845
 3240.0  2151.931
 3245.0  2158.868
 3250.0  2165.756
 3255.0  2172.375
 3260.0  2178.571
 3265.0  2184.545
 3270.0  2190.501
 3275.0  2196.641
 3280.0  2203.165
 3285.0  2210.276
 3290.0  2218.594
 3295.0  2228.188
 3300.0  2238.441
 3305.0  2248.735
 3310.0  2258.450
 3315.0  2266.968
 3320.0  2273.671
 3325.0  2278.681
 3330.0  2282.771
 3335.0  2286.299
 3340.0  2289.625
 3345.0  2293.105
 3350.0  2297.098
 3355.0  2301.963
 3360.0  2308.406
 3365.0  2316.481
 3370.0  2325.564
 3375.0  2335.034
 3380.0  2344.267
 3385.0  2352.642
 3390.0  2359.536
 3395.0  2365.162
 3400.0  2370.240
 3405.0  2374.903
 3410.0  2379.288
 3415.0  2383.530
 3420.0  2387.764
 3425.0  2392.125
 3430.0  2396.497
 3435.0  2400.723
 3440.0  2404.876
 3445.0  2409.028
 3450.0  2413.252
 3455.0  2417.620
 3460.0  2422.205
 3465.0  2427.002
 3470.0  2431.952
 3475.0  2437.050
 3480.0  2442.291
 3485.0  2447.669
 3490.0  2453.178
 3495.0  2458.813
 3500.0  2464.568
 3505.0  2389.405
 3510.0  2392.141
 3515.0  2394.824
 3520.0  2397.449
 3525.0  2400.017
 3530.0  2402.525
 3535.0  2404.890
 3540.0  2407.088
 3545.0  2409.208
 3550.0  2411.336
 3555.0  2413.561
 3560.0  2415.970
 3565.0  2418.651
 3570.0  2421.942
 3575.0  2425.909
 3580.0  2430.233
 3585.0  2434.595
 3590.0  2438.673
 3595.0  2442.149
 3600.0  2444.703
 3605.0  2446.666
 3610.0  2448.539
 3615.0  2450.254
 3620.0  2451.744
 3625.0  2452.940
 3630.0  2453.776
 3635.0  2454.184
