 2865.0  1046.470
 2870.0  1074.382
 2875.0  1101.750
 2880.0  1128.553
 2885.0  1154.772
 2890.0  1180.385
 2895.0  1205.374
 2900.0  1229.717
 2905.0  1253.312
 2910.0  1276.175
 2915.0  1298.462
 2920.0  1320.330
 2925.0  1341.933
 2930.0  1363.430
 2935.0  1384.975
 2940.0  1406.911
 2945.0  1429.215
 2950.0  1451.498
 2955.0  1473.369
 2960.0  1494.438
 2965.0  1514.317
 2970.0  1532.615
 2975.0  1549.233
 2980.0  1564.589
 2985.0  1579.073
 2990.0  1593.073
 2995.0  1606.976
 3000.0  1621.171
 3005.0  1636.046
 3010.0  1651.617
 3015.0  1667.549
 3020.0  1683.702
 3025.0  1699.939
 3030.0  1716.120
 3035.0  1732.108
 3040.0  1747.764
 3045.0  1763.085
 3050.0  1778.196
 3055.0  1793.151
 3060.0  1808.003
 3065.0  1822.808
 3070.0  1837.618
 3075.0  1852.488
 3080.0  1867.416
 3085.0  1882.352
 3090.0  1897.282
 3095.0  1912.189
 3100.0  1927.058
 3105.0  1941.874
 3110.0  1956.622
 3115.0  1971.460
 3120.0  1986.457
 3125.0  2001.459
 3130.0  2016.310
 3135.0  2030.858
 3140.0  2044.949
 3145.0  2058.427
 3150.0  2071.394
 3155.0  2084.043
 3160.0  2096.362
 3165.0  2108.339
 3170.0  2119.962
 3175.0  2131.218
 3180.0  2142.096
 3185.0  2152.616
 3190.0  2162.820
 3195.0  2172.726
 3200.0  2182.350
 3205.0  2191.711
 3210.0  2200.825
 3215.0  2209.711
 3220.0  2218.270
 3225.0  2226.468
 3230.0  2234.419
 3235.0  2242.235
 3240.0  2250.031
 3245.0  2257.918
 3250.0  2266.010
 3255.0  2274.542
 3260.0  2283.490
 3265.0  2292.585
 3270.0  2301.558
 3275.0  2310.136
 3280.0  2318.052
 3285.0  2325.033
 3290.0  2331.070
 3295.0  2336.470
 3300.0  2341.446
 3305.0  2346.211
 3310.0  2350.977
 3315.0  2355.956
 3320.0  2361.360
 3325.0  2367.230
 3330.0  2373.400
 3335.0  2379.775
 3340.0  2386.259
 3345.0  2392.755
 3350.0  2399.168
 3355.0  2405.401
 3360.0  2411.652
 3365.0  2418.072
 3370.0  2424.498
 3375.0  2430.766
 3380.0  2436.714
 3385.0  2442.179
 3390.0  2446.997
 3395.0  2451.109
 3400.0  2454.699
 3405.0  2457.967
 3410.0  2461.112
 3415.0  2464.333
 3420.0  2467.831
 3425.0  2471.806
 3430.0  2476.464
 3435.0  2481.733
 3440.0  2487.395
 3445.0  2493.231
 3450.0  2499.022
 3455.0  2504.551
 3460.0  2509.598
 3465.0  2514.266
 3470.0  2518.798
 3475.0  2523.184
 3480.0  2527.416
 3485.0  2531.485
 3490.0  2535.381
 3495.0  2539.096
 3500.0  2542.621
 3505.0  2457.938
 3510.0  2459.875
 3515.0  2461.925
 3520.0  2464.080
 3525.0  2466.332
 3530.0  2468.671
 3535.0  2471.232
 3540.0  2474.082
 3545.0  2477.109
 3550.0  2480.201
 3555.0  2483.247
 3560.0  2486.135
 3565.0  2488.753
 3570.0  2491.377
 3575.0  2494.209
 3580.0  2497.024
 3585.0  2499.602
 3590.0  2501.719
 3595.0  2503.152
 3600.0  2503.679
 3605.0  2503.669
 3610.0  2503.598
 3615.0  2503.404
 3620.0  2503.027
 3625.0  2502.406
 3630.0  2501.479
 3635.0  2500.185
