 2865.0   879.594
 2870.0   905.563
 2875.0   931.003
 2880.0   955.895
 2885.0   980.216
 2890.0  1003.946
 2895.0  1027.064
 2900.0  1049.550
 2905.0  1071.327
 2910.0  1092.421
 2915.0  1112.964
 2920.0  1133.086
 2925.0  1152.920
 2930.0  1172.597
 2935.0  1192.248
 2940.0  1211.862
 2945.0  1231.319
 2950.0  1250.598
 2955.0  1269.673
 2960.0  1288.521
 2965.0  1307.118
 2970.0  1325.440
 2975.0  1343.644
 2980.0  1361.810
 2985.0  1379.800
 2990.0  1397.476
 2995.0  1414.698
 3000.0  1431.328
 3005.0  1447.229
 3010.0  1462.237
 3015.0  1476.460
 3020.0  1490.159
 3025.0  1503.593
 3030.0  1517.025
 3035.0  1530.716
 3040.0  1544.927
 3045.0  1559.667
 3050.0  1574.715
 3055.0  1589.979
 3060.0  1605.370
 3065.0  1620.799
 3070.0  1636.176
 3075.0  1651.411
 3080.0  1666.789
 3085.0  1682.484
 3090.0  1698.242
 3095.0  1713.809
 3100.0  1728.929
 3105.0  1743.350
 3110.0  1756.816
 3115.0  1769.279
 3120.0  1780.999
 3125.0  1792.188
 3130.0  1803.056
 3135.0  1813.814
 3140.0  1824.673
 3145.0  1835.844
 3150.0  1847.177
 3155.0  1858.436
 3160.0  1869.699
 3165.0  1881.047
 3170.0  1892.558
 3175.0  1904.313
 3180.0  1916.389
 3185.0  1929.256
 3190.0  1943.008
 3195.0  1957.166
 3200.0  1971.252
 3205.0  1984.788
 3210.0  1997.295
 3215.0  2008.295
 3220.0  2017.889
 3225.0  2026.646
 3230.0  2034.786
 3235.0  2042.532
 3240.0  2050.105
 3245.0  2057.725
 3250.0  2065.615
 3255.0  2073.725
 3260.0  2081.841
 3265.0  2089.941
 3270.0  2097.999
 3275.0  2105.992
 3280.0  2113.894
 3285.0  2121.683
 3290.0  2129.396
 3295.0  2137.072
 3300.0  2144.681
 3305.0  2152.195
 3310.0  2159.584
 3315.0  2166.822
 3320.0  2173.879
 3325.0  2180.904
 3330.0  2187.979
 3335.0  2194.972
 3340.0  2201.753
 3345.0  2208.191
 3350.0  2214.157
 3355.0  2219.519
 3360.0  2224.168
 3365.0  2228.235
 3370.0  2231.956
 3375.0  2235.565
 3380.0  2239.295
 3385.0  2243.381
 3390.0  2248.057
 3395.0  2253.820
 3400.0  2260.688
 3405.0  2268.170
 3410.0  2275.777
 3415.0  2283.020
 3420.0  2289.411
 3425.0  2294.459
 3430.0  2298.255
 3435.0  2301.385
 3440.0  2304.108
 3445.0  2306.681
 3450.0  2309.363
 3455.0  2312.410
 3460.0  2316.082
 3465.0  2320.477
 3470.0  2325.487
 3475.0  2331.056
 3480.0  2337.129
 3485.0  2343.649
 3490.0  2350.561
 3495.0  2357.808
 3500.0  2365.336
 3505.0  2283.874
 3510.0  2286.468
 3515.0  2289.269
 3520.0  2292.256
 3525.0  2295.408
 3530.0  2298.704
 3535.0  2302.524
 3540.0  2307.042
 3545.0  2311.937
 3550.0  2316.884
 3555.0  2321.561
 3560.0  2325.644
 3565.0  2328.811
 3570.0  2331.169
 3575.0  2333.135
 3580.0  2334.844
 3585.0  2336.434
 3590.0  2338.042
 3595.0  2339.804
 3600.0  2341.858
 3605.0  2344.198
 3610.0  2346.718
 3615.0  2349.408
 3620.0  2352.255
 3625.0  2355.247
 3630.0  2358.371
 3635.0  2361.617
