 2865.0   952.017
 2870.0   973.021
 2875.0   994.279
 2880.0  1015.785
 2885.0  1037.538
 2890.0  1059.531
 2895.0  1081.761
 2900.0  1104.225
 2905.0  1127.348
 2910.0  1151.285
 2915.0  1175.618
 2920.0  1199.930
 2925.0  1223.806
 2930.0  1246.830
 2935.0  1268.583
 2940.0  1289.422
 2945.0  1309.880
 2950.0  1329.811
 2955.0  1349.066
 2960.0  1367.500
 2965.0  1384.964
 2970.0  1401.312
 2975.0  1416.177
 2980.0  1429.656
 2985.0  1442.299
 2990.0  1454.656
 2995.0  1467.275
 3000.0  1480.706
 3005.0  1495.499
 3010.0  1512.355
 3015.0  1531.102
 3020.0  1550.978
 3025.0  1571.221
 3030.0  1591.068
 3035.0  1609.757
 3040.0  1626.526
 3045.0  1641.630
 3050.0  1655.918
 3055.0  1669.521
 3060.0  1682.567
 3065.0  1695.187
 3070.0  1707.511
 3075.0  1719.668
 3080.0  1731.298
 3085.0  1742.187
 3090.0  1752.676
 3095.0  1763.111
 3100.0  1773.835
 3105.0  1785.191
 3110.0  1797.524
 3115.0  1811.376
 3120.0  1826.690
 3125.0  1842.910
 3130.0  1859.479
 3135.0  1875.841
 3140.0  1891.440
 3145.0  1905.719
 3150.0  1918.709
 3155.0  1930.956
 3160.0  1942.685
 3165.0  1954.119
 3170.0  1965.482
 3175.0  1976.995
 3180.0  1988.884
 3185.0  2001.712
 3190.0  2015.468
 3195.0  2029.516
 3200.0  2043.222
 3205.0  2055.948
 3210.0  2067.059
 3215.0  2075.919
 3220.0  2082.805
 3225.0  2088.640
 3230.0  2093.755
 3235.0  2098.484
 3240.0  2103.157
 3245.0  2108.107
 3250.0  2113.665
 3255.0  2119.785
 3260.0  2126.167
 3265.0  2132.771
 3270.0  2139.552
 3275.0  2146.468
 3280.0  2153.476
 3285.0  2160.534
 3290.0  2167.761
 3295.0  2175.239
 3300.0  2182.869
 3305.0  2190.553
 3310.0  2198.191
 3315.0  2205.685
 3320.0  2212.936
 3325.0  2219.933
 3330.0  2226.764
 3335.0  2233.478
 3340.0  2240.125
 3345.0  2246.754
 3350.0  2253.414
 3355.0  2260.156
 3360.0  2267.807
 3365.0  2276.600
 3370.0  2285.691
 3375.0  2294.233
 3380.0  2301.382
 3385.0  2306.291
 3390.0  2308.115
 3395.0  2308.051
 3400.0  2307.888
 3405.0  2307.665
 3410.0  2307.422
 3415.0  2307.199
 3420.0  2307.036
 3425.0  2306.973
 3430.0  2309.471
 3435.0  2316.077
 3440.0  2325.454
 3445.0  2336.267
 3450.0  2347.180
 3455.0  2356.857
 3460.0  2363.962
 3465.0  2369.228
 3470.0  2374.219
 3475.0  2378.849
 3480.0  2383.032
 3485.0  2386.682
 3490.0  2389.714
 3495.0  2392.041
 3500.0  2393.578
 3505.0  2308.578
 3510.0  2310.648
 3515.0  2312.830
 3520.0  2315.115
 3525.0  2317.496
 3530.0  2319.965
 3535.0  2322.616
 3540.0  2325.499
 3545.0  2328.543
 3550.0  2331.673
 3555.0  2334.817
 3560.0  2337.903
 3565.0  2340.857
 3570.0  2343.770
 3575.0  2346.736
 3580.0  2349.691
 3585.0  2352.572
 3590.0  2355.315
 3595.0  2357.855
 3600.0  2360.129
 3605.0  2362.206
 3610.0  2364.189
 3615.0  2366.064
 3620.0  2367.816
 3625.0  2369.430
 3630.0  2370.892
 3635.0  2372.187
