 2865.0   881.704
 2870.0   906.303
 2875.0   930.545
 2880.0   954.420
 2885.0   977.919
 2890.0  1001.031
 2895.0  1023.749
 2900.0  1046.062
 2905.0  1068.117
 2910.0  1089.984
 2915.0  1111.544
 2920.0  1132.673
 2925.0  1153.253
 2930.0  1173.161
 2935.0  1192.276
 2940.0  1210.441
 2945.0  1227.749
 2950.0  1244.461
 2955.0  1260.835
 2960.0  1277.130
 2965.0  1293.606
 2970.0  1310.522
 2975.0  1328.056
 2980.0  1346.036
 2985.0  1364.203
 2990.0  1382.292
 2995.0  1400.043
 3000.0  1417.192
 3005.0  1433.478
 3010.0  1448.809
 3015.0  1463.420
 3020.0  1477.538
 3025.0  1491.387
 3030.0  1505.196
 3035.0  1519.191
 3040.0  1533.598
 3045.0  1548.410
 3050.0  1563.427
 3055.0  1578.581
 3060.0  1593.808
 3065.0  1609.042
 3070.0  1624.216
 3075.0  1639.264
 3080.0  1654.337
 3085.0  1669.542
 3090.0  1684.753
 3095.0  1699.842
 3100.0  1714.682
 3105.0  1729.145
 3110.0  1743.104
 3115.0  1756.748
 3120.0  1770.270
 3125.0  1783.547
 3130.0  1796.458
 3135.0  1808.879
 3140.0  1820.690
 3145.0  1831.766
 3150.0  1841.875
 3155.0  1851.097
 3160.0  1859.787
 3165.0  1868.296
 3170.0  1876.980
 3175.0  1886.190
 3180.0  1896.280
 3185.0  1907.842
 3190.0  1920.809
 3195.0  1934.547
 3200.0  1948.421
 3205.0  1961.798
 3210.0  1974.043
 3215.0  1984.522
 3220.0  1993.298
 3225.0  2001.080
 3230.0  2008.204
 3235.0  2015.006
 3240.0  2021.823
 3245.0  2028.990
 3250.0  2036.845
 3255.0  2045.665
 3260.0  2055.266
 3265.0  2065.285
 3270.0  2075.363
 3275.0  2085.138
 3280.0  2094.249
 3285.0  2102.336
 3290.0  2109.448
 3295.0  2115.984
 3300.0  2122.107
 3305.0  2127.978
 3310.0  2133.758
 3315.0  2139.611
 3320.0  2145.698
 3325.0  2152.003
 3330.0  2158.375
 3335.0  2164.779
 3340.0  2171.176
 3345.0  2177.530
 3350.0  2183.803
 3355.0  2189.959
 3360.0  2196.014
 3365.0  2202.009
 3370.0  2207.941
 3375.0  2213.809
 3380.0  2219.610
 3385.0  2225.342
 3390.0  2231.002
 3395.0  2236.639
 3400.0  2242.271
 3405.0  2247.854
 3410.0  2253.345
 3415.0  2258.701
 3420.0  2263.875
 3425.0  2268.826
 3430.0  2273.441
 3435.0  2277.731
 3440.0  2281.840
 3445.0  2285.912
 3450.0  2290.087
 3455.0  2294.511
 3460.0  2299.325
 3465.0  2304.536
 3470.0  2310.046
 3475.0  2315.837
 3480.0  2321.894
 3485.0  2328.200
 3490.0  2334.739
 3495.0  2341.494
 3500.0  2348.449
 3505.0  2262.824
 3510.0  2267.337
 3515.0  2271.697
 3520.0  2275.895
 3525.0  2279.923
 3530.0  2283.772
 3535.0  2287.441
 3540.0  2290.950
 3545.0  2294.323
 3550.0  2297.585
 3555.0  2300.759
 3560.0  2303.870
 3565.0  2306.941
 3570.0  2309.993
 3575.0  2313.016
 3580.0  2315.985
 3585.0  2318.877
 3590.0  2321.668
 3595.0  2324.333
 3600.0  2326.849
 3605.0  2329.244
 3610.0  2331.561
 3615.0  2333.792
 3620.0  2335.930
 3625.0  2337.971
 3630.0  2339.907
 3635.0  2341.731
