 2865.0   961.192
 2870.0   989.362
 2875.0  1016.833
 2880.0  1043.569
 2885.0  1069.534
 2890.0  1094.692
 2895.0  1119.006
 2900.0  1142.442
 2905.0  1164.822
 2910.0  1186.174
 2915.0  1206.772
 2920.0  1226.889
 2925.0  1246.798
 2930.0  1266.771
 2935.0  1287.082
 2940.0  1308.060
 2945.0  1329.572
 2950.0  1351.197
 2955.0  1372.517
 2960.0  1393.110
 2965.0  1412.557
 2970.0  1430.438
 2975.0  1446.543
 2980.0  1461.272
 2985.0  1475.124
 2990.0  1488.597
 2995.0  1502.190
 3000.0  1516.401
 3005.0  1531.729
 3010.0  1548.624
 3015.0  1566.829
 3020.0  1585.785
 3025.0  1604.929
 3030.0  1623.702
 3035.0  1641.542
 3040.0  1657.889
 3045.0  1672.662
 3050.0  1686.397
 3055.0  1699.455
 3060.0  1712.196
 3065.0  1724.982
 3070.0  1738.173
 3075.0  1752.130
 3080.0  1767.178
 3085.0  1783.119
 3090.0  1799.531
 3095.0  1815.993
 3100.0  1832.082
 3105.0  1847.377
 3110.0  1861.455
 3115.0  1874.312
 3120.0  1886.374
 3125.0  1897.874
 3130.0  1909.040
 3135.0  1920.103
 3140.0  1931.295
 3145.0  1942.844
 3150.0  1955.032
 3155.0  1967.746
 3160.0  1980.631
 3165.0  1993.332
 3170.0  2005.493
 3175.0  2016.758
 3180.0  2026.771
 3185.0  2035.418
 3190.0  2043.073
 3195.0  2050.113
 3200.0  2056.914
 3205.0  2063.853
 3210.0  2071.308
 3215.0  2079.655
 3220.0  2089.385
 3225.0  2100.384
 3230.0  2112.121
 3235.0  2124.066
 3240.0  2135.688
 3245.0  2146.457
 3250.0  2155.843
 3255.0  2164.042
 3260.0  2171.672
 3265.0  2178.833
 3270.0  2185.627
 3275.0  2192.155
 3280.0  2198.518
 3285.0  2204.816
 3290.0  2210.895
 3295.0  2216.625
 3300.0  2222.145
 3305.0  2227.596
 3310.0  2233.116
 3315.0  2238.845
 3320.0  2244.923
 3325.0  2251.602
 3330.0  2258.855
 3335.0  2266.401
 3340.0  2273.957
 3345.0  2281.243
 3350.0  2287.975
 3355.0  2293.874
 3360.0  2298.937
 3365.0  2303.471
 3370.0  2307.658
 3375.0  2311.678
 3380.0  2315.712
 3385.0  2319.942
 3390.0  2324.548
 3395.0  2329.645
 3400.0  2335.121
 3405.0  2340.817
 3410.0  2346.576
 3415.0  2352.239
 3420.0  2357.649
 3425.0  2362.647
 3430.0  2367.407
 3435.0  2372.142
 3440.0  2376.755
 3445.0  2381.147
 3450.0  2385.222
 3455.0  2388.882
 3460.0  2392.029
 3465.0  2394.828
 3470.0  2397.482
 3475.0  2399.951
 3480.0  2402.197
 3485.0  2404.179
 3490.0  2405.858
 3495.0  2407.194
 3500.0  2408.147
 3505.0  2354.244
 3510.0  2356.252
 3515.0  2358.236
 3520.0  2360.193
 3525.0  2362.125
 3530.0  2364.029
 3535.0  2365.849
 3540.0  2367.564
 3545.0  2369.235
 3550.0  2370.923
 3555.0  2372.687
 3560.0  2374.589
 3565.0  2376.688
 3570.0  2379.234
 3575.0  2382.280
 3580.0  2385.590
 3585.0  2388.929
 3590.0  2392.059
 3595.0  2394.747
 3600.0  2396.755
 3605.0  2398.324
 3610.0  2399.816
 3615.0  2401.185
 3620.0  2402.382
 3625.0  2403.358
 3630.0  2404.066
 3635.0  2404.457
