 2865.0   977.968
 2870.0  1000.763
 2875.0  1023.543
 2880.0  1046.307
 2885.0  1069.055
 2890.0  1091.788
 2895.0  1114.506
 2900.0  1137.207
 2905.0  1159.975
 2910.0  1182.836
 2915.0  1205.709
 2920.0  1228.511
 2925.0  1251.163
 2930.0  1273.581
 2935.0  1295.685
 2940.0  1318.010
 2945.0  1340.809
 2950.0  1363.583
 2955.0  1385.830
 2960.0  1407.048
 2965.0  1426.737
 2970.0  1444.394
 2975.0  1459.846
 2980.0  1473.646
 2985.0  1486.386
 2990.0  1498.657
 2995.0  1511.051
 3000.0  1524.161
 3005.0  1538.577
 3010.0  1554.759
 3015.0  1572.388
 3020.0  1590.888
 3025.0  1609.682
 3030.0  1628.197
 3035.0  1645.856
 3040.0  1662.084
 3045.0  1676.964
 3050.0  1691.089
 3055.0  1704.643
 3060.0  1717.810
 3065.0  1730.776
 3070.0  1743.726
 3075.0  1756.844
 3080.0  1770.010
 3085.0  1783.020
 3090.0  1795.934
 3095.0  1808.814
 3100.0  1821.721
 3105.0  1834.714
 3110.0  1847.854
 3115.0  1861.212
 3120.0  1874.758
 3125.0  1888.403
 3130.0  1902.057
 3135.0  1915.632
 3140.0  1929.037
 3145.0  1942.185
 3150.0  1955.349
 3155.0  1968.704
 3160.0  1982.010
 3165.0  1995.026
 3170.0  2007.512
 3175.0  2019.228
 3180.0  2029.933
 3185.0  2039.649
 3190.0  2048.671
 3195.0  2057.170
 3200.0  2065.314
 3205.0  2073.275
 3210.0  2081.222
 3215.0  2089.326
 3220.0  2097.463
 3225.0  2105.443
 3230.0  2113.334
 3235.0  2121.204
 3240.0  2129.121
 3245.0  2137.153
 3250.0  2145.370
 3255.0  2154.008
 3260.0  2163.090
 3265.0  2172.358
 3270.0  2181.555
 3275.0  2190.424
 3280.0  2198.707
 3285.0  2206.148
 3290.0  2213.480
 3295.0  2221.232
 3300.0  2228.840
 3305.0  2235.740
 3310.0  2241.367
 3315.0  2245.158
 3320.0  2246.546
 3325.0  2237.780
 3330.0  2215.172
 3335.0  2184.260
 3340.0  2150.579
 3345.0  2119.667
 3350.0  2097.059
 3355.0  2088.293
 3360.0  2100.509
 3365.0  2132.220
 3370.0  2176.023
 3375.0  2224.513
 3380.0  2270.287
 3385.0  2305.939
 3390.0  2324.065
 3395.0  2330.110
 3400.0  2334.731
 3405.0  2338.341
 3410.0  2341.354
 3415.0  2344.184
 3420.0  2347.245
 3425.0  2350.953
 3430.0  2355.240
 3435.0  2359.725
 3440.0  2364.342
 3445.0  2369.026
 3450.0  2373.714
 3455.0  2378.340
 3460.0  2382.840
 3465.0  2387.237
 3470.0  2391.597
 3475.0  2395.919
 3480.0  2400.204
 3485.0  2404.450
 3490.0  2408.658
 3495.0  2412.825
 3500.0  2416.953
 3505.0  2342.738
 3510.0  2345.623
 3515.0  2348.374
 3520.0  2350.983
 3525.0  2353.438
 3530.0  2355.730
 3535.0  2357.952
 3540.0  2360.160
 3545.0  2362.289
 3550.0  2364.272
 3555.0  2366.044
 3560.0  2367.538
 3565.0  2368.688
 3570.0  2369.641
 3575.0  2370.560
 3580.0  2371.403
 3585.0  2372.130
 3590.0  2372.700
 3595.0  2373.071
 3600.0  2373.204
 3605.0  2372.252
 3610.0  2369.567
 3615.0  2365.407
 3620.0  2360.030
 3625.0  2353.695
 3630.0  2346.659
 3635.0  2339.181
