 2865.0  1059.120
 2870.0  1084.774
 2875.0  1110.202
 2880.0  1135.401
 2885.0  1160.367
 2890.0  1185.098
 2895.0  1209.590
 2900.0  1233.839
 2905.0  1257.913
 2910.0  1281.842
 2915.0  1305.567
 2920.0  1329.032
 2925.0  1352.177
 2930.0  1374.945
 2935.0  1397.277
 2940.0  1419.392
 2945.0  1441.423
 2950.0  1463.193
 2955.0  1484.523
 2960.0  1505.232
 2965.0  1525.142
 2970.0  1544.074
 2975.0  1561.992
 2980.0  1579.096
 2985.0  1595.564
 2990.0  1611.573
 2995.0  1627.301
 3000.0  1642.925
 3005.0  1658.622
 3010.0  1674.201
 3015.0  1689.447
 3020.0  1704.494
 3025.0  1719.480
 3030.0  1734.542
 3035.0  1749.817
 3040.0  1765.441
 3045.0  1781.608
 3050.0  1798.265
 3055.0  1815.180
 3060.0  1832.121
 3065.0  1848.855
 3070.0  1865.149
 3075.0  1880.772
 3080.0  1895.668
 3085.0  1910.044
 3090.0  1924.056
 3095.0  1937.864
 3100.0  1951.625
 3105.0  1965.499
 3110.0  1979.643
 3115.0  1994.217
 3120.0  2009.132
 3125.0  2024.178
 3130.0  2039.145
 3135.0  2053.823
 3140.0  2068.002
 3145.0  2081.470
 3150.0  2094.252
 3155.0  2106.568
 3160.0  2118.506
 3165.0  2130.153
 3170.0  2141.597
 3175.0  2152.925
 3180.0  2164.224
 3185.0  2175.537
 3190.0  2186.806
 3195.0  2197.964
 3200.0  2208.944
 3205.0  2219.681
 3210.0  2230.107
 3215.0  2240.157
 3220.0  2249.901
 3225.0  2259.436
 3230.0  2268.740
 3235.0  2277.790
 3240.0  2286.562
 3245.0  2295.032
 3250.0  2303.178
 3255.0  2310.958
 3260.0  2318.399
 3265.0  2325.580
 3270.0  2332.581
 3275.0  2339.480
 3280.0  2346.356
 3285.0  2353.288
 3290.0  2360.295
 3295.0  2367.313
 3300.0  2374.298
 3305.0  2381.208
 3310.0  2387.998
 3315.0  2394.626
 3320.0  2401.047
 3325.0  2407.228
 3330.0  2413.201
 3335.0  2419.027
 3340.0  2424.766
 3345.0  2430.477
 3350.0  2436.220
 3355.0  2442.055
 3360.0  2448.108
 3365.0  2454.368
 3370.0  2460.689
 3375.0  2466.925
 3380.0  2472.929
 3385.0  2478.556
 3390.0  2483.659
 3395.0  2488.183
 3400.0  2492.275
 3405.0  2496.093
 3410.0  2499.793
 3415.0  2503.534
 3420.0  2507.472
 3425.0  2511.765
 3430.0  2516.543
 3435.0  2521.724
 3440.0  2527.145
 3445.0  2532.647
 3450.0  2538.066
 3455.0  2543.243
 3460.0  2548.015
 3465.0  2552.467
 3470.0  2556.786
 3475.0  2560.961
 3480.0  2564.984
 3485.0  2568.845
 3490.0  2572.535
 3495.0  2576.046
 3500.0  2579.367
 3505.0  2500.248
 3510.0  2503.317
 3515.0  2506.288
 3520.0  2509.156
 3525.0  2511.917
 3530.0  2514.564
 3535.0  2517.152
 3540.0  2519.709
 3545.0  2522.196
 3550.0  2524.575
 3555.0  2526.807
 3560.0  2528.853
 3565.0  2530.674
 3570.0  2532.440
 3575.0  2534.266
 3580.0  2536.032
 3585.0  2537.616
 3590.0  2538.897
 3595.0  2539.754
 3600.0  2540.067
 3605.0  2539.964
 3610.0  2539.638
 3615.0  2539.062
 3620.0  2538.210
 3625.0  2537.053
 3630.0  2535.567
 3635.0  2533.724
