 2865.0   949.831
 2870.0   972.924
 2875.0   995.705
 2880.0  1018.166
 2885.0  1040.300
 2890.0  1062.100
 2895.0  1083.558
 2900.0  1104.666
 2905.0  1125.426
 2910.0  1145.855
 2915.0  1165.973
 2920.0  1185.799
 2925.0  1205.352
 2930.0  1224.651
 2935.0  1243.715
 2940.0  1262.562
 2945.0  1281.188
 2950.0  1299.580
 2955.0  1317.727
 2960.0  1335.617
 2965.0  1353.237
 2970.0  1370.576
 2975.0  1387.720
 2980.0  1404.717
 2985.0  1421.498
 2990.0  1437.994
 2995.0  1454.133
 3000.0  1469.848
 3005.0  1485.068
 3010.0  1499.612
 3015.0  1513.502
 3020.0  1526.976
 3025.0  1540.269
 3030.0  1553.617
 3035.0  1567.257
 3040.0  1581.425
 3045.0  1596.337
 3050.0  1611.862
 3055.0  1627.719
 3060.0  1643.625
 3065.0  1659.298
 3070.0  1674.457
 3075.0  1688.819
 3080.0  1702.379
 3085.0  1715.408
 3090.0  1728.045
 3095.0  1740.426
 3100.0  1752.689
 3105.0  1764.971
 3110.0  1777.410
 3115.0  1789.946
 3120.0  1802.438
 3125.0  1814.899
 3130.0  1827.343
 3135.0  1839.784
 3140.0  1852.234
 3145.0  1864.708
 3150.0  1877.604
 3155.0  1891.043
 3160.0  1904.622
 3165.0  1917.938
 3170.0  1930.587
 3175.0  1942.165
 3180.0  1952.269
 3185.0  1960.965
 3190.0  1968.764
 3195.0  1975.927
 3200.0  1982.718
 3205.0  1989.400
 3210.0  1996.234
 3215.0  2003.484
 3220.0  2011.193
 3225.0  2019.142
 3230.0  2027.203
 3235.0  2035.249
 3240.0  2043.151
 3245.0  2050.782
 3250.0  2058.013
 3255.0  2064.775
 3260.0  2071.174
 3265.0  2077.342
 3270.0  2083.412
 3275.0  2089.518
 3280.0  2095.793
 3285.0  2102.370
 3290.0  2109.376
 3295.0  2116.741
 3300.0  2124.302
 3305.0  2131.898
 3310.0  2139.367
 3315.0  2146.547
 3320.0  2153.276
 3325.0  2159.776
 3330.0  2166.283
 3335.0  2172.650
 3340.0  2178.734
 3345.0  2184.388
 3350.0  2189.468
 3355.0  2193.828
 3360.0  2197.410
 3365.0  2200.406
 3370.0  2203.052
 3375.0  2205.582
 3380.0  2208.231
 3385.0  2211.233
 3390.0  2214.822
 3395.0  2219.496
 3400.0  2225.297
 3405.0  2231.781
 3410.0  2238.504
 3415.0  2245.021
 3420.0  2250.888
 3425.0  2255.660
 3430.0  2259.464
 3435.0  2262.816
 3440.0  2265.852
 3445.0  2268.710
 3450.0  2271.527
 3455.0  2274.440
 3460.0  2277.587
 3465.0  2280.925
 3470.0  2284.321
 3475.0  2287.774
 3480.0  2291.283
 3485.0  2294.845
 3490.0  2298.461
 3495.0  2302.128
 3500.0  2305.846
 3505.0  2244.270
 3510.0  2247.037
 3515.0  2249.638
 3520.0  2252.054
 3525.0  2254.267
 3530.0  2256.260
 3535.0  2258.152
 3540.0  2260.026
 3545.0  2261.811
 3550.0  2263.434
 3555.0  2264.824
 3560.0  2265.910
 3565.0  2266.619
 3570.0  2267.100
 3575.0  2267.541
 3580.0  2267.929
 3585.0  2268.253
 3590.0  2268.499
 3595.0  2268.655
 3600.0  2268.710
 3605.0  2267.505
 3610.0  2264.122
 3615.0  2258.911
 3620.0  2252.218
 3625.0  2244.395
 3630.0  2235.788
 3635.0  2226.748
