 2865.0  1036.029
 2870.0  1064.471
 2875.0  1092.294
 2880.0  1119.470
 2885.0  1145.973
 2890.0  1171.776
 2895.0  1196.852
 2900.0  1221.175
 2905.0  1244.659
 2910.0  1267.339
 2915.0  1289.373
 2920.0  1310.920
 2925.0  1332.136
 2930.0  1353.179
 2935.0  1374.207
 2940.0  1395.471
 2945.0  1416.919
 2950.0  1438.255
 2955.0  1459.185
 2960.0  1479.414
 2965.0  1498.646
 2970.0  1516.585
 2975.0  1533.155
 2980.0  1548.671
 2985.0  1563.431
 2990.0  1577.730
 2995.0  1591.867
 3000.0  1606.137
 3005.0  1620.838
 3010.0  1635.913
 3015.0  1651.078
 3020.0  1666.293
 3025.0  1681.515
 3030.0  1696.705
 3035.0  1711.820
 3040.0  1726.819
 3045.0  1741.804
 3050.0  1756.844
 3055.0  1771.854
 3060.0  1786.748
 3065.0  1801.440
 3070.0  1815.844
 3075.0  1829.874
 3080.0  1843.308
 3085.0  1856.157
 3090.0  1868.689
 3095.0  1881.169
 3100.0  1893.863
 3105.0  1907.039
 3110.0  1920.963
 3115.0  1936.043
 3120.0  1952.208
 3125.0  1969.009
 3130.0  1985.994
 3135.0  2002.714
 3140.0  2018.718
 3145.0  2033.555
 3150.0  2047.447
 3155.0  2060.909
 3160.0  2073.933
 3165.0  2086.508
 3170.0  2098.627
 3175.0  2110.278
 3180.0  2121.455
 3185.0  2132.103
 3190.0  2142.249
 3195.0  2152.002
 3200.0  2161.470
 3205.0  2170.761
 3210.0  2179.984
 3215.0  2189.247
 3220.0  2198.591
 3225.0  2207.934
 3230.0  2217.204
 3235.0  2226.329
 3240.0  2235.238
 3245.0  2243.858
 3250.0  2252.119
 3255.0  2260.077
 3260.0  2267.835
 3265.0  2275.381
 3270.0  2282.706
 3275.0  2289.798
 3280.0  2296.647
 3285.0  2303.243
 3290.0  2309.504
 3295.0  2315.428
 3300.0  2321.124
 3305.0  2326.705
 3310.0  2332.279
 3315.0  2337.959
 3320.0  2343.853
 3325.0  2349.978
 3330.0  2356.240
 3335.0  2362.593
 3340.0  2368.987
 3345.0  2375.374
 3350.0  2381.706
 3355.0  2387.934
 3360.0  2394.329
 3365.0  2401.024
 3370.0  2407.766
 3375.0  2414.302
 3380.0  2420.379
 3385.0  2425.744
 3390.0  2430.145
 3395.0  2433.590
 3400.0  2436.421
 3405.0  2438.878
 3410.0  2441.205
 3415.0  2443.642
 3420.0  2446.432
 3425.0  2449.817
 3430.0  2454.248
 3435.0  2459.752
 3440.0  2465.939
 3445.0  2472.416
 3450.0  2478.792
 3455.0  2484.674
 3460.0  2489.671
 3465.0  2494.007
 3470.0  2498.151
 3475.0  2502.074
 3480.0  2505.747
 3485.0  2509.142
 3490.0  2512.232
 3495.0  2514.987
 3500.0  2517.379
 3505.0  2442.093
 3510.0  2445.517
 3515.0  2448.752
 3520.0  2451.779
 3525.0  2454.580
 3530.0  2457.137
 3535.0  2459.435
 3540.0  2461.515
 3545.0  2463.439
 3550.0  2465.271
 3555.0  2467.073
 3560.0  2468.910
 3565.0  2470.844
 3570.0  2473.112
 3575.0  2475.736
 3580.0  2478.460
 3585.0  2481.026
 3590.0  2483.177
 3595.0  2484.656
 3600.0  2485.206
 3605.0  2485.197
 3610.0  2485.134
 3615.0  2484.962
 3620.0  2484.627
 3625.0  2484.075
 3630.0  2483.252
 3635.0  2482.103
