 2865.0   970.502
 2870.0   985.020
 2875.0  1000.478
 2880.0  1016.821
 2885.0  1033.992
 2890.0  1051.935
 2895.0  1070.595
 2900.0  1089.915
 2905.0  1110.723
 2910.0  1133.431
 2915.0  1157.361
 2920.0  1181.835
 2925.0  1206.175
 2930.0  1229.704
 2935.0  1251.743
 2940.0  1272.527
 2945.0  1292.770
 2950.0  1312.509
 2955.0  1331.783
 2960.0  1350.632
 2965.0  1369.093
 2970.0  1387.205
 2975.0  1404.861
 2980.0  1422.008
 2985.0  1438.768
 2990.0  1455.263
 2995.0  1471.615
 3000.0  1487.945
 3005.0  1504.374
 3010.0  1521.141
 3015.0  1538.218
 3020.0  1555.327
 3025.0  1572.189
 3030.0  1588.528
 3035.0  1604.064
 3040.0  1618.520
 3045.0  1631.886
 3050.0  1644.467
 3055.0  1656.460
 3060.0  1668.063
 3065.0  1679.472
 3070.0  1690.884
 3075.0  1702.497
 3080.0  1714.007
 3085.0  1725.140
 3090.0  1736.134
 3095.0  1747.226
 3100.0  1758.654
 3105.0  1770.654
 3110.0  1783.464
 3115.0  1797.472
 3120.0  1812.652
 3125.0  1828.625
 3130.0  1845.013
 3135.0  1861.436
 3140.0  1877.514
 3145.0  1892.870
 3150.0  1907.868
 3155.0  1922.976
 3160.0  1937.963
 3165.0  1952.598
 3170.0  1966.653
 3175.0  1979.897
 3180.0  1992.099
 3185.0  2003.326
 3190.0  2013.880
 3195.0  2023.884
 3200.0  2033.460
 3205.0  2042.734
 3210.0  2051.827
 3215.0  2060.863
 3220.0  2069.964
 3225.0  2079.072
 3230.0  2088.041
 3235.0  2096.722
 3240.0  2104.969
 3245.0  2112.634
 3250.0  2119.570
 3255.0  2125.697
 3260.0  2131.183
 3265.0  2136.255
 3270.0  2141.139
 3275.0  2146.061
 3280.0  2151.249
 3285.0  2156.928
 3290.0  2163.262
 3295.0  2170.124
 3300.0  2177.299
 3305.0  2184.576
 3310.0  2191.743
 3315.0  2198.587
 3320.0  2204.896
 3325.0  2210.537
 3330.0  2215.675
 3335.0  2220.542
 3340.0  2225.368
 3345.0  2230.386
 3350.0  2235.826
 3355.0  2241.921
 3360.0  2249.585
 3365.0  2258.988
 3370.0  2269.237
 3375.0  2279.444
 3380.0  2288.717
 3385.0  2296.168
 3390.0  2300.905
 3395.0  2303.548
 3400.0  2305.491
 3405.0  2307.001
 3410.0  2308.349
 3415.0  2309.805
 3420.0  2311.637
 3425.0  2314.115
 3430.0  2317.850
 3435.0  2323.022
 3440.0  2329.257
 3445.0  2336.183
 3450.0  2343.426
 3455.0  2350.612
 3460.0  2357.368
 3465.0  2363.821
 3470.0  2370.350
 3475.0  2376.951
 3480.0  2383.625
 3485.0  2390.371
 3490.0  2397.186
 3495.0  2404.070
 3500.0  2411.022
 3505.0  2294.655
 3510.0  2296.296
 3515.0  2298.282
 3520.0  2300.540
 3525.0  2303.000
 3530.0  2305.588
 3535.0  2309.066
 3540.0  2313.862
 3545.0  2319.408
 3550.0  2325.135
 3555.0  2330.475
 3560.0  2334.860
 3565.0  2337.719
 3570.0  2339.405
 3575.0  2340.730
 3580.0  2341.813
 3585.0  2342.775
 3590.0  2343.738
 3595.0  2344.822
 3600.0  2346.147
 3605.0  2347.710
 3610.0  2349.417
 3615.0  2351.258
 3620.0  2353.222
 3625.0  2355.299
 3630.0  2357.478
 3635.0  2359.748
