 2865.0   807.073
 2870.0   825.897
 2875.0   844.637
 2880.0   863.291
 2885.0   881.859
 2890.0   900.341
 2895.0   918.736
 2900.0   937.043
 2905.0   955.273
 2910.0   973.432
 2915.0   991.509
 2920.0  1009.495
 2925.0  1027.383
 2930.0  1045.162
 2935.0  1062.824
 2940.0  1080.497
 2945.0  1098.233
 2950.0  1115.910
 2955.0  1133.403
 2960.0  1150.590
 2965.0  1167.345
 2970.0  1183.546
 2975.0  1199.353
 2980.0  1214.948
 2985.0  1230.241
 2990.0  1245.141
 2995.0  1259.558
 3000.0  1273.401
 3005.0  1286.580
 3010.0  1298.872
 3015.0  1310.327
 3020.0  1321.257
 3025.0  1331.977
 3030.0  1342.803
 3035.0  1354.047
 3040.0  1366.025
 3045.0  1378.690
 3050.0  1391.770
 3055.0  1405.240
 3060.0  1419.075
 3065.0  1433.251
 3070.0  1447.743
 3075.0  1462.527
 3080.0  1478.485
 3085.0  1495.952
 3090.0  1514.083
 3095.0  1532.034
 3100.0  1548.960
 3105.0  1564.016
 3110.0  1576.358
 3115.0  1586.248
 3120.0  1594.792
 3125.0  1602.416
 3130.0  1609.545
 3135.0  1616.601
 3140.0  1624.010
 3145.0  1632.196
 3150.0  1641.180
 3155.0  1650.608
 3160.0  1660.337
 3165.0  1670.226
 3170.0  1680.134
 3175.0  1689.918
 3180.0  1699.438
 3185.0  1708.839
 3190.0  1718.299
 3195.0  1727.720
 3200.0  1737.004
 3205.0  1746.053
 3210.0  1754.769
 3215.0  1763.056
 3220.0  1770.794
 3225.0  1778.052
 3230.0  1785.012
 3235.0  1791.855
 3240.0  1798.764
 3245.0  1805.919
 3250.0  1813.503
 3255.0  1821.777
 3260.0  1830.676
 3265.0  1839.901
 3270.0  1849.147
 3275.0  1858.112
 3280.0  1866.495
 3285.0  1873.993
 3290.0  1880.592
 3295.0  1886.608
 3300.0  1892.235
 3305.0  1897.667
 3310.0  1903.097
 3315.0  1908.718
 3320.0  1914.725
 3325.0  1921.328
 3330.0  1928.431
 3335.0  1935.771
 3340.0  1943.083
 3345.0  1950.103
 3350.0  1956.567
 3355.0  1962.209
 3360.0  1967.006
 3365.0  1971.245
 3370.0  1975.130
 3375.0  1978.865
 3380.0  1982.654
 3385.0  1986.700
 3390.0  1991.207
 3395.0  1996.393
 3400.0  2002.172
 3405.0  2008.296
 3410.0  2014.516
 3415.0  2020.584
 3420.0  2026.250
 3425.0  2031.266
 3430.0  2035.600
 3435.0  2039.497
 3440.0  2043.124
 3445.0  2046.647
 3450.0  2050.234
 3455.0  2054.051
 3460.0  2058.265
 3465.0  2062.867
 3470.0  2067.729
 3475.0  2072.836
 3480.0  2078.174
 3485.0  2083.730
 3490.0  2089.488
 3495.0  2095.434
 3500.0  2101.556
 3505.0  2031.733
 3510.0  2035.557
 3515.0  2039.180
 3520.0  2042.584
 3525.0  2045.752
 3530.0  2048.664
 3535.0  2051.281
 3540.0  2053.636
 3545.0  2055.815
 3550.0  2057.907
 3555.0  2059.999
 3560.0  2062.179
 3565.0  2064.535
 3570.0  2067.093
 3575.0  2069.789
 3580.0  2072.571
 3585.0  2075.391
 3590.0  2078.198
 3595.0  2080.941
 3600.0  2083.572
 3605.0  2086.110
 3610.0  2088.609
 3615.0  2091.066
 3620.0  2093.482
 3625.0  2095.856
 3630.0  2098.185
 3635.0  2100.468
