 2865.0   802.596
 2870.0   821.079
 2875.0   839.553
 2880.0   858.020
 2885.0   876.478
 2890.0   894.927
 2895.0   913.368
 2900.0   931.801
 2905.0   950.212
 2910.0   968.597
 2915.0   986.970
 2920.0  1005.342
 2925.0  1023.729
 2930.0  1042.143
 2935.0  1060.597
 2940.0  1079.562
 2945.0  1099.182
 2950.0  1118.983
 2955.0  1138.490
 2960.0  1157.230
 2965.0  1174.727
 2970.0  1190.508
 2975.0  1204.467
 2980.0  1217.114
 2985.0  1228.895
 2990.0  1240.258
 2995.0  1251.651
 3000.0  1263.521
 3005.0  1276.316
 3010.0  1290.355
 3015.0  1305.371
 3020.0  1320.927
 3025.0  1336.589
 3030.0  1351.921
 3035.0  1366.487
 3040.0  1379.852
 3045.0  1391.887
 3050.0  1402.989
 3055.0  1413.512
 3060.0  1423.808
 3065.0  1434.233
 3070.0  1445.138
 3075.0  1456.879
 3080.0  1469.969
 3085.0  1484.298
 3090.0  1499.280
 3095.0  1514.331
 3100.0  1528.865
 3105.0  1542.299
 3110.0  1554.047
 3115.0  1564.121
 3120.0  1573.159
 3125.0  1581.510
 3130.0  1589.526
 3135.0  1597.558
 3140.0  1605.958
 3145.0  1615.077
 3150.0  1625.139
 3155.0  1635.926
 3160.0  1647.123
 3165.0  1658.419
 3170.0  1669.498
 3175.0  1680.048
 3180.0  1689.756
 3185.0  1698.563
 3190.0  1706.765
 3195.0  1714.574
 3200.0  1722.205
 3205.0  1729.872
 3210.0  1737.788
 3215.0  1746.166
 3220.0  1755.209
 3225.0  1764.801
 3230.0  1774.686
 3235.0  1784.608
 3240.0  1794.311
 3245.0  1803.537
 3250.0  1812.030
 3255.0  1819.802
 3260.0  1827.118
 3265.0  1834.101
 3270.0  1840.875
 3275.0  1847.564
 3280.0  1854.290
 3285.0  1861.178
 3290.0  1868.394
 3295.0  1875.882
 3300.0  1883.436
 3305.0  1890.849
 3310.0  1897.914
 3315.0  1904.425
 3320.0  1910.174
 3325.0  1915.139
 3330.0  1919.558
 3335.0  1923.619
 3340.0  1927.509
 3345.0  1931.415
 3350.0  1935.523
 3355.0  1940.021
 3360.0  1944.931
 3365.0  1950.109
 3370.0  1955.486
 3375.0  1960.994
 3380.0  1966.566
 3385.0  1972.135
 3390.0  1977.631
 3395.0  1983.306
 3400.0  1989.304
 3405.0  1995.396
 3410.0  2001.355
 3415.0  2006.955
 3420.0  2011.968
 3425.0  2016.166
 3430.0  2019.540
 3435.0  2022.372
 3440.0  2024.873
 3445.0  2027.255
 3450.0  2029.727
 3455.0  2032.503
 3460.0  2035.792
 3465.0  2039.659
 3470.0  2044.003
 3475.0  2048.781
 3480.0  2053.954
 3485.0  2059.481
 3490.0  2065.321
 3495.0  2071.434
 3500.0  2077.779
 3505.0  2017.304
 3510.0  2018.711
 3515.0  2020.352
 3520.0  2022.185
 3525.0  2024.168
 3530.0  2026.261
 3535.0  2028.725
 3540.0  2031.750
 3545.0  2035.182
 3550.0  2038.869
 3555.0  2042.660
 3560.0  2046.402
 3565.0  2049.942
 3570.0  2053.533
 3575.0  2057.394
 3580.0  2061.324
 3585.0  2065.121
 3590.0  2068.584
 3595.0  2071.512
 3600.0  2073.702
 3605.0  2075.441
 3610.0  2077.103
 3615.0  2078.624
 3620.0  2079.939
 3625.0  2080.980
 3630.0  2081.685
 3635.0  2081.986
