 2865.0   933.689
 2870.0   961.772
 2875.0   989.145
 2880.0  1015.769
 2885.0  1041.607
 2890.0  1066.621
 2895.0  1090.774
 2900.0  1114.028
 2905.0  1136.131
 2910.0  1157.091
 2915.0  1177.260
 2920.0  1196.991
 2925.0  1216.636
 2930.0  1236.547
 2935.0  1257.077
 2940.0  1278.604
 2945.0  1300.943
 2950.0  1323.602
 2955.0  1346.090
 2960.0  1367.916
 2965.0  1388.588
 2970.0  1407.614
 2975.0  1425.216
 2980.0  1441.995
 2985.0  1458.031
 2990.0  1473.406
 2995.0  1488.201
 3000.0  1502.495
 3005.0  1516.371
 3010.0  1529.557
 3015.0  1541.930
 3020.0  1553.789
 3025.0  1565.431
 3030.0  1577.157
 3035.0  1589.265
 3040.0  1602.053
 3045.0  1615.496
 3050.0  1629.334
 3055.0  1643.520
 3060.0  1658.006
 3065.0  1672.745
 3070.0  1687.689
 3075.0  1702.792
 3080.0  1718.670
 3085.0  1735.582
 3090.0  1752.936
 3095.0  1770.144
 3100.0  1786.614
 3105.0  1801.757
 3110.0  1814.983
 3115.0  1826.240
 3120.0  1836.185
 3125.0  1845.289
 3130.0  1854.025
 3135.0  1862.865
 3140.0  1872.282
 3145.0  1882.747
 3150.0  1894.550
 3155.0  1907.417
 3160.0  1920.977
 3165.0  1934.857
 3170.0  1948.687
 3175.0  1962.095
 3180.0  1974.710
 3185.0  1986.790
 3190.0  1998.768
 3195.0  2010.529
 3200.0  2021.960
 3205.0  2032.948
 3210.0  2043.378
 3215.0  2053.139
 3220.0  2062.236
 3225.0  2070.823
 3230.0  2079.001
 3235.0  2086.873
 3240.0  2094.542
 3245.0  2102.110
 3250.0  2109.680
 3255.0  2117.184
 3260.0  2124.513
 3265.0  2131.709
 3270.0  2138.812
 3275.0  2145.863
 3280.0  2152.902
 3285.0  2159.971
 3290.0  2167.046
 3295.0  2174.084
 3300.0  2181.094
 3305.0  2188.086
 3310.0  2195.070
 3315.0  2202.056
 3320.0  2209.053
 3325.0  2216.217
 3330.0  2223.590
 3335.0  2231.014
 3340.0  2238.330
 3345.0  2245.382
 3350.0  2252.010
 3355.0  2258.058
 3360.0  2263.502
 3365.0  2268.516
 3370.0  2273.231
 3375.0  2277.780
 3380.0  2282.293
 3385.0  2286.904
 3390.0  2291.743
 3395.0  2296.733
 3400.0  2301.733
 3405.0  2306.778
 3410.0  2311.904
 3415.0  2317.146
 3420.0  2322.540
 3425.0  2328.122
 3430.0  2334.113
 3435.0  2340.568
 3440.0  2347.266
 3445.0  2353.985
 3450.0  2360.506
 3455.0  2366.608
 3460.0  2372.071
 3465.0  2377.047
 3470.0  2381.821
 3475.0  2386.370
 3480.0  2390.668
 3485.0  2394.693
 3490.0  2398.420
 3495.0  2401.825
 3500.0  2404.885
 3505.0  2330.803
 3510.0  2334.233
 3515.0  2337.477
 3520.0  2340.517
 3525.0  2343.337
 3530.0  2345.918
 3535.0  2348.188
 3540.0  2350.164
 3545.0  2351.966
 3550.0  2353.716
 3555.0  2355.532
 3560.0  2357.535
 3565.0  2359.845
 3570.0  2362.644
 3575.0  2365.920
 3580.0  2369.501
 3585.0  2373.219
 3590.0  2376.900
 3595.0  2380.375
 3600.0  2383.473
 3605.0  2386.280
 3610.0  2388.988
 3615.0  2391.590
 3620.0  2394.077
 3625.0  2396.441
 3630.0  2398.672
 3635.0  2400.762
