 2865.0  1049.961
 2870.0  1076.861
 2875.0  1103.354
 2880.0  1129.429
 2885.0  1155.075
 2890.0  1180.281
 2895.0  1205.035
 2900.0  1229.327
 2905.0  1253.186
 2910.0  1276.646
 2915.0  1299.710
 2920.0  1322.379
 2925.0  1344.654
 2930.0  1366.537
 2935.0  1388.029
 2940.0  1409.230
 2945.0  1430.185
 2950.0  1450.818
 2955.0  1471.052
 2960.0  1490.810
 2965.0  1510.015
 2970.0  1528.590
 2975.0  1546.442
 2980.0  1563.638
 2985.0  1580.342
 2990.0  1596.716
 2995.0  1612.922
 3000.0  1629.125
 3005.0  1645.486
 3010.0  1661.994
 3015.0  1678.502
 3020.0  1694.967
 3025.0  1711.346
 3030.0  1727.598
 3035.0  1743.681
 3040.0  1759.552
 3045.0  1775.225
 3050.0  1790.745
 3055.0  1806.117
 3060.0  1821.348
 3065.0  1836.444
 3070.0  1851.409
 3075.0  1866.250
 3080.0  1880.974
 3085.0  1895.579
 3090.0  1910.061
 3095.0  1924.416
 3100.0  1938.640
 3105.0  1952.729
 3110.0  1966.677
 3115.0  1980.479
 3120.0  1994.140
 3125.0  2007.671
 3130.0  2021.084
 3135.0  2034.391
 3140.0  2047.603
 3145.0  2060.732
 3150.0  2073.961
 3155.0  2087.342
 3160.0  2100.691
 3165.0  2113.823
 3170.0  2126.553
 3175.0  2138.698
 3180.0  2150.073
 3185.0  2160.666
 3190.0  2170.682
 3195.0  2180.260
 3200.0  2189.537
 3205.0  2198.652
 3210.0  2207.745
 3215.0  2216.953
 3220.0  2226.256
 3225.0  2235.526
 3230.0  2244.739
 3235.0  2253.869
 3240.0  2262.893
 3245.0  2271.785
 3250.0  2280.522
 3255.0  2289.243
 3260.0  2298.018
 3265.0  2306.722
 3270.0  2315.232
 3275.0  2323.422
 3280.0  2331.167
 3285.0  2338.343
 3290.0  2344.926
 3295.0  2351.058
 3300.0  2356.864
 3305.0  2362.467
 3310.0  2367.990
 3315.0  2373.558
 3320.0  2379.294
 3325.0  2385.140
 3330.0  2390.967
 3335.0  2396.791
 3340.0  2402.630
 3345.0  2408.500
 3350.0  2414.418
 3355.0  2420.401
 3360.0  2426.630
 3365.0  2433.148
 3370.0  2439.773
 3375.0  2446.319
 3380.0  2452.604
 3385.0  2458.442
 3390.0  2463.650
 3395.0  2468.197
 3400.0  2472.283
 3405.0  2476.067
 3410.0  2479.712
 3415.0  2483.378
 3420.0  2487.226
 3425.0  2491.417
 3430.0  2495.996
 3435.0  2500.846
 3440.0  2505.886
 3445.0  2511.030
 3450.0  2516.198
 3455.0  2521.305
 3460.0  2526.269
 3465.0  2531.118
 3470.0  2535.936
 3475.0  2540.723
 3480.0  2545.478
 3485.0  2550.202
 3490.0  2554.893
 3495.0  2559.552
 3500.0  2564.179
 3505.0  2480.060
 3510.0  2484.027
 3515.0  2487.710
 3520.0  2491.070
 3525.0  2494.072
 3530.0  2496.677
 3535.0  2498.920
 3540.0  2500.904
 3545.0  2502.695
 3550.0  2504.357
 3555.0  2505.954
 3560.0  2507.552
 3565.0  2509.215
 3570.0  2511.116
 3575.0  2513.255
 3580.0  2515.439
 3585.0  2517.475
 3590.0  2519.168
 3595.0  2520.326
 3600.0  2520.755
 3605.0  2520.688
 3610.0  2520.452
 3615.0  2519.996
 3620.0  2519.272
 3625.0  2518.227
 3630.0  2516.813
 3635.0  2514.977
