0            
-.2755       
-1.0579      
-1.5213      
-3.0124      
0            
0.3365       
2.35         
1.1362       
3575         
3860         
.000000040   
920          
80           
2402         
0            
4565         
8822         
14361        
20339        
25000        
2816         
mkii        
1            
0            
0            
0            
0            
0            
0            
0            
2666         
0            
0            
0            
0            
0            
0            
0            
2639         
0            
0            
2687         
250          
0.2          
0            
256          
0            
0            
45           
2112         
Sept 21/10   
