0            
0.0629       
0.0931       
-0.7138      
-2.0641      
0            
0.3365       
2.35         
1.1362       
3625         
3860         
.000000036   
920          
80           
2402         
0            
4565         
8822         
14361        
20339        
25000        
2816         
mkii        
1            
0            
0            
0            
0            
0            
0            
0            
2666         
0            
0            
0            
0            
0            
0            
0            
2639         
0            
0            
2687         
250          
0.2          
0            
256          
0            
0            
45           
2112         
Dec 7/11   

