 2865.0   949.428
 2870.0   982.550
 2875.0  1014.400
 2880.0  1044.842
 2885.0  1073.743
 2890.0  1100.968
 2895.0  1126.383
 2900.0  1149.854
 2905.0  1172.042
 2910.0  1193.495
 2915.0  1213.910
 2920.0  1232.985
 2925.0  1250.416
 2930.0  1265.900
 2935.0  1279.134
 2940.0  1290.396
 2945.0  1300.369
 2950.0  1309.352
 2955.0  1317.646
 2960.0  1325.553
 2965.0  1333.372
 2970.0  1341.406
 2975.0  1349.589
 2980.0  1357.639
 2985.0  1365.535
 2990.0  1373.255
 2995.0  1380.777
 3000.0  1388.080
 3005.0  1395.142
 3010.0  1401.971
 3015.0  1408.604
 3020.0  1415.056
 3025.0  1421.345
 3030.0  1427.486
 3035.0  1433.497
 3040.0  1439.394
 3045.0  1445.102
 3050.0  1450.587
 3055.0  1455.929
 3060.0  1461.207
 3065.0  1466.500
 3070.0  1471.886
 3075.0  1477.447
 3080.0  1483.269
 3085.0  1489.315
 3090.0  1495.472
 3095.0  1501.629
 3100.0  1507.672
 3105.0  1513.491
 3110.0  1518.973
 3115.0  1523.986
 3120.0  1528.597
 3125.0  1532.995
 3130.0  1537.369
 3135.0  1541.907
 3140.0  1546.797
 3145.0  1552.229
 3150.0  1558.629
 3155.0  1566.027
 3160.0  1574.009
 3165.0  1582.163
 3170.0  1590.076
 3175.0  1597.335
 3180.0  1603.527
 3185.0  1608.769
 3190.0  1613.533
 3195.0  1617.944
 3200.0  1622.126
 3205.0  1626.202
 3210.0  1630.296
 3215.0  1634.533
 3220.0  1638.963
 3225.0  1643.493
 3230.0  1648.031
 3235.0  1652.486
 3240.0  1656.766
 3245.0  1660.781
 3250.0  1664.439
 3255.0  1667.897
 3260.0  1671.316
 3265.0  1674.606
 3270.0  1677.677
 3275.0  1680.438
 3280.0  1682.802
 3285.0  1684.677
 3290.0  1686.282
 3295.0  1687.847
 3300.0  1689.295
 3305.0  1690.552
 3310.0  1691.543
 3315.0  1692.193
 3320.0  1692.426
 3325.0  1692.343
 3330.0  1692.130
 3335.0  1691.839
 3340.0  1691.521
 3345.0  1691.230
 3350.0  1691.017
 3355.0  1690.934
 3360.0  1691.837
 3365.0  1694.187
 3370.0  1697.447
 3375.0  1701.081
 3380.0  1704.552
 3385.0  1707.323
 3390.0  1708.857
 3395.0  1709.564
 3400.0  1710.204
 3405.0  1710.762
 3410.0  1711.222
 3415.0  1711.570
 3420.0  1711.789
 3425.0  1711.866
 3430.0  1711.776
 3435.0  1711.525
 3440.0  1711.147
 3445.0  1710.671
 3450.0  1710.130
 3455.0  1709.556
 3460.0  1708.980
 3465.0  1708.353
 3470.0  1707.613
 3475.0  1706.773
 3480.0  1705.843
 3485.0  1704.835
 3490.0  1703.760
 3495.0  1702.629
 3500.0  1701.454
 3505.0  1511.550
 3510.0  1510.754
 3515.0  1509.896
 3520.0  1508.981
 3525.0  1508.016
 3530.0  1507.008
 3535.0  1505.847
 3540.0  1504.483
 3545.0  1503.008
 3550.0  1501.512
 3555.0  1500.089
 3560.0  1498.828
 3565.0  1497.822
 3570.0  1497.070
 3575.0  1496.465
 3580.0  1495.946
 3585.0  1495.447
 3590.0  1494.905
 3595.0  1494.257
 3600.0  1493.438
 3605.0  1492.361
 3610.0  1490.998
 3615.0  1489.385
 3620.0  1487.554
 3625.0  1485.538
 3630.0  1483.370
 3635.0  1481.084
