 2865.0  1508.374
 2870.0  1537.012
 2875.0  1564.922
 2880.0  1592.065
 2885.0  1618.401
 2890.0  1643.893
 2895.0  1668.501
 2900.0  1692.186
 2905.0  1715.066
 2910.0  1737.275
 2915.0  1758.798
 2920.0  1779.623
 2925.0  1799.736
 2930.0  1819.122
 2935.0  1837.770
 2940.0  1856.027
 2945.0  1874.074
 2950.0  1891.645
 2955.0  1908.473
 2960.0  1924.292
 2965.0  1938.834
 2970.0  1951.835
 2975.0  1963.144
 2980.0  1973.112
 2985.0  1982.215
 2990.0  1990.932
 2995.0  1999.741
 3000.0  2009.121
 3005.0  2019.550
 3010.0  2031.807
 3015.0  2045.776
 3020.0  2060.589
 3025.0  2075.378
 3030.0  2089.276
 3035.0  2101.416
 3040.0  2110.929
 3045.0  2118.077
 3050.0  2123.995
 3055.0  2129.125
 3060.0  2133.912
 3065.0  2138.801
 3070.0  2144.235
 3075.0  2150.658
 3080.0  2158.243
 3085.0  2166.739
 3090.0  2175.955
 3095.0  2185.697
 3100.0  2195.773
 3105.0  2205.993
 3110.0  2216.164
 3115.0  2226.738
 3120.0  2238.047
 3125.0  2249.722
 3130.0  2261.391
 3135.0  2272.684
 3140.0  2283.230
 3145.0  2292.658
 3150.0  2300.909
 3155.0  2308.360
 3160.0  2315.299
 3165.0  2322.014
 3170.0  2328.793
 3175.0  2335.923
 3180.0  2343.693
 3185.0  2352.498
 3190.0  2362.240
 3195.0  2372.460
 3200.0  2382.704
 3205.0  2392.513
 3210.0  2401.431
 3215.0  2409.001
 3220.0  2415.586
 3225.0  2421.821
 3230.0  2427.654
 3235.0  2433.036
 3240.0  2437.915
 3245.0  2442.240
 3250.0  2445.962
 3255.0  2449.008
 3260.0  2451.494
 3265.0  2453.649
 3270.0  2455.702
 3275.0  2457.881
 3280.0  2460.415
 3285.0  2463.533
 3290.0  2467.973
 3295.0  2473.897
 3300.0  2480.667
 3305.0  2487.646
 3310.0  2494.199
 3315.0  2499.689
 3320.0  2503.478
 3325.0  2505.982
 3330.0  2508.099
 3335.0  2509.918
 3340.0  2511.530
 3345.0  2513.025
 3350.0  2514.493
 3355.0  2516.023
 3360.0  2517.548
 3365.0  2518.969
 3370.0  2520.329
 3375.0  2521.673
 3380.0  2523.044
 3385.0  2524.487
 3390.0  2526.045
 3395.0  2527.859
 3400.0  2529.943
 3405.0  2532.151
 3410.0  2534.336
 3415.0  2536.354
 3420.0  2538.057
 3425.0  2539.300
 3430.0  2540.259
 3435.0  2541.181
 3440.0  2542.026
 3445.0  2542.754
 3450.0  2543.324
 3455.0  2543.695
 3460.0  2543.828
 3465.0  2543.674
 3470.0  2543.226
 3475.0  2542.501
 3480.0  2541.517
 3485.0  2540.294
 3490.0  2538.850
 3495.0  2537.202
 3500.0  2535.370
 3505.0  2272.247
 3510.0  2270.780
 3515.0  2269.042
 3520.0  2267.084
 3525.0  2264.958
 3530.0  2262.717
 3535.0  2259.700
 3540.0  2255.560
 3545.0  2250.819
 3550.0  2245.999
 3555.0  2241.620
 3560.0  2238.206
 3565.0  2236.277
 3570.0  2235.445
 3575.0  2234.893
 3580.0  2234.503
 3585.0  2234.156
 3590.0  2233.734
 3595.0  2233.116
 3600.0  2232.186
 3605.0  2228.131
 3610.0  2218.789
 3615.0  2205.015
 3620.0  2187.665
 3625.0  2167.594
 3630.0  2145.658
 3635.0  2122.711
