 2865.0  1352.594
 2870.0  1387.670
 2875.0  1421.438
 2880.0  1453.768
 2885.0  1484.531
 2890.0  1513.596
 2895.0  1540.833
 2900.0  1566.113
 2905.0  1589.716
 2910.0  1612.053
 2915.0  1633.190
 2920.0  1653.193
 2925.0  1672.128
 2930.0  1690.062
 2935.0  1707.060
 2940.0  1723.049
 2945.0  1738.049
 2950.0  1752.265
 2955.0  1765.905
 2960.0  1779.174
 2965.0  1792.277
 2970.0  1805.420
 2975.0  1818.298
 2980.0  1830.633
 2985.0  1842.677
 2990.0  1854.680
 2995.0  1866.892
 3000.0  1879.562
 3005.0  1892.943
 3010.0  1907.220
 3015.0  1922.264
 3020.0  1937.848
 3025.0  1953.744
 3030.0  1969.726
 3035.0  1985.568
 3040.0  2001.041
 3045.0  2015.775
 3050.0  2029.848
 3055.0  2043.708
 3060.0  2057.803
 3065.0  2072.582
 3070.0  2088.492
 3075.0  2105.980
 3080.0  2127.372
 3085.0  2153.239
 3090.0  2181.398
 3095.0  2209.668
 3100.0  2235.869
 3105.0  2257.819
 3110.0  2273.335
 3115.0  2283.700
 3120.0  2292.079
 3125.0  2299.117
 3130.0  2305.460
 3135.0  2311.754
 3140.0  2318.644
 3145.0  2326.776
 3150.0  2336.100
 3155.0  2346.078
 3160.0  2356.627
 3165.0  2367.662
 3170.0  2379.099
 3175.0  2390.853
 3180.0  2402.840
 3185.0  2415.396
 3190.0  2428.734
 3195.0  2442.593
 3200.0  2456.708
 3205.0  2470.817
 3210.0  2484.657
 3215.0  2497.963
 3220.0  2510.819
 3225.0  2523.490
 3230.0  2535.991
 3235.0  2548.336
 3240.0  2560.539
 3245.0  2572.615
 3250.0  2584.577
 3255.0  2596.561
 3260.0  2608.601
 3265.0  2620.564
 3270.0  2632.314
 3275.0  2643.718
 3280.0  2654.642
 3285.0  2664.953
 3290.0  2674.902
 3295.0  2684.729
 3300.0  2694.275
 3305.0  2703.382
 3310.0  2711.893
 3315.0  2719.649
 3320.0  2726.493
 3325.0  2733.067
 3330.0  2739.829
 3335.0  2746.341
 3340.0  2752.166
 3345.0  2756.868
 3350.0  2760.010
 3355.0  2761.154
 3360.0  2758.995
 3365.0  2753.427
 3370.0  2745.813
 3375.0  2737.518
 3380.0  2729.905
 3385.0  2724.337
 3390.0  2722.178
 3395.0  2722.286
 3400.0  2722.565
 3405.0  2722.947
 3410.0  2723.363
 3415.0  2723.745
 3420.0  2724.024
 3425.0  2724.132
 3430.0  2721.083
 3435.0  2713.158
 3440.0  2702.191
 3445.0  2690.016
 3450.0  2678.465
 3455.0  2669.372
 3460.0  2664.571
 3465.0  2662.620
 3470.0  2660.875
 3475.0  2659.371
 3480.0  2658.141
 3485.0  2657.221
 3490.0  2656.644
 3495.0  2656.444
 3500.0  2656.655
 3505.0  2357.182
 3510.0  2358.887
 3515.0  2360.297
 3520.0  2361.365
 3525.0  2362.041
 3530.0  2362.277
 3535.0  2362.076
 3540.0  2361.558
 3545.0  2360.848
 3550.0  2360.076
 3555.0  2359.367
 3560.0  2358.848
 3565.0  2358.647
 3570.0  2361.008
 3575.0  2367.097
 3580.0  2375.422
 3585.0  2384.493
 3590.0  2392.819
 3595.0  2398.908
 3600.0  2401.269
 3605.0  2398.915
 3610.0  2392.149
 3615.0  2381.418
 3620.0  2367.166
 3625.0  2349.838
 3630.0  2329.880
 3635.0  2307.737
