 2865.0  1568.491
 2870.0  1594.679
 2875.0  1621.099
 2880.0  1647.748
 2885.0  1674.623
 2890.0  1701.721
 2895.0  1729.041
 2900.0  1756.578
 2905.0  1785.266
 2910.0  1815.424
 2915.0  1846.126
 2920.0  1876.444
 2925.0  1905.455
 2930.0  1932.230
 2935.0  1955.845
 2940.0  1977.025
 2945.0  1997.082
 2950.0  2015.966
 2955.0  2033.629
 2960.0  2050.023
 2965.0  2065.099
 2970.0  2078.807
 2975.0  2091.360
 2980.0  2103.049
 2985.0  2113.948
 2990.0  2124.130
 2995.0  2133.669
 3000.0  2142.639
 3005.0  2151.112
 3010.0  2158.842
 3015.0  2165.748
 3020.0  2172.151
 3025.0  2178.374
 3030.0  2184.739
 3035.0  2191.568
 3040.0  2199.184
 3045.0  2207.559
 3050.0  2216.449
 3055.0  2225.855
 3060.0  2235.777
 3065.0  2246.215
 3070.0  2257.171
 3075.0  2268.643
 3080.0  2281.501
 3085.0  2296.108
 3090.0  2311.714
 3095.0  2327.565
 3100.0  2342.909
 3105.0  2356.994
 3110.0  2369.068
 3115.0  2379.298
 3120.0  2388.542
 3125.0  2397.082
 3130.0  2405.200
 3135.0  2413.177
 3140.0  2421.295
 3145.0  2429.836
 3150.0  2438.799
 3155.0  2447.935
 3160.0  2457.151
 3165.0  2466.355
 3170.0  2475.452
 3175.0  2484.351
 3180.0  2492.958
 3185.0  2501.387
 3190.0  2509.762
 3195.0  2518.014
 3200.0  2526.072
 3205.0  2533.864
 3210.0  2541.320
 3215.0  2548.369
 3220.0  2555.145
 3225.0  2561.784
 3230.0  2568.211
 3235.0  2574.352
 3240.0  2580.132
 3245.0  2585.477
 3250.0  2590.314
 3255.0  2594.533
 3260.0  2598.219
 3265.0  2601.582
 3270.0  2604.834
 3275.0  2608.189
 3280.0  2611.858
 3285.0  2616.052
 3290.0  2621.664
 3295.0  2628.850
 3300.0  2636.722
 3305.0  2644.391
 3310.0  2650.969
 3315.0  2655.567
 3320.0  2657.298
 3325.0  2657.265
 3330.0  2657.180
 3335.0  2657.064
 3340.0  2656.938
 3345.0  2656.822
 3350.0  2656.737
 3355.0  2656.704
 3360.0  2658.231
 3365.0  2662.170
 3370.0  2667.556
 3375.0  2673.425
 3380.0  2678.811
 3385.0  2682.749
 3390.0  2684.277
 3395.0  2684.126
 3400.0  2683.738
 3405.0  2683.206
 3410.0  2682.627
 3415.0  2682.096
 3420.0  2681.708
 3425.0  2681.557
 3430.0  2682.034
 3435.0  2683.263
 3440.0  2684.943
 3445.0  2686.775
 3450.0  2688.455
 3455.0  2689.685
 3460.0  2690.161
 3465.0  2689.880
 3470.0  2689.059
 3475.0  2687.728
 3480.0  2685.919
 3485.0  2683.665
 3490.0  2680.996
 3495.0  2677.944
 3500.0  2674.542
 3505.0  2395.380
 3510.0  2392.855
 3515.0  2390.331
 3520.0  2387.811
 3525.0  2385.293
 3530.0  2382.777
 3535.0  2379.971
 3540.0  2376.777
 3545.0  2373.487
 3550.0  2370.395
 3555.0  2367.794
 3560.0  2365.977
 3565.0  2365.237
 3570.0  2365.152
 3575.0  2365.099
 3580.0  2365.065
 3585.0  2365.037
 3590.0  2365.002
 3595.0  2364.948
 3600.0  2364.863
 3605.0  2363.842
 3610.0  2361.173
 3615.0  2357.128
 3620.0  2351.979
 3625.0  2345.997
 3630.0  2339.457
 3635.0  2332.629
