 2865.0  1488.405
 2870.0  1529.768
 2875.0  1569.725
 2880.0  1608.158
 2885.0  1644.949
 2890.0  1679.980
 2895.0  1713.134
 2900.0  1744.291
 2905.0  1773.922
 2910.0  1802.470
 2915.0  1829.781
 2920.0  1855.701
 2925.0  1880.076
 2930.0  1902.752
 2935.0  1923.575
 2940.0  1942.698
 2945.0  1960.511
 2950.0  1977.214
 2955.0  1993.010
 2960.0  2008.099
 2965.0  2022.682
 2970.0  2036.960
 2975.0  2051.000
 2980.0  2064.685
 2985.0  2077.947
 2990.0  2090.717
 2995.0  2102.924
 3000.0  2114.500
 3005.0  2125.375
 3010.0  2136.056
 3015.0  2146.831
 3020.0  2157.306
 3025.0  2167.084
 3030.0  2175.770
 3035.0  2182.968
 3040.0  2188.282
 3045.0  2191.919
 3050.0  2194.614
 3055.0  2196.759
 3060.0  2198.748
 3065.0  2200.972
 3070.0  2203.826
 3075.0  2207.703
 3080.0  2214.362
 3085.0  2224.606
 3090.0  2237.384
 3095.0  2251.647
 3100.0  2266.347
 3105.0  2280.435
 3110.0  2292.861
 3115.0  2303.904
 3120.0  2314.602
 3125.0  2325.044
 3130.0  2335.320
 3135.0  2345.520
 3140.0  2355.733
 3145.0  2366.049
 3150.0  2377.146
 3155.0  2389.172
 3160.0  2401.418
 3165.0  2413.175
 3170.0  2423.734
 3175.0  2432.387
 3180.0  2438.424
 3185.0  2442.331
 3190.0  2445.305
 3195.0  2447.696
 3200.0  2449.860
 3205.0  2452.149
 3210.0  2454.915
 3215.0  2458.513
 3220.0  2463.875
 3225.0  2471.187
 3230.0  2479.680
 3235.0  2488.587
 3240.0  2497.140
 3245.0  2504.571
 3250.0  2510.113
 3255.0  2514.162
 3260.0  2517.701
 3265.0  2520.841
 3270.0  2523.694
 3275.0  2526.372
 3280.0  2528.987
 3285.0  2531.649
 3290.0  2534.312
 3295.0  2536.868
 3300.0  2539.337
 3305.0  2541.739
 3310.0  2544.095
 3315.0  2546.426
 3320.0  2548.751
 3325.0  2551.324
 3330.0  2554.211
 3335.0  2557.155
 3340.0  2559.897
 3345.0  2562.180
 3350.0  2563.745
 3355.0  2564.334
 3360.0  2564.347
 3365.0  2564.356
 3370.0  2564.362
 3375.0  2564.367
 3380.0  2564.372
 3385.0  2564.379
 3390.0  2564.390
 3395.0  2564.406
 3400.0  2564.428
 3405.0  2564.457
 3410.0  2564.494
 3415.0  2564.543
 3420.0  2564.603
 3425.0  2564.676
 3430.0  2565.783
 3435.0  2568.509
 3440.0  2572.201
 3445.0  2576.208
 3450.0  2579.878
 3455.0  2582.558
 3460.0  2583.596
 3465.0  2583.329
 3470.0  2582.504
 3475.0  2581.086
 3480.0  2579.038
 3485.0  2576.326
 3490.0  2572.912
 3495.0  2568.762
 3500.0  2563.840
 3505.0  2281.221
 3510.0  2276.712
 3515.0  2272.629
 3520.0  2269.051
 3525.0  2266.058
 3530.0  2263.730
 3535.0  2261.939
 3540.0  2260.447
 3545.0  2259.171
 3550.0  2258.025
 3555.0  2256.926
 3560.0  2255.789
 3565.0  2254.530
 3570.0  2253.242
 3575.0  2252.029
 3580.0  2250.827
 3585.0  2249.572
 3590.0  2248.201
 3595.0  2246.649
 3600.0  2244.853
 3605.0  2242.679
 3610.0  2240.069
 3615.0  2237.069
 3620.0  2233.725
 3625.0  2230.083
 3630.0  2226.190
 3635.0  2222.091
