 2865.0  1603.839
 2870.0  1629.101
 2875.0  1654.707
 2880.0  1680.651
 2885.0  1706.926
 2890.0  1733.527
 2895.0  1760.446
 2900.0  1787.679
 2905.0  1816.096
 2910.0  1846.002
 2915.0  1876.543
 2920.0  1906.864
 2925.0  1936.110
 2930.0  1963.428
 2935.0  1987.963
 2940.0  2010.729
 2945.0  2033.008
 2950.0  2054.345
 2955.0  2074.286
 2960.0  2092.375
 2965.0  2108.157
 2970.0  2121.178
 2975.0  2131.761
 2980.0  2140.827
 2985.0  2148.815
 2990.0  2156.163
 2995.0  2163.313
 3000.0  2170.702
 3005.0  2178.771
 3010.0  2187.284
 3015.0  2195.775
 3020.0  2204.337
 3025.0  2213.061
 3030.0  2222.041
 3035.0  2231.367
 3040.0  2241.134
 3045.0  2251.534
 3050.0  2262.582
 3055.0  2274.096
 3060.0  2285.897
 3065.0  2297.802
 3070.0  2309.632
 3075.0  2321.205
 3080.0  2332.835
 3085.0  2344.785
 3090.0  2356.804
 3095.0  2368.640
 3100.0  2380.041
 3105.0  2390.754
 3110.0  2400.528
 3115.0  2409.291
 3120.0  2417.308
 3125.0  2424.827
 3130.0  2432.099
 3135.0  2439.374
 3140.0  2446.902
 3145.0  2454.934
 3150.0  2463.436
 3155.0  2472.186
 3160.0  2481.147
 3165.0  2490.281
 3170.0  2499.551
 3175.0  2508.920
 3180.0  2518.352
 3185.0  2528.205
 3190.0  2538.637
 3195.0  2549.305
 3200.0  2559.866
 3205.0  2569.977
 3210.0  2579.298
 3215.0  2587.484
 3220.0  2594.661
 3225.0  2601.264
 3230.0  2607.411
 3235.0  2613.223
 3240.0  2618.820
 3245.0  2624.321
 3250.0  2629.847
 3255.0  2635.476
 3260.0  2641.132
 3265.0  2646.709
 3270.0  2652.098
 3275.0  2657.191
 3280.0  2661.881
 3285.0  2666.059
 3290.0  2669.881
 3295.0  2673.546
 3300.0  2677.006
 3305.0  2680.213
 3310.0  2683.119
 3315.0  2685.677
 3320.0  2687.840
 3325.0  2689.619
 3330.0  2691.122
 3335.0  2692.441
 3340.0  2693.672
 3345.0  2694.908
 3350.0  2696.244
 3355.0  2697.773
 3360.0  2699.516
 3365.0  2701.404
 3370.0  2703.400
 3375.0  2705.467
 3380.0  2707.568
 3385.0  2709.666
 3390.0  2711.723
 3395.0  2714.010
 3400.0  2716.647
 3405.0  2719.379
 3410.0  2721.950
 3415.0  2724.104
 3420.0  2725.584
 3425.0  2726.134
 3430.0  2725.715
 3435.0  2724.618
 3440.0  2723.084
 3445.0  2721.352
 3450.0  2719.663
 3455.0  2718.258
 3460.0  2717.375
 3465.0  2716.845
 3470.0  2716.346
 3475.0  2715.896
 3480.0  2715.515
 3485.0  2715.221
 3490.0  2715.030
 3495.0  2714.963
 3500.0  2715.036
 3505.0  2418.388
 3510.0  2415.919
 3515.0  2413.525
 3520.0  2411.208
 3525.0  2408.974
 3530.0  2406.825
 3535.0  2404.584
 3540.0  2402.181
 3545.0  2399.786
 3550.0  2397.567
 3555.0  2395.693
 3560.0  2394.330
 3565.0  2393.649
 3570.0  2393.417
 3575.0  2393.267
 3580.0  2393.166
 3585.0  2393.079
 3590.0  2392.974
 3595.0  2392.816
 3600.0  2392.572
 3605.0  2391.332
 3610.0  2388.393
 3615.0  2384.032
 3620.0  2378.525
 3625.0  2372.147
 3630.0  2365.176
 3635.0  2357.888
