 2865.0  1191.471
 2870.0  1233.034
 2875.0  1272.446
 2880.0  1309.107
 2885.0  1342.417
 2890.0  1371.776
 2895.0  1396.585
 2900.0  1416.244
 2905.0  1431.550
 2910.0  1444.236
 2915.0  1455.104
 2920.0  1464.953
 2925.0  1474.587
 2930.0  1484.807
 2935.0  1496.415
 2940.0  1509.836
 2945.0  1524.523
 2950.0  1539.818
 2955.0  1555.060
 2960.0  1569.591
 2965.0  1582.752
 2970.0  1593.884
 2975.0  1603.110
 2980.0  1611.233
 2985.0  1618.603
 2990.0  1625.574
 2995.0  1632.498
 3000.0  1639.729
 3005.0  1647.618
 3010.0  1656.737
 3015.0  1666.972
 3020.0  1677.656
 3025.0  1688.116
 3030.0  1697.684
 3035.0  1705.690
 3040.0  1711.463
 3045.0  1715.305
 3050.0  1718.214
 3055.0  1720.568
 3060.0  1722.743
 3065.0  1725.116
 3070.0  1728.063
 3075.0  1731.963
 3080.0  1737.988
 3085.0  1746.543
 3090.0  1756.849
 3095.0  1768.127
 3100.0  1779.597
 3105.0  1790.482
 3110.0  1800.001
 3115.0  1808.341
 3120.0  1816.278
 3125.0  1823.922
 3130.0  1831.379
 3135.0  1838.761
 3140.0  1846.174
 3145.0  1853.729
 3150.0  1861.413
 3155.0  1869.128
 3160.0  1876.846
 3165.0  1884.544
 3170.0  1892.195
 3175.0  1899.774
 3180.0  1907.256
 3185.0  1914.888
 3190.0  1922.774
 3195.0  1930.680
 3200.0  1938.368
 3205.0  1945.603
 3210.0  1952.148
 3215.0  1957.767
 3220.0  1962.555
 3225.0  1966.847
 3230.0  1970.767
 3235.0  1974.436
 3240.0  1977.981
 3245.0  1981.522
 3250.0  1985.185
 3255.0  1988.980
 3260.0  1992.801
 3265.0  1996.598
 3270.0  2000.322
 3275.0  2003.923
 3280.0  2007.349
 3285.0  2010.552
 3290.0  2013.614
 3295.0  2016.621
 3300.0  2019.527
 3305.0  2022.287
 3310.0  2024.857
 3315.0  2027.190
 3320.0  2029.241
 3325.0  2030.965
 3330.0  2032.420
 3335.0  2033.717
 3340.0  2034.966
 3345.0  2036.277
 3350.0  2037.760
 3355.0  2039.526
 3360.0  2042.068
 3365.0  2045.496
 3370.0  2049.345
 3375.0  2053.149
 3380.0  2056.442
 3385.0  2058.759
 3390.0  2059.635
 3395.0  2059.565
 3400.0  2059.385
 3405.0  2059.139
 3410.0  2058.871
 3415.0  2058.625
 3420.0  2058.446
 3425.0  2058.376
 3430.0  2058.596
 3435.0  2059.163
 3440.0  2059.938
 3445.0  2060.783
 3450.0  2061.559
 3455.0  2062.126
 3460.0  2062.346
 3465.0  2062.272
 3470.0  2062.047
 3475.0  2061.671
 3480.0  2061.141
 3485.0  2060.456
 3490.0  2059.612
 3495.0  2058.608
 3500.0  2057.442
 3505.0  1849.724
 3510.0  1847.466
 3515.0  1845.233
 3520.0  1843.025
 3525.0  1840.844
 3530.0  1838.690
 3535.0  1836.492
 3540.0  1834.224
 3545.0  1831.958
 3550.0  1829.762
 3555.0  1827.706
 3560.0  1825.860
 3565.0  1824.293
 3570.0  1823.031
 3575.0  1821.990
 3580.0  1821.077
 3585.0  1820.198
 3590.0  1819.261
 3595.0  1818.171
 3600.0  1816.837
 3605.0  1815.175
 3610.0  1813.187
 3615.0  1810.909
 3620.0  1808.373
 3625.0  1805.615
 3630.0  1802.667
 3635.0  1799.565
