 2865.0  1552.410
 2870.0  1586.442
 2875.0  1619.671
 2880.0  1652.058
 2885.0  1683.565
 2890.0  1714.153
 2895.0  1743.784
 2900.0  1772.419
 2905.0  1800.296
 2910.0  1827.588
 2915.0  1854.161
 2920.0  1879.879
 2925.0  1904.607
 2930.0  1928.211
 2935.0  1950.554
 2940.0  1972.292
 2945.0  1993.856
 2950.0  2014.776
 2955.0  2034.582
 2960.0  2052.805
 2965.0  2068.973
 2970.0  2082.617
 2975.0  2094.020
 2980.0  2104.023
 2985.0  2112.995
 2990.0  2121.302
 2995.0  2129.313
 3000.0  2137.394
 3005.0  2145.914
 3010.0  2154.603
 3015.0  2163.047
 3020.0  2171.391
 3025.0  2179.785
 3030.0  2188.374
 3035.0  2197.307
 3040.0  2206.730
 3045.0  2217.098
 3050.0  2228.456
 3055.0  2240.342
 3060.0  2252.293
 3065.0  2263.846
 3070.0  2274.536
 3075.0  2283.902
 3080.0  2291.847
 3085.0  2298.839
 3090.0  2305.257
 3095.0  2311.479
 3100.0  2317.886
 3105.0  2324.856
 3110.0  2332.770
 3115.0  2342.022
 3120.0  2352.490
 3125.0  2363.774
 3130.0  2375.474
 3135.0  2387.192
 3140.0  2398.527
 3145.0  2409.081
 3150.0  2419.101
 3155.0  2429.036
 3160.0  2438.790
 3165.0  2448.269
 3170.0  2457.376
 3175.0  2466.016
 3180.0  2474.094
 3185.0  2481.663
 3190.0  2488.868
 3195.0  2495.747
 3200.0  2502.340
 3205.0  2508.685
 3210.0  2514.823
 3215.0  2520.791
 3220.0  2526.652
 3225.0  2532.409
 3230.0  2538.008
 3235.0  2543.397
 3240.0  2548.523
 3245.0  2553.332
 3250.0  2557.771
 3255.0  2561.797
 3260.0  2565.473
 3265.0  2568.912
 3270.0  2572.225
 3275.0  2575.526
 3280.0  2578.925
 3285.0  2582.534
 3290.0  2586.609
 3295.0  2591.138
 3300.0  2595.832
 3305.0  2600.404
 3310.0  2604.564
 3315.0  2608.025
 3320.0  2610.499
 3325.0  2612.142
 3330.0  2613.402
 3335.0  2614.427
 3340.0  2615.364
 3345.0  2616.362
 3350.0  2617.567
 3355.0  2619.127
 3360.0  2621.701
 3365.0  2625.462
 3370.0  2629.834
 3375.0  2634.239
 3380.0  2638.101
 3385.0  2640.841
 3390.0  2641.882
 3395.0  2640.775
 3400.0  2637.918
 3405.0  2634.013
 3410.0  2629.757
 3415.0  2625.851
 3420.0  2622.995
 3425.0  2621.887
 3430.0  2622.594
 3435.0  2624.416
 3440.0  2626.908
 3445.0  2629.623
 3450.0  2632.115
 3455.0  2633.938
 3460.0  2634.644
 3465.0  2634.345
 3470.0  2633.455
 3475.0  2631.986
 3480.0  2629.949
 3485.0  2627.357
 3490.0  2624.221
 3495.0  2620.552
 3500.0  2616.363
 3505.0  2360.526
 3510.0  2359.029
 3515.0  2357.266
 3520.0  2355.286
 3525.0  2353.139
 3530.0  2350.874
 3535.0  2348.142
 3540.0  2344.704
 3545.0  2340.779
 3550.0  2336.583
 3555.0  2332.334
 3560.0  2328.249
 3565.0  2324.547
 3570.0  2321.215
 3575.0  2318.052
 3580.0  2314.989
 3585.0  2311.958
 3590.0  2308.891
 3595.0  2305.720
 3600.0  2302.377
 3605.0  2298.872
 3610.0  2295.266
 3615.0  2291.560
 3620.0  2287.760
 3625.0  2283.868
 3630.0  2279.887
 3635.0  2275.822
