 2865.0  1712.836
 2870.0  1746.307
 2875.0  1778.869
 2880.0  1810.469
 2885.0  1841.055
 2890.0  1870.574
 2895.0  1898.972
 2900.0  1926.195
 2905.0  1952.544
 2910.0  1978.246
 2915.0  2003.146
 2920.0  2027.086
 2925.0  2049.909
 2930.0  2071.459
 2935.0  2091.579
 2940.0  2110.560
 2945.0  2128.763
 2950.0  2146.136
 2955.0  2162.628
 2960.0  2178.186
 2965.0  2192.759
 2970.0  2206.294
 2975.0  2218.908
 2980.0  2230.797
 2985.0  2242.028
 2990.0  2252.667
 2995.0  2262.779
 3000.0  2272.433
 3005.0  2281.693
 3010.0  2290.253
 3015.0  2297.997
 3020.0  2305.273
 3025.0  2312.431
 3030.0  2319.819
 3035.0  2327.787
 3040.0  2336.683
 3045.0  2346.860
 3050.0  2358.203
 3055.0  2370.366
 3060.0  2383.002
 3065.0  2395.763
 3070.0  2408.303
 3075.0  2420.273
 3080.0  2432.054
 3085.0  2444.085
 3090.0  2456.103
 3095.0  2467.847
 3100.0  2479.055
 3105.0  2489.466
 3110.0  2498.817
 3115.0  2506.948
 3120.0  2514.122
 3125.0  2520.718
 3130.0  2527.113
 3135.0  2533.685
 3140.0  2540.813
 3145.0  2548.873
 3150.0  2558.334
 3155.0  2569.092
 3160.0  2580.667
 3165.0  2592.580
 3170.0  2604.352
 3175.0  2615.505
 3180.0  2625.559
 3185.0  2634.956
 3190.0  2644.310
 3195.0  2653.396
 3200.0  2661.991
 3205.0  2669.871
 3210.0  2676.812
 3215.0  2682.591
 3220.0  2687.291
 3225.0  2691.296
 3230.0  2694.830
 3235.0  2698.117
 3240.0  2701.382
 3245.0  2704.848
 3250.0  2708.741
 3255.0  2713.063
 3260.0  2717.628
 3265.0  2722.374
 3270.0  2727.241
 3275.0  2732.169
 3280.0  2737.096
 3285.0  2741.961
 3290.0  2747.160
 3295.0  2752.877
 3300.0  2758.739
 3305.0  2764.373
 3310.0  2769.403
 3315.0  2773.456
 3320.0  2776.158
 3325.0  2777.847
 3330.0  2779.183
 3335.0  2780.277
 3340.0  2781.238
 3345.0  2782.176
 3350.0  2783.202
 3355.0  2784.425
 3360.0  2785.924
 3365.0  2787.633
 3370.0  2789.447
 3375.0  2791.258
 3380.0  2792.960
 3385.0  2794.448
 3390.0  2795.613
 3395.0  2796.596
 3400.0  2797.568
 3405.0  2798.480
 3410.0  2799.279
 3415.0  2799.914
 3420.0  2800.333
 3425.0  2800.484
 3430.0  2800.304
 3435.0  2799.826
 3440.0  2799.141
 3445.0  2798.338
 3450.0  2797.508
 3455.0  2796.741
 3460.0  2796.129
 3465.0  2795.633
 3470.0  2795.157
 3475.0  2794.703
 3480.0  2794.273
 3485.0  2793.870
 3490.0  2793.496
 3495.0  2793.153
 3500.0  2792.844
 3505.0  2465.248
 3510.0  2459.650
 3515.0  2454.808
 3520.0  2450.959
 3525.0  2448.340
 3530.0  2447.187
 3535.0  2446.867
 3540.0  2446.592
 3545.0  2446.363
 3550.0  2446.182
 3555.0  2446.051
 3560.0  2445.971
 3565.0  2445.944
 3570.0  2446.284
 3575.0  2447.162
 3580.0  2448.362
 3585.0  2449.669
 3590.0  2450.869
 3595.0  2451.747
 3600.0  2452.087
 3605.0  2451.273
 3610.0  2448.970
 3615.0  2445.383
 3620.0  2440.719
 3625.0  2435.186
 3630.0  2428.988
 3635.0  2422.334
