 2865.0  1741.629
 2870.0  1774.568
 2875.0  1806.733
 2880.0  1838.089
 2885.0  1868.597
 2890.0  1898.221
 2895.0  1926.924
 2900.0  1954.669
 2905.0  1981.758
 2910.0  2008.382
 2915.0  2034.337
 2920.0  2059.420
 2925.0  2083.427
 2930.0  2106.155
 2935.0  2127.400
 2940.0  2147.579
 2945.0  2167.130
 2950.0  2185.882
 2955.0  2203.663
 2960.0  2220.304
 2965.0  2235.632
 2970.0  2249.477
 2975.0  2261.844
 2980.0  2273.054
 2985.0  2283.412
 2990.0  2293.224
 2995.0  2302.793
 3000.0  2312.427
 3005.0  2322.429
 3010.0  2332.852
 3015.0  2343.443
 3020.0  2354.047
 3025.0  2364.513
 3030.0  2374.684
 3035.0  2384.407
 3040.0  2393.530
 3045.0  2401.786
 3050.0  2409.255
 3055.0  2416.303
 3060.0  2423.292
 3065.0  2430.586
 3070.0  2438.549
 3075.0  2447.544
 3080.0  2458.311
 3085.0  2470.895
 3090.0  2484.616
 3095.0  2498.791
 3100.0  2512.741
 3105.0  2525.784
 3110.0  2537.240
 3115.0  2547.239
 3120.0  2556.503
 3125.0  2565.233
 3130.0  2573.630
 3135.0  2581.897
 3140.0  2590.236
 3145.0  2598.848
 3150.0  2607.645
 3155.0  2616.415
 3160.0  2625.183
 3165.0  2633.970
 3170.0  2642.798
 3175.0  2651.691
 3180.0  2660.669
 3185.0  2670.026
 3190.0  2679.839
 3195.0  2689.810
 3200.0  2699.642
 3205.0  2709.037
 3210.0  2717.696
 3215.0  2725.322
 3220.0  2732.034
 3225.0  2738.218
 3230.0  2743.979
 3235.0  2749.420
 3240.0  2754.645
 3245.0  2759.759
 3250.0  2764.865
 3255.0  2770.014
 3260.0  2775.139
 3265.0  2780.166
 3270.0  2785.022
 3275.0  2789.634
 3280.0  2793.929
 3285.0  2797.834
 3290.0  2801.418
 3295.0  2804.807
 3300.0  2808.005
 3305.0  2811.019
 3310.0  2813.855
 3315.0  2816.520
 3320.0  2819.019
 3325.0  2821.403
 3330.0  2823.702
 3335.0  2825.894
 3340.0  2827.955
 3345.0  2829.861
 3350.0  2831.589
 3355.0  2833.116
 3360.0  2834.417
 3365.0  2835.530
 3370.0  2836.527
 3375.0  2837.479
 3380.0  2838.458
 3385.0  2839.533
 3390.0  2840.778
 3395.0  2842.458
 3400.0  2844.615
 3405.0  2846.980
 3410.0  2849.285
 3415.0  2851.264
 3420.0  2852.647
 3425.0  2853.168
 3430.0  2852.629
 3435.0  2851.241
 3440.0  2849.342
 3445.0  2847.273
 3450.0  2845.374
 3455.0  2843.985
 3460.0  2843.447
 3465.0  2843.456
 3470.0  2843.520
 3475.0  2843.696
 3480.0  2844.037
 3485.0  2844.600
 3490.0  2845.440
 3495.0  2846.612
 3500.0  2848.172
 3505.0  2514.828
 3510.0  2506.419
 3515.0  2499.418
 3520.0  2494.090
 3525.0  2490.700
 3530.0  2489.511
 3535.0  2490.251
 3540.0  2492.182
 3545.0  2494.873
 3550.0  2497.892
 3555.0  2500.806
 3560.0  2503.183
 3565.0  2504.591
 3570.0  2505.349
 3575.0  2506.049
 3580.0  2506.668
 3585.0  2507.187
 3590.0  2507.583
 3595.0  2507.837
 3600.0  2507.926
 3605.0  2507.100
 3610.0  2504.774
 3615.0  2501.175
 3620.0  2496.530
 3625.0  2491.068
 3630.0  2485.014
 3635.0  2478.598
