 2865.0  1770.794
 2870.0  1802.904
 2875.0  1834.383
 2880.0  1865.209
 2885.0  1895.358
 2890.0  1924.806
 2895.0  1953.529
 2900.0  1981.505
 2905.0  2008.583
 2910.0  2034.773
 2915.0  2060.286
 2920.0  2085.334
 2925.0  2110.128
 2930.0  2134.881
 2935.0  2159.804
 2940.0  2186.618
 2945.0  2215.708
 2950.0  2245.285
 2955.0  2273.561
 2960.0  2298.748
 2965.0  2319.055
 2970.0  2332.695
 2975.0  2341.349
 2980.0  2348.246
 2985.0  2353.919
 2990.0  2358.898
 2995.0  2363.716
 3000.0  2368.904
 3005.0  2374.994
 3010.0  2381.750
 3015.0  2388.637
 3020.0  2395.738
 3025.0  2403.136
 3030.0  2410.916
 3035.0  2419.159
 3040.0  2427.950
 3045.0  2437.711
 3050.0  2448.582
 3055.0  2460.223
 3060.0  2472.296
 3065.0  2484.460
 3070.0  2496.376
 3075.0  2507.704
 3080.0  2518.637
 3085.0  2529.544
 3090.0  2540.350
 3095.0  2550.984
 3100.0  2561.372
 3105.0  2571.441
 3110.0  2581.117
 3115.0  2590.153
 3120.0  2598.548
 3125.0  2606.603
 3130.0  2614.614
 3135.0  2622.880
 3140.0  2631.700
 3145.0  2641.373
 3150.0  2652.782
 3155.0  2666.024
 3160.0  2680.220
 3165.0  2694.489
 3170.0  2707.951
 3175.0  2719.727
 3180.0  2728.936
 3185.0  2735.897
 3190.0  2741.759
 3195.0  2746.889
 3200.0  2751.650
 3205.0  2756.407
 3210.0  2761.526
 3215.0  2767.371
 3220.0  2774.199
 3225.0  2781.801
 3230.0  2789.840
 3235.0  2797.982
 3240.0  2805.891
 3245.0  2813.230
 3250.0  2819.665
 3255.0  2825.556
 3260.0  2831.378
 3265.0  2836.960
 3270.0  2842.133
 3275.0  2846.728
 3280.0  2850.576
 3285.0  2853.506
 3290.0  2855.645
 3295.0  2857.340
 3300.0  2858.751
 3305.0  2860.039
 3310.0  2861.365
 3315.0  2862.890
 3320.0  2864.775
 3325.0  2867.190
 3330.0  2870.094
 3335.0  2873.329
 3340.0  2876.740
 3345.0  2880.167
 3350.0  2883.455
 3355.0  2886.446
 3360.0  2889.481
 3365.0  2892.817
 3370.0  2896.176
 3375.0  2899.276
 3380.0  2901.837
 3385.0  2903.579
 3390.0  2904.222
 3395.0  2904.135
 3400.0  2903.912
 3405.0  2903.605
 3410.0  2903.272
 3415.0  2902.966
 3420.0  2902.742
 3425.0  2902.655
 3430.0  2903.161
 3435.0  2904.466
 3440.0  2906.251
 3445.0  2908.196
 3450.0  2909.980
 3455.0  2911.285
 3460.0  2911.791
 3465.0  2911.726
 3470.0  2911.507
 3475.0  2911.097
 3480.0  2910.460
 3485.0  2909.559
 3490.0  2908.358
 3495.0  2906.821
 3500.0  2904.911
 3505.0  2567.908
 3510.0  2561.819
 3515.0  2556.671
 3520.0  2552.702
 3525.0  2550.147
 3530.0  2549.242
 3535.0  2549.513
 3540.0  2550.221
 3545.0  2551.213
 3550.0  2552.336
 3555.0  2553.436
 3560.0  2554.359
 3565.0  2554.952
 3570.0  2555.323
 3575.0  2555.675
 3580.0  2555.994
 3585.0  2556.266
 3590.0  2556.477
 3595.0  2556.614
 3600.0  2556.663
 3605.0  2555.790
 3610.0  2553.340
 3615.0  2549.564
 3620.0  2544.713
 3625.0  2539.039
 3630.0  2532.792
 3635.0  2526.224
