 2865.0  1679.316
 2870.0  1704.649
 2875.0  1730.245
 2880.0  1756.100
 2885.0  1782.210
 2890.0  1808.571
 2895.0  1835.179
 2900.0  1862.032
 2905.0  1889.924
 2910.0  1919.130
 2915.0  1948.864
 2920.0  1978.340
 2925.0  2006.772
 2930.0  2033.374
 2935.0  2057.361
 2940.0  2079.267
 2945.0  2100.140
 2950.0  2119.966
 2955.0  2138.729
 2960.0  2156.415
 2965.0  2173.008
 2970.0  2188.493
 2975.0  2203.057
 2980.0  2216.899
 2985.0  2230.019
 2990.0  2242.420
 2995.0  2254.105
 3000.0  2265.075
 3005.0  2275.332
 3010.0  2284.724
 3015.0  2293.278
 3020.0  2301.266
 3025.0  2308.960
 3030.0  2316.633
 3035.0  2324.556
 3040.0  2333.002
 3045.0  2341.815
 3050.0  2350.707
 3055.0  2359.758
 3060.0  2369.043
 3065.0  2378.639
 3070.0  2388.623
 3075.0  2399.074
 3080.0  2410.622
 3085.0  2423.448
 3090.0  2436.951
 3095.0  2450.528
 3100.0  2463.578
 3105.0  2475.498
 3110.0  2485.686
 3115.0  2494.184
 3120.0  2501.668
 3125.0  2508.491
 3130.0  2515.008
 3135.0  2521.572
 3140.0  2528.536
 3145.0  2536.254
 3150.0  2544.914
 3155.0  2554.292
 3160.0  2564.128
 3165.0  2574.165
 3170.0  2584.140
 3175.0  2593.796
 3180.0  2602.871
 3185.0  2611.400
 3190.0  2619.638
 3195.0  2627.654
 3200.0  2635.522
 3205.0  2643.312
 3210.0  2651.097
 3215.0  2658.947
 3220.0  2667.153
 3225.0  2675.751
 3230.0  2684.424
 3235.0  2692.858
 3240.0  2700.739
 3245.0  2707.752
 3250.0  2713.581
 3255.0  2718.284
 3260.0  2722.291
 3265.0  2725.842
 3270.0  2729.181
 3275.0  2732.550
 3280.0  2736.191
 3285.0  2740.347
 3290.0  2745.761
 3295.0  2752.493
 3300.0  2759.759
 3305.0  2766.775
 3310.0  2772.758
 3315.0  2776.922
 3320.0  2778.484
 3325.0  2778.240
 3330.0  2777.610
 3335.0  2776.748
 3340.0  2775.810
 3345.0  2774.948
 3350.0  2774.318
 3355.0  2774.074
 3360.0  2775.019
 3365.0  2777.524
 3370.0  2781.100
 3375.0  2785.255
 3380.0  2789.498
 3385.0  2793.338
 3390.0  2796.284
 3395.0  2798.715
 3400.0  2801.228
 3405.0  2803.658
 3410.0  2805.837
 3415.0  2807.600
 3420.0  2808.780
 3425.0  2809.210
 3430.0  2809.155
 3435.0  2809.005
 3440.0  2808.784
 3445.0  2808.515
 3450.0  2808.220
 3455.0  2807.922
 3460.0  2807.646
 3465.0  2807.379
 3470.0  2807.097
 3475.0  2806.802
 3480.0  2806.492
 3485.0  2806.171
 3490.0  2805.837
 3495.0  2805.493
 3500.0  2805.139
 3505.0  2475.828
 3510.0  2473.005
 3515.0  2470.535
 3520.0  2468.517
 3525.0  2467.049
 3530.0  2466.230
 3535.0  2465.789
 3540.0  2465.399
 3545.0  2465.066
 3550.0  2464.795
 3555.0  2464.594
 3560.0  2464.468
 3565.0  2464.425
 3570.0  2464.740
 3575.0  2465.552
 3580.0  2466.661
 3585.0  2467.871
 3590.0  2468.980
 3595.0  2469.792
 3600.0  2470.107
 3605.0  2469.430
 3610.0  2467.513
 3615.0  2464.524
 3620.0  2460.630
 3625.0  2455.999
 3630.0  2450.801
 3635.0  2445.202
