 2865.0  1668.643
 2870.0  1710.998
 2875.0  1751.617
 2880.0  1790.290
 2885.0  1826.807
 2890.0  1860.959
 2895.0  1892.536
 2900.0  1921.328
 2905.0  1947.619
 2910.0  1972.019
 2915.0  1994.802
 2920.0  2016.241
 2925.0  2036.611
 2930.0  2056.187
 2935.0  2075.243
 2940.0  2093.813
 2945.0  2111.738
 2950.0  2129.002
 2955.0  2145.588
 2960.0  2161.479
 2965.0  2176.660
 2970.0  2191.114
 2975.0  2204.876
 2980.0  2218.034
 2985.0  2230.649
 2990.0  2242.783
 2995.0  2254.497
 3000.0  2265.853
 3005.0  2276.912
 3010.0  2287.620
 3015.0  2297.931
 3020.0  2307.913
 3025.0  2317.637
 3030.0  2327.173
 3035.0  2336.589
 3040.0  2345.955
 3045.0  2355.140
 3050.0  2364.041
 3055.0  2372.775
 3060.0  2381.458
 3065.0  2390.205
 3070.0  2399.133
 3075.0  2408.356
 3080.0  2417.801
 3085.0  2427.346
 3090.0  2437.035
 3095.0  2446.911
 3100.0  2457.019
 3105.0  2467.403
 3110.0  2478.106
 3115.0  2489.500
 3120.0  2501.688
 3125.0  2514.309
 3130.0  2527.004
 3135.0  2539.413
 3140.0  2551.177
 3145.0  2561.936
 3150.0  2571.905
 3155.0  2581.521
 3160.0  2590.761
 3165.0  2599.598
 3170.0  2608.007
 3175.0  2615.965
 3180.0  2623.445
 3185.0  2630.372
 3190.0  2636.788
 3195.0  2642.843
 3200.0  2648.687
 3205.0  2654.473
 3210.0  2660.350
 3215.0  2666.468
 3220.0  2672.788
 3225.0  2679.162
 3230.0  2685.581
 3235.0  2692.039
 3240.0  2698.525
 3245.0  2705.033
 3250.0  2711.554
 3255.0  2718.519
 3260.0  2726.080
 3265.0  2733.808
 3270.0  2741.275
 3275.0  2748.053
 3280.0  2753.715
 3285.0  2757.833
 3290.0  2760.746
 3295.0  2763.170
 3300.0  2765.239
 3305.0  2767.086
 3310.0  2768.843
 3315.0  2770.644
 3320.0  2772.622
 3325.0  2774.726
 3330.0  2776.821
 3335.0  2778.913
 3340.0  2781.009
 3345.0  2783.116
 3350.0  2785.239
 3355.0  2787.387
 3360.0  2789.836
 3365.0  2792.671
 3370.0  2795.615
 3375.0  2798.389
 3380.0  2800.716
 3385.0  2802.315
 3390.0  2802.911
 3395.0  2802.669
 3400.0  2802.047
 3405.0  2801.197
 3410.0  2800.270
 3415.0  2799.420
 3420.0  2798.798
 3425.0  2798.556
 3430.0  2798.832
 3435.0  2799.543
 3440.0  2800.514
 3445.0  2801.573
 3450.0  2802.544
 3455.0  2803.255
 3460.0  2803.531
 3465.0  2803.370
 3470.0  2802.900
 3475.0  2802.139
 3480.0  2801.104
 3485.0  2799.813
 3490.0  2798.283
 3495.0  2796.533
 3500.0  2794.580
 3505.0  2506.640
 3510.0  2505.477
 3515.0  2504.252
 3520.0  2502.968
 3525.0  2501.630
 3530.0  2500.244
 3535.0  2498.831
 3540.0  2497.390
 3545.0  2495.884
 3550.0  2494.278
 3555.0  2492.538
 3560.0  2490.626
 3565.0  2488.508
 3570.0  2486.007
 3575.0  2483.042
 3580.0  2479.723
 3585.0  2476.161
 3590.0  2472.467
 3595.0  2468.751
 3600.0  2465.124
 3605.0  2461.544
 3610.0  2457.895
 3615.0  2454.179
 3620.0  2450.398
 3625.0  2446.553
 3630.0  2442.647
 3635.0  2438.680
