 2865.0  1747.095
 2870.0  1771.966
 2875.0  1797.277
 2880.0  1823.016
 2885.0  1849.175
 2890.0  1875.744
 2895.0  1902.712
 2900.0  1930.070
 2905.0  1958.625
 2910.0  1988.670
 2915.0  2019.425
 2920.0  2050.107
 2925.0  2079.938
 2930.0  2108.134
 2935.0  2133.917
 2940.0  2158.455
 2945.0  2182.964
 2950.0  2206.728
 2955.0  2229.030
 2960.0  2249.155
 2965.0  2266.387
 2970.0  2280.010
 2975.0  2290.672
 2980.0  2299.773
 2985.0  2307.719
 2990.0  2314.917
 2995.0  2321.775
 3000.0  2328.700
 3005.0  2336.099
 3010.0  2343.683
 3015.0  2350.995
 3020.0  2358.190
 3025.0  2365.424
 3030.0  2372.852
 3035.0  2380.630
 3040.0  2388.913
 3045.0  2397.750
 3050.0  2407.050
 3055.0  2416.760
 3060.0  2426.829
 3065.0  2437.205
 3070.0  2447.835
 3075.0  2458.668
 3080.0  2470.213
 3085.0  2482.707
 3090.0  2495.685
 3095.0  2508.682
 3100.0  2521.235
 3105.0  2532.877
 3110.0  2543.144
 3115.0  2551.919
 3120.0  2559.666
 3125.0  2566.793
 3130.0  2573.709
 3135.0  2580.821
 3140.0  2588.538
 3145.0  2597.269
 3150.0  2607.385
 3155.0  2618.730
 3160.0  2630.925
 3165.0  2643.587
 3170.0  2656.337
 3175.0  2668.793
 3180.0  2680.575
 3185.0  2692.028
 3190.0  2703.610
 3195.0  2715.111
 3200.0  2726.321
 3205.0  2737.030
 3210.0  2747.028
 3215.0  2756.104
 3220.0  2764.827
 3225.0  2773.648
 3230.0  2782.178
 3235.0  2790.028
 3240.0  2796.811
 3245.0  2802.138
 3250.0  2805.619
 3255.0  2807.683
 3260.0  2809.166
 3265.0  2810.298
 3270.0  2811.307
 3275.0  2812.423
 3280.0  2813.873
 3285.0  2815.887
 3290.0  2819.446
 3295.0  2824.950
 3300.0  2831.762
 3305.0  2839.241
 3310.0  2846.750
 3315.0  2853.648
 3320.0  2859.298
 3325.0  2864.286
 3330.0  2869.424
 3335.0  2874.411
 3340.0  2878.945
 3345.0  2882.725
 3350.0  2885.451
 3355.0  2886.821
 3360.0  2887.310
 3365.0  2887.636
 3370.0  2887.862
 3375.0  2888.054
 3380.0  2888.275
 3385.0  2888.589
 3390.0  2889.060
 3395.0  2890.508
 3400.0  2893.323
 3405.0  2896.927
 3410.0  2900.739
 3415.0  2904.179
 3420.0  2906.668
 3425.0  2907.627
 3430.0  2906.975
 3435.0  2905.292
 3440.0  2902.992
 3445.0  2900.485
 3450.0  2898.185
 3455.0  2896.502
 3460.0  2895.850
 3465.0  2896.200
 3470.0  2897.228
 3475.0  2898.901
 3480.0  2901.187
 3485.0  2904.051
 3490.0  2907.462
 3495.0  2911.387
 3500.0  2915.792
 3505.0  2573.141
 3510.0  2567.173
 3515.0  2562.019
 3520.0  2557.936
 3525.0  2555.183
 3530.0  2554.016
 3535.0  2553.748
 3540.0  2553.518
 3545.0  2553.327
 3550.0  2553.177
 3555.0  2553.068
 3560.0  2553.002
 3565.0  2552.980
 3570.0  2553.535
 3575.0  2554.965
 3580.0  2556.922
 3585.0  2559.053
 3590.0  2561.010
 3595.0  2562.440
 3600.0  2562.995
 3605.0  2562.106
 3610.0  2559.576
 3615.0  2555.610
 3620.0  2550.414
 3625.0  2544.193
 3630.0  2537.152
 3635.0  2529.497
