 2865.0  1514.879
 2870.0  1546.019
 2875.0  1576.418
 2880.0  1606.040
 2885.0  1634.850
 2890.0  1662.812
 2895.0  1689.889
 2900.0  1716.045
 2905.0  1741.678
 2910.0  1767.007
 2915.0  1791.731
 2920.0  1815.550
 2925.0  1838.163
 2930.0  1859.270
 2935.0  1878.569
 2940.0  1896.215
 2945.0  1912.688
 2950.0  1928.183
 2955.0  1942.892
 2960.0  1957.009
 2965.0  1970.727
 2970.0  1984.238
 2975.0  1997.494
 2980.0  2010.338
 2985.0  2022.799
 2990.0  2034.905
 2995.0  2046.686
 3000.0  2058.170
 3005.0  2069.387
 3010.0  2080.580
 3015.0  2091.820
 3020.0  2102.879
 3025.0  2113.530
 3030.0  2123.544
 3035.0  2132.695
 3040.0  2140.752
 3045.0  2147.572
 3050.0  2153.419
 3055.0  2158.684
 3060.0  2163.756
 3065.0  2169.025
 3070.0  2174.882
 3075.0  2181.715
 3080.0  2189.893
 3085.0  2199.305
 3090.0  2209.626
 3095.0  2220.532
 3100.0  2231.698
 3105.0  2242.799
 3110.0  2253.509
 3115.0  2264.056
 3120.0  2274.807
 3125.0  2285.642
 3130.0  2296.441
 3135.0  2307.087
 3140.0  2317.459
 3145.0  2327.439
 3150.0  2337.431
 3155.0  2347.689
 3160.0  2357.863
 3165.0  2367.604
 3170.0  2376.564
 3175.0  2384.395
 3180.0  2390.748
 3185.0  2395.704
 3190.0  2399.788
 3195.0  2403.324
 3200.0  2406.631
 3205.0  2410.031
 3210.0  2413.844
 3215.0  2418.391
 3220.0  2424.078
 3225.0  2430.829
 3230.0  2438.247
 3235.0  2445.936
 3240.0  2453.499
 3245.0  2460.538
 3250.0  2466.656
 3255.0  2472.333
 3260.0  2478.122
 3265.0  2483.744
 3270.0  2488.916
 3275.0  2493.359
 3280.0  2496.790
 3285.0  2498.929
 3290.0  2500.129
 3295.0  2501.008
 3300.0  2501.684
 3305.0  2502.273
 3310.0  2502.895
 3315.0  2503.666
 3320.0  2504.704
 3325.0  2506.142
 3330.0  2507.984
 3335.0  2510.155
 3340.0  2512.580
 3345.0  2515.183
 3350.0  2517.888
 3355.0  2520.621
 3360.0  2523.934
 3365.0  2528.099
 3370.0  2532.620
 3375.0  2537.001
 3380.0  2540.745
 3385.0  2543.355
 3390.0  2544.336
 3395.0  2544.095
 3400.0  2543.460
 3405.0  2542.559
 3410.0  2541.520
 3415.0  2540.472
 3420.0  2539.544
 3425.0  2538.864
 3430.0  2538.396
 3435.0  2538.003
 3440.0  2537.656
 3445.0  2537.328
 3450.0  2536.993
 3455.0  2536.623
 3460.0  2536.191
 3465.0  2535.696
 3470.0  2535.154
 3475.0  2534.570
 3480.0  2533.946
 3485.0  2533.287
 3490.0  2532.595
 3495.0  2531.874
 3500.0  2531.128
 3505.0  2231.820
 3510.0  2225.633
 3515.0  2220.420
 3520.0  2216.412
 3525.0  2213.839
 3530.0  2212.930
 3535.0  2213.318
 3540.0  2214.318
 3545.0  2215.686
 3550.0  2217.175
 3555.0  2218.543
 3560.0  2219.543
 3565.0  2219.930
 3570.0  2219.778
 3575.0  2219.350
 3580.0  2218.687
 3585.0  2217.832
 3590.0  2216.828
 3595.0  2215.717
 3600.0  2214.539
 3605.0  2213.069
 3610.0  2211.091
 3615.0  2208.669
 3620.0  2205.869
 3625.0  2202.754
 3630.0  2199.390
 3635.0  2195.839
