 2865.0  1464.616
 2870.0  1484.214
 2875.0  1504.712
 2880.0  1526.068
 2885.0  1548.239
 2890.0  1571.182
 2895.0  1594.855
 2900.0  1619.215
 2905.0  1646.349
 2910.0  1677.056
 2915.0  1709.363
 2920.0  1741.298
 2925.0  1770.888
 2930.0  1796.160
 2935.0  1815.141
 2940.0  1828.854
 2945.0  1840.159
 2950.0  1849.841
 2955.0  1858.684
 2960.0  1867.474
 2965.0  1876.993
 2970.0  1888.028
 2975.0  1901.183
 2980.0  1916.023
 2985.0  1931.766
 2990.0  1947.634
 2995.0  1962.847
 3000.0  1976.626
 3005.0  1988.190
 3010.0  1997.633
 3015.0  2005.851
 3020.0  2013.276
 3025.0  2020.337
 3030.0  2027.465
 3035.0  2035.090
 3040.0  2043.641
 3045.0  2052.967
 3050.0  2062.677
 3055.0  2072.846
 3060.0  2083.550
 3065.0  2094.861
 3070.0  2106.855
 3075.0  2119.607
 3080.0  2134.928
 3085.0  2153.474
 3090.0  2173.586
 3095.0  2193.604
 3100.0  2211.869
 3105.0  2226.722
 3110.0  2236.503
 3115.0  2242.284
 3120.0  2246.611
 3125.0  2250.038
 3130.0  2253.118
 3135.0  2256.401
 3140.0  2260.442
 3145.0  2265.792
 3150.0  2273.708
 3155.0  2284.471
 3160.0  2297.164
 3165.0  2310.876
 3170.0  2324.691
 3175.0  2337.697
 3180.0  2348.978
 3185.0  2359.166
 3190.0  2369.326
 3195.0  2379.199
 3200.0  2388.524
 3205.0  2397.040
 3210.0  2404.487
 3215.0  2410.605
 3220.0  2415.367
 3225.0  2419.180
 3230.0  2422.432
 3235.0  2425.513
 3240.0  2428.812
 3245.0  2432.719
 3250.0  2437.623
 3255.0  2444.751
 3260.0  2454.409
 3265.0  2465.606
 3270.0  2477.352
 3275.0  2488.657
 3280.0  2498.531
 3285.0  2505.981
 3290.0  2511.411
 3295.0  2516.040
 3300.0  2520.112
 3305.0  2523.866
 3310.0  2527.544
 3315.0  2531.388
 3320.0  2535.639
 3325.0  2540.862
 3330.0  2547.035
 3335.0  2553.519
 3340.0  2559.675
 3345.0  2564.864
 3350.0  2568.446
 3355.0  2569.782
 3360.0  2568.524
 3365.0  2565.273
 3370.0  2560.813
 3375.0  2555.930
 3380.0  2551.405
 3385.0  2548.026
 3390.0  2546.574
 3395.0  2546.390
 3400.0  2546.271
 3405.0  2546.192
 3410.0  2546.126
 3415.0  2546.049
 3420.0  2545.934
 3425.0  2545.756
 3430.0  2544.921
 3435.0  2543.120
 3440.0  2540.752
 3445.0  2538.215
 3450.0  2535.910
 3455.0  2534.234
 3460.0  2533.587
 3465.0  2533.590
 3470.0  2533.615
 3475.0  2533.682
 3480.0  2533.811
 3485.0  2534.025
 3490.0  2534.345
 3495.0  2534.790
 3500.0  2535.383
 3505.0  2235.806
 3510.0  2232.473
 3515.0  2229.615
 3520.0  2227.384
 3525.0  2225.933
 3530.0  2225.416
 3535.0  2225.425
 3540.0  2225.452
 3545.0  2225.496
 3550.0  2225.553
 3555.0  2225.623
 3560.0  2225.703
 3565.0  2225.792
 3570.0  2225.992
 3575.0  2226.357
 3580.0  2226.817
 3585.0  2227.298
 3590.0  2227.731
 3595.0  2228.043
 3600.0  2228.163
 3605.0  2227.227
 3610.0  2224.595
 3615.0  2220.535
 3620.0  2215.312
 3625.0  2209.193
 3630.0  2202.445
 3635.0  2195.334
