 2865.0  1608.148
 2870.0  1645.793
 2875.0  1681.943
 2880.0  1716.432
 2885.0  1749.089
 2890.0  1779.746
 2895.0  1808.236
 2900.0  1834.389
 2905.0  1859.804
 2910.0  1885.425
 2915.0  1910.102
 2920.0  1932.689
 2925.0  1952.035
 2930.0  1966.992
 2935.0  1976.411
 2940.0  1981.670
 2945.0  1985.338
 2950.0  1988.060
 2955.0  1990.480
 2960.0  1993.240
 2965.0  1996.984
 2970.0  2002.355
 2975.0  2014.373
 2980.0  2035.502
 2985.0  2062.555
 2990.0  2092.344
 2995.0  2121.681
 3000.0  2147.378
 3005.0  2166.248
 3010.0  2179.817
 3015.0  2191.905
 3020.0  2202.765
 3025.0  2212.650
 3030.0  2221.812
 3035.0  2230.506
 3040.0  2238.983
 3045.0  2247.053
 3050.0  2254.486
 3055.0  2261.475
 3060.0  2268.214
 3065.0  2274.894
 3070.0  2281.710
 3075.0  2288.855
 3080.0  2296.132
 3085.0  2303.308
 3090.0  2310.516
 3095.0  2317.889
 3100.0  2325.560
 3105.0  2333.663
 3110.0  2342.332
 3115.0  2351.959
 3120.0  2362.615
 3125.0  2373.944
 3130.0  2385.590
 3135.0  2397.199
 3140.0  2408.415
 3145.0  2418.883
 3150.0  2428.794
 3155.0  2438.540
 3160.0  2448.072
 3165.0  2457.342
 3170.0  2466.299
 3175.0  2474.895
 3180.0  2483.079
 3185.0  2490.859
 3190.0  2498.309
 3195.0  2505.477
 3200.0  2512.413
 3205.0  2519.166
 3210.0  2525.787
 3215.0  2532.323
 3220.0  2538.858
 3225.0  2545.383
 3230.0  2551.809
 3235.0  2558.046
 3240.0  2564.006
 3245.0  2569.600
 3250.0  2574.739
 3255.0  2579.456
 3260.0  2583.876
 3265.0  2588.051
 3270.0  2592.034
 3275.0  2595.878
 3280.0  2599.633
 3285.0  2603.353
 3290.0  2607.047
 3295.0  2610.679
 3300.0  2614.228
 3305.0  2617.677
 3310.0  2621.008
 3315.0  2624.201
 3320.0  2627.239
 3325.0  2630.197
 3330.0  2633.128
 3335.0  2635.977
 3340.0  2638.689
 3345.0  2641.211
 3350.0  2643.486
 3355.0  2645.462
 3360.0  2647.326
 3365.0  2649.225
 3370.0  2651.043
 3375.0  2652.662
 3380.0  2653.964
 3385.0  2654.831
 3390.0  2655.146
 3395.0  2654.893
 3400.0  2654.239
 3405.0  2653.345
 3410.0  2652.371
 3415.0  2651.476
 3420.0  2650.822
 3425.0  2650.569
 3430.0  2650.574
 3435.0  2650.591
 3440.0  2650.618
 3445.0  2650.654
 3450.0  2650.698
 3455.0  2650.751
 3460.0  2650.810
 3465.0  2650.931
 3470.0  2651.157
 3475.0  2651.472
 3480.0  2651.861
 3485.0  2652.305
 3490.0  2652.791
 3495.0  2653.300
 3500.0  2653.818
 3505.0  2337.824
 3510.0  2332.238
 3515.0  2327.512
 3520.0  2323.867
 3525.0  2321.519
 3530.0  2320.688
 3535.0  2320.968
 3540.0  2321.689
 3545.0  2322.676
 3550.0  2323.751
 3555.0  2324.737
 3560.0  2325.458
 3565.0  2325.738
 3570.0  2325.472
 3575.0  2324.741
 3580.0  2323.648
 3585.0  2322.292
 3590.0  2320.776
 3595.0  2319.201
 3600.0  2317.668
 3605.0  2316.091
 3610.0  2314.327
 3615.0  2312.392
 3620.0  2310.302
 3625.0  2308.072
 3630.0  2305.717
 3635.0  2303.254
