 2865.0  1604.004
 2870.0  1626.652
 2875.0  1649.890
 2880.0  1673.701
 2885.0  1698.066
 2890.0  1722.966
 2895.0  1748.384
 2900.0  1774.301
 2905.0  1802.006
 2910.0  1831.971
 2915.0  1862.958
 2920.0  1893.728
 2925.0  1923.042
 2930.0  1949.659
 2935.0  1972.340
 2940.0  1991.865
 2945.0  2009.928
 2950.0  2026.669
 2955.0  2042.223
 2960.0  2056.730
 2965.0  2070.326
 2970.0  2083.149
 2975.0  2095.021
 2980.0  2105.871
 2985.0  2115.999
 2990.0  2125.705
 2995.0  2135.286
 3000.0  2145.044
 3005.0  2155.277
 3010.0  2166.211
 3015.0  2177.656
 3020.0  2189.289
 3025.0  2200.787
 3030.0  2211.826
 3035.0  2222.085
 3040.0  2231.240
 3045.0  2239.126
 3050.0  2246.056
 3055.0  2252.422
 3060.0  2258.617
 3065.0  2265.033
 3070.0  2272.061
 3075.0  2280.095
 3080.0  2289.915
 3085.0  2301.534
 3090.0  2314.196
 3095.0  2327.143
 3100.0  2339.618
 3105.0  2350.863
 3110.0  2360.121
 3115.0  2367.373
 3120.0  2373.437
 3125.0  2378.807
 3130.0  2383.982
 3135.0  2389.456
 3140.0  2395.728
 3145.0  2403.293
 3150.0  2413.431
 3155.0  2426.360
 3160.0  2440.991
 3165.0  2456.229
 3170.0  2470.985
 3175.0  2484.164
 3180.0  2494.677
 3185.0  2502.921
 3190.0  2510.197
 3195.0  2516.769
 3200.0  2522.898
 3205.0  2528.847
 3210.0  2534.878
 3215.0  2541.253
 3220.0  2548.116
 3225.0  2555.283
 3230.0  2562.522
 3235.0  2569.601
 3240.0  2576.288
 3245.0  2582.350
 3250.0  2587.556
 3255.0  2591.947
 3260.0  2595.826
 3265.0  2599.350
 3270.0  2602.678
 3275.0  2605.969
 3280.0  2609.381
 3285.0  2613.073
 3290.0  2617.205
 3295.0  2621.694
 3300.0  2626.329
 3305.0  2630.904
 3310.0  2635.209
 3315.0  2639.036
 3320.0  2642.177
 3325.0  2644.773
 3330.0  2647.126
 3335.0  2649.269
 3340.0  2651.234
 3345.0  2653.053
 3350.0  2654.761
 3355.0  2656.388
 3360.0  2657.872
 3365.0  2659.176
 3370.0  2660.375
 3375.0  2661.544
 3380.0  2662.757
 3385.0  2664.089
 3390.0  2665.615
 3395.0  2667.659
 3400.0  2670.284
 3405.0  2673.171
 3410.0  2676.004
 3415.0  2678.466
 3420.0  2680.238
 3425.0  2681.004
 3430.0  2681.142
 3435.0  2681.248
 3440.0  2681.329
 3445.0  2681.394
 3450.0  2681.451
 3455.0  2681.509
 3460.0  2681.574
 3465.0  2681.646
 3470.0  2681.715
 3475.0  2681.783
 3480.0  2681.848
 3485.0  2681.911
 3490.0  2681.972
 3495.0  2682.030
 3500.0  2682.085
 3505.0  2358.596
 3510.0  2354.053
 3515.0  2350.240
 3520.0  2347.316
 3525.0  2345.444
 3530.0  2344.784
 3535.0  2345.019
 3540.0  2345.649
 3545.0  2346.562
 3550.0  2347.645
 3555.0  2348.788
 3560.0  2349.879
 3565.0  2350.805
 3570.0  2351.691
 3575.0  2352.680
 3580.0  2353.685
 3585.0  2354.618
 3590.0  2355.392
 3595.0  2355.920
 3600.0  2356.116
 3605.0  2355.273
 3610.0  2352.892
 3615.0  2349.194
 3620.0  2344.397
 3625.0  2338.723
 3630.0  2332.391
 3635.0  2325.622
