 2865.0  1400.119
 2870.0  1440.439
 2875.0  1479.302
 2880.0  1516.571
 2885.0  1552.110
 2890.0  1585.783
 2895.0  1617.453
 2900.0  1646.983
 2905.0  1674.953
 2910.0  1701.891
 2915.0  1727.580
 2920.0  1751.804
 2925.0  1774.348
 2930.0  1794.996
 2935.0  1813.533
 2940.0  1830.048
 2945.0  1845.019
 2950.0  1858.816
 2955.0  1871.806
 2960.0  1884.357
 2965.0  1896.838
 2970.0  1909.616
 2975.0  1922.633
 2980.0  1935.546
 2985.0  1948.301
 2990.0  1960.846
 2995.0  1973.127
 3000.0  1985.089
 3005.0  1996.680
 3010.0  2007.808
 3015.0  2018.507
 3020.0  2028.909
 3025.0  2039.145
 3030.0  2049.347
 3035.0  2059.648
 3040.0  2070.177
 3045.0  2080.788
 3050.0  2091.314
 3055.0  2101.861
 3060.0  2112.534
 3065.0  2123.440
 3070.0  2134.683
 3075.0  2146.369
 3080.0  2158.799
 3085.0  2171.998
 3090.0  2185.666
 3095.0  2199.501
 3100.0  2213.200
 3105.0  2226.462
 3110.0  2238.985
 3115.0  2250.903
 3120.0  2262.548
 3125.0  2273.914
 3130.0  2284.993
 3135.0  2295.781
 3140.0  2306.269
 3145.0  2316.452
 3150.0  2326.443
 3155.0  2336.304
 3160.0  2345.948
 3165.0  2355.288
 3170.0  2364.239
 3175.0  2372.712
 3180.0  2380.623
 3185.0  2387.833
 3190.0  2394.417
 3195.0  2400.607
 3200.0  2406.634
 3205.0  2412.730
 3210.0  2419.127
 3215.0  2426.056
 3220.0  2433.711
 3225.0  2441.972
 3230.0  2450.598
 3235.0  2459.348
 3240.0  2467.981
 3245.0  2476.256
 3250.0  2483.933
 3255.0  2491.178
 3260.0  2498.279
 3265.0  2505.180
 3270.0  2511.824
 3275.0  2518.155
 3280.0  2524.115
 3285.0  2529.648
 3290.0  2534.860
 3295.0  2539.874
 3300.0  2544.659
 3305.0  2549.183
 3310.0  2553.414
 3315.0  2557.320
 3320.0  2560.869
 3325.0  2564.383
 3330.0  2568.039
 3335.0  2571.588
 3340.0  2574.782
 3345.0  2577.371
 3350.0  2579.106
 3355.0  2579.740
 3360.0  2579.170
 3365.0  2577.688
 3370.0  2575.638
 3375.0  2573.364
 3380.0  2571.209
 3385.0  2569.518
 3390.0  2568.634
 3395.0  2568.334
 3400.0  2568.136
 3405.0  2567.998
 3410.0  2567.876
 3415.0  2567.729
 3420.0  2567.514
 3425.0  2567.187
 3430.0  2565.249
 3435.0  2560.842
 3440.0  2554.887
 3445.0  2548.308
 3450.0  2542.027
 3455.0  2536.966
 3460.0  2534.047
 3465.0  2532.559
 3470.0  2531.199
 3475.0  2530.005
 3480.0  2529.012
 3485.0  2528.258
 3490.0  2527.778
 3495.0  2527.610
 3500.0  2527.790
 3505.0  2234.478
 3510.0  2231.596
 3515.0  2229.009
 3520.0  2226.776
 3525.0  2224.959
 3530.0  2223.618
 3535.0  2222.555
 3540.0  2221.554
 3545.0  2220.651
 3550.0  2219.884
 3555.0  2219.290
 3560.0  2218.906
 3565.0  2218.770
 3570.0  2219.413
 3575.0  2221.073
 3580.0  2223.342
 3585.0  2225.814
 3590.0  2228.083
 3595.0  2229.742
 3600.0  2230.386
 3605.0  2229.287
 3610.0  2226.164
 3615.0  2221.275
 3620.0  2214.878
 3625.0  2207.232
 3630.0  2198.595
 3635.0  2189.226
