 2865.0  1410.087
 2870.0  1454.098
 2875.0  1496.405
 2880.0  1536.827
 2885.0  1575.183
 2890.0  1611.290
 2895.0  1644.966
 2900.0  1676.029
 2905.0  1704.990
 2910.0  1732.464
 2915.0  1758.426
 2920.0  1782.850
 2925.0  1805.711
 2930.0  1826.984
 2935.0  1846.643
 2940.0  1864.932
 2945.0  1882.152
 2950.0  1898.356
 2955.0  1913.603
 2960.0  1927.947
 2965.0  1941.445
 2970.0  1954.154
 2975.0  1966.069
 2980.0  1977.234
 2985.0  1987.777
 2990.0  1997.825
 2995.0  2007.505
 3000.0  2016.944
 3005.0  2026.270
 3010.0  2035.385
 3015.0  2044.160
 3020.0  2052.674
 3025.0  2061.008
 3030.0  2069.244
 3035.0  2077.460
 3040.0  2085.738
 3045.0  2094.020
 3050.0  2102.216
 3055.0  2110.357
 3060.0  2118.476
 3065.0  2126.603
 3070.0  2134.770
 3075.0  2143.010
 3080.0  2151.176
 3085.0  2159.192
 3090.0  2167.194
 3095.0  2175.317
 3100.0  2183.696
 3105.0  2192.467
 3110.0  2201.767
 3115.0  2212.026
 3120.0  2223.306
 3125.0  2235.189
 3130.0  2247.259
 3135.0  2259.098
 3140.0  2270.287
 3145.0  2280.408
 3150.0  2289.681
 3155.0  2298.596
 3160.0  2307.143
 3165.0  2315.314
 3170.0  2323.101
 3175.0  2330.493
 3180.0  2337.483
 3185.0  2344.015
 3190.0  2350.116
 3195.0  2355.901
 3200.0  2361.483
 3205.0  2366.977
 3210.0  2372.496
 3215.0  2378.156
 3220.0  2384.109
 3225.0  2390.304
 3230.0  2396.551
 3235.0  2402.658
 3240.0  2408.435
 3245.0  2413.691
 3250.0  2418.233
 3255.0  2422.179
 3260.0  2425.801
 3265.0  2429.150
 3270.0  2432.273
 3275.0  2435.221
 3280.0  2438.040
 3285.0  2440.781
 3290.0  2443.419
 3295.0  2445.917
 3300.0  2448.301
 3305.0  2450.597
 3310.0  2452.833
 3315.0  2455.036
 3320.0  2457.231
 3325.0  2459.473
 3330.0  2461.756
 3335.0  2464.022
 3340.0  2466.211
 3345.0  2468.263
 3350.0  2470.118
 3355.0  2471.717
 3360.0  2473.083
 3365.0  2474.305
 3370.0  2475.419
 3375.0  2476.462
 3380.0  2477.472
 3385.0  2478.485
 3390.0  2479.538
 3395.0  2480.745
 3400.0  2482.112
 3405.0  2483.512
 3410.0  2484.820
 3415.0  2485.910
 3420.0  2486.656
 3425.0  2486.933
 3430.0  2486.585
 3435.0  2485.679
 3440.0  2484.419
 3445.0  2483.010
 3450.0  2481.659
 3455.0  2480.569
 3460.0  2479.946
 3465.0  2479.636
 3470.0  2479.353
 3475.0  2479.104
 3480.0  2478.898
 3485.0  2478.741
 3490.0  2478.642
 3495.0  2478.607
 3500.0  2478.644
 3505.0  2187.872
 3510.0  2184.456
 3515.0  2181.342
 3520.0  2178.583
 3525.0  2176.232
 3530.0  2174.340
 3535.0  2172.725
 3540.0  2171.200
 3545.0  2169.808
 3550.0  2168.590
 3555.0  2167.591
 3560.0  2166.852
 3565.0  2166.417
 3570.0  2166.196
 3575.0  2166.051
 3580.0  2165.949
 3585.0  2165.859
 3590.0  2165.750
 3595.0  2165.591
 3600.0  2165.350
 3605.0  2164.399
 3610.0  2162.257
 3615.0  2159.117
 3620.0  2155.171
 3625.0  2150.609
 3630.0  2145.624
 3635.0  2140.408
