 2865.0  1841.338
 2870.0  1888.479
 2875.0  1933.500
 2880.0  1976.080
 2885.0  2015.897
 2890.0  2052.628
 2895.0  2085.952
 2900.0  2115.546
 2905.0  2141.479
 2910.0  2164.562
 2915.0  2185.584
 2920.0  2205.336
 2925.0  2224.608
 2930.0  2244.188
 2935.0  2264.867
 2940.0  2287.299
 2945.0  2310.998
 2950.0  2335.049
 2955.0  2358.537
 2960.0  2380.544
 2965.0  2400.155
 2970.0  2416.453
 2975.0  2429.698
 2980.0  2441.142
 2985.0  2451.359
 2990.0  2460.925
 2995.0  2470.415
 3000.0  2480.404
 3005.0  2491.467
 3010.0  2503.757
 3015.0  2516.837
 3020.0  2530.396
 3025.0  2544.124
 3030.0  2557.711
 3035.0  2570.846
 3040.0  2583.219
 3045.0  2594.862
 3050.0  2606.083
 3055.0  2616.980
 3060.0  2627.656
 3065.0  2638.210
 3070.0  2648.743
 3075.0  2659.355
 3080.0  2669.900
 3085.0  2680.243
 3090.0  2690.494
 3095.0  2700.769
 3100.0  2711.178
 3105.0  2721.836
 3110.0  2732.855
 3115.0  2744.326
 3120.0  2756.190
 3125.0  2768.334
 3130.0  2780.645
 3135.0  2793.010
 3140.0  2805.316
 3145.0  2817.450
 3150.0  2829.633
 3155.0  2842.038
 3160.0  2854.483
 3165.0  2866.785
 3170.0  2878.761
 3175.0  2890.227
 3180.0  2901.002
 3185.0  2911.103
 3190.0  2920.732
 3195.0  2929.985
 3200.0  2938.958
 3205.0  2947.746
 3210.0  2956.445
 3215.0  2965.150
 3220.0  2973.996
 3225.0  2982.947
 3230.0  2991.841
 3235.0  3000.518
 3240.0  3008.814
 3245.0  3016.569
 3250.0  3023.621
 3255.0  3029.966
 3260.0  3035.802
 3265.0  3041.269
 3270.0  3046.507
 3275.0  3051.657
 3280.0  3056.860
 3285.0  3062.255
 3290.0  3068.009
 3295.0  3074.050
 3300.0  3080.169
 3305.0  3086.151
 3310.0  3091.785
 3315.0  3096.859
 3320.0  3101.161
 3325.0  3104.995
 3330.0  3108.726
 3335.0  3112.238
 3340.0  3115.412
 3345.0  3118.132
 3350.0  3120.279
 3355.0  3121.734
 3360.0  3122.704
 3365.0  3123.497
 3370.0  3124.157
 3375.0  3124.727
 3380.0  3125.249
 3385.0  3125.765
 3390.0  3126.320
 3395.0  3126.957
 3400.0  3127.657
 3405.0  3128.361
 3410.0  3129.009
 3415.0  3129.545
 3420.0  3129.909
 3425.0  3130.044
 3430.0  3129.602
 3435.0  3128.464
 3440.0  3126.906
 3445.0  3125.210
 3450.0  3123.653
 3455.0  3122.514
 3460.0  3122.073
 3465.0  3122.364
 3470.0  3123.213
 3475.0  3124.581
 3480.0  3126.429
 3485.0  3128.718
 3490.0  3131.409
 3495.0  3134.465
 3500.0  3137.846
 3505.0  2770.049
 3510.0  2761.568
 3515.0  2754.296
 3520.0  2748.621
 3525.0  2744.932
 3530.0  2743.615
 3535.0  2743.671
 3540.0  2743.815
 3545.0  2744.014
 3550.0  2744.236
 3555.0  2744.445
 3560.0  2744.610
 3565.0  2744.697
 3570.0  2744.731
 3575.0  2744.762
 3580.0  2744.789
 3585.0  2744.811
 3590.0  2744.827
 3595.0  2744.837
 3600.0  2744.841
 3605.0  2744.146
 3610.0  2742.199
 3615.0  2739.208
 3620.0  2735.381
 3625.0  2730.925
 3630.0  2726.048
 3635.0  2720.957
