 2865.0  1980.656
 2870.0  2033.973
 2875.0  2085.692
 2880.0  2135.706
 2885.0  2183.905
 2890.0  2230.182
 2895.0  2274.426
 2900.0  2316.531
 2905.0  2357.370
 2910.0  2397.501
 2915.0  2436.339
 2920.0  2473.298
 2925.0  2507.793
 2930.0  2539.241
 2935.0  2567.054
 2940.0  2591.624
 2945.0  2614.015
 2950.0  2634.656
 2955.0  2653.973
 2960.0  2672.394
 2965.0  2690.347
 2970.0  2708.259
 2975.0  2726.192
 2980.0  2743.825
 2985.0  2761.014
 2990.0  2777.611
 2995.0  2793.471
 3000.0  2808.449
 3005.0  2822.399
 3010.0  2835.500
 3015.0  2848.024
 3020.0  2859.970
 3025.0  2871.332
 3030.0  2882.107
 3035.0  2892.292
 3040.0  2901.882
 3045.0  2910.510
 3050.0  2918.117
 3055.0  2925.163
 3060.0  2932.107
 3065.0  2939.408
 3070.0  2947.528
 3075.0  2956.926
 3080.0  2968.577
 3085.0  2982.582
 3090.0  2998.094
 3095.0  3014.264
 3100.0  3030.241
 3105.0  3045.178
 3110.0  3058.226
 3115.0  3069.417
 3120.0  3079.596
 3125.0  3089.130
 3130.0  3098.385
 3135.0  3107.729
 3140.0  3117.528
 3145.0  3128.150
 3150.0  3139.817
 3155.0  3152.307
 3160.0  3165.318
 3165.0  3178.550
 3170.0  3191.700
 3175.0  3204.467
 3180.0  3216.550
 3185.0  3228.941
 3190.0  3242.254
 3195.0  3255.616
 3200.0  3268.156
 3205.0  3279.000
 3210.0  3287.276
 3215.0  3292.113
 3220.0  3294.497
 3225.0  3296.178
 3230.0  3297.426
 3235.0  3298.511
 3240.0  3299.704
 3245.0  3301.275
 3250.0  3303.495
 3255.0  3307.459
 3260.0  3313.607
 3265.0  3321.222
 3270.0  3329.588
 3275.0  3337.991
 3280.0  3345.713
 3285.0  3352.040
 3290.0  3357.331
 3295.0  3362.394
 3300.0  3367.191
 3305.0  3371.680
 3310.0  3375.822
 3315.0  3379.576
 3320.0  3382.902
 3325.0  3385.958
 3330.0  3388.888
 3335.0  3391.633
 3340.0  3394.138
 3345.0  3396.344
 3350.0  3398.194
 3355.0  3399.631
 3360.0  3400.834
 3365.0  3401.991
 3370.0  3403.050
 3375.0  3403.961
 3380.0  3404.674
 3385.0  3405.138
 3390.0  3405.304
 3395.0  3404.921
 3400.0  3403.933
 3405.0  3402.581
 3410.0  3401.109
 3415.0  3399.757
 3420.0  3398.769
 3425.0  3398.386
 3430.0  3399.000
 3435.0  3400.586
 3440.0  3402.753
 3445.0  3405.115
 3450.0  3407.283
 3455.0  3408.868
 3460.0  3409.483
 3465.0  3409.237
 3470.0  3408.505
 3475.0  3407.291
 3480.0  3405.601
 3485.0  3403.441
 3490.0  3400.817
 3495.0  3397.734
 3500.0  3394.199
 3505.0  3067.303
 3510.0  3065.500
 3515.0  3063.401
 3520.0  3061.059
 3525.0  3058.525
 3530.0  3055.852
 3535.0  3052.664
 3540.0  3048.712
 3545.0  3044.230
 3550.0  3039.455
 3555.0  3034.624
 3560.0  3029.971
 3565.0  3025.733
 3570.0  3021.960
 3575.0  3018.454
 3580.0  3015.078
 3585.0  3011.697
 3590.0  3008.173
 3595.0  3004.372
 3600.0  3000.155
 3605.0  2995.474
 3610.0  2990.387
 3615.0  2984.925
 3620.0  2979.114
 3625.0  2972.985
 3630.0  2966.565
 3635.0  2959.884
