 2865.0  1723.665
 2870.0  1753.639
 2875.0  1783.063
 2880.0  1811.919
 2885.0  1840.187
 2890.0  1867.850
 2895.0  1894.888
 2900.0  1921.282
 2905.0  1947.175
 2910.0  1972.662
 2915.0  1997.649
 2920.0  2022.043
 2925.0  2045.753
 2930.0  2068.685
 2935.0  2090.747
 2940.0  2112.544
 2945.0  2134.411
 2950.0  2155.845
 2955.0  2176.341
 2960.0  2195.399
 2965.0  2212.514
 2970.0  2227.185
 2975.0  2239.821
 2980.0  2251.293
 2985.0  2261.786
 2990.0  2271.486
 2995.0  2280.579
 3000.0  2289.249
 3005.0  2297.684
 3010.0  2305.575
 3015.0  2312.702
 3020.0  2319.378
 3025.0  2325.921
 3030.0  2332.644
 3035.0  2339.865
 3040.0  2347.898
 3045.0  2356.808
 3050.0  2366.400
 3055.0  2376.595
 3060.0  2387.315
 3065.0  2398.480
 3070.0  2410.012
 3075.0  2421.833
 3080.0  2434.821
 3085.0  2449.379
 3090.0  2464.712
 3095.0  2480.028
 3100.0  2494.533
 3105.0  2507.434
 3110.0  2517.937
 3115.0  2526.220
 3120.0  2533.275
 3125.0  2539.529
 3130.0  2545.412
 3135.0  2551.350
 3140.0  2557.772
 3145.0  2565.107
 3150.0  2573.485
 3155.0  2582.620
 3160.0  2592.310
 3165.0  2602.354
 3170.0  2612.553
 3175.0  2622.704
 3180.0  2632.607
 3185.0  2642.582
 3190.0  2652.914
 3195.0  2663.350
 3200.0  2673.638
 3205.0  2683.526
 3210.0  2692.760
 3215.0  2701.089
 3220.0  2708.847
 3225.0  2716.433
 3230.0  2723.694
 3235.0  2730.475
 3240.0  2736.625
 3245.0  2741.988
 3250.0  2746.411
 3255.0  2749.984
 3260.0  2753.010
 3265.0  2755.663
 3270.0  2758.113
 3275.0  2760.532
 3280.0  2763.090
 3285.0  2765.960
 3290.0  2769.560
 3295.0  2773.882
 3300.0  2778.461
 3305.0  2782.832
 3310.0  2786.530
 3315.0  2789.091
 3320.0  2790.047
 3325.0  2784.184
 3330.0  2769.063
 3335.0  2748.386
 3340.0  2725.859
 3345.0  2705.183
 3350.0  2690.061
 3355.0  2684.198
 3360.0  2692.025
 3365.0  2712.252
 3370.0  2739.996
 3375.0  2770.374
 3380.0  2798.504
 3385.0  2819.503
 3390.0  2828.488
 3395.0  2829.752
 3400.0  2830.836
 3405.0  2831.736
 3410.0  2832.446
 3415.0  2832.960
 3420.0  2833.272
 3425.0  2833.377
 3430.0  2833.351
 3435.0  2833.284
 3440.0  2833.193
 3445.0  2833.093
 3450.0  2833.002
 3455.0  2832.935
 3460.0  2832.909
 3465.0  2832.947
 3470.0  2833.055
 3475.0  2833.226
 3480.0  2833.450
 3485.0  2833.718
 3490.0  2834.023
 3495.0  2834.356
 3500.0  2834.707
 3505.0  2494.977
 3510.0  2488.261
 3515.0  2482.604
 3520.0  2478.256
 3525.0  2475.464
 3530.0  2474.478
 3535.0  2474.765
 3540.0  2475.539
 3545.0  2476.668
 3550.0  2478.023
 3555.0  2479.472
 3560.0  2480.885
 3565.0  2482.131
 3570.0  2483.397
 3575.0  2484.861
 3580.0  2486.381
 3585.0  2487.813
 3590.0  2489.013
 3595.0  2489.838
 3600.0  2490.145
 3605.0  2489.463
 3610.0  2487.521
 3615.0  2484.474
 3620.0  2480.478
 3625.0  2475.689
 3630.0  2470.261
 3635.0  2464.351
