 2865.0  1646.111
 2870.0  1689.134
 2875.0  1730.437
 2880.0  1769.822
 2885.0  1807.093
 2890.0  1842.053
 2895.0  1874.504
 2900.0  1904.250
 2905.0  1931.539
 2910.0  1956.935
 2915.0  1980.716
 2920.0  2003.158
 2925.0  2024.538
 2930.0  2045.134
 2935.0  2065.223
 2940.0  2084.918
 2945.0  2104.078
 2950.0  2122.602
 2955.0  2140.387
 2960.0  2157.333
 2965.0  2173.336
 2970.0  2188.295
 2975.0  2202.278
 2980.0  2215.489
 2985.0  2228.035
 2990.0  2240.021
 2995.0  2251.554
 3000.0  2262.740
 3005.0  2273.684
 3010.0  2284.264
 3015.0  2294.370
 3020.0  2304.127
 3025.0  2313.661
 3030.0  2323.096
 3035.0  2332.557
 3040.0  2342.170
 3045.0  2351.939
 3050.0  2361.757
 3055.0  2371.575
 3060.0  2381.346
 3065.0  2391.022
 3070.0  2400.556
 3075.0  2409.901
 3080.0  2418.878
 3085.0  2427.474
 3090.0  2435.888
 3095.0  2444.320
 3100.0  2452.968
 3105.0  2462.032
 3110.0  2471.711
 3115.0  2482.443
 3120.0  2494.233
 3125.0  2506.635
 3130.0  2519.199
 3135.0  2531.479
 3140.0  2543.027
 3145.0  2553.394
 3150.0  2562.674
 3155.0  2571.355
 3160.0  2579.578
 3165.0  2587.487
 3170.0  2595.224
 3175.0  2602.932
 3180.0  2610.754
 3185.0  2618.638
 3190.0  2626.440
 3195.0  2634.169
 3200.0  2641.831
 3205.0  2649.432
 3210.0  2656.982
 3215.0  2664.485
 3220.0  2672.142
 3225.0  2680.013
 3230.0  2687.898
 3235.0  2695.597
 3240.0  2702.911
 3245.0  2709.641
 3250.0  2715.586
 3255.0  2720.851
 3260.0  2725.717
 3265.0  2730.250
 3270.0  2734.514
 3275.0  2738.575
 3280.0  2742.497
 3285.0  2746.345
 3290.0  2750.215
 3295.0  2754.092
 3300.0  2757.878
 3305.0  2761.474
 3310.0  2764.782
 3315.0  2767.705
 3320.0  2770.144
 3325.0  2772.124
 3330.0  2773.806
 3335.0  2775.290
 3340.0  2776.676
 3345.0  2778.064
 3350.0  2779.556
 3355.0  2781.251
 3360.0  2783.354
 3365.0  2785.851
 3370.0  2788.519
 3375.0  2791.131
 3380.0  2793.463
 3385.0  2795.290
 3390.0  2796.388
 3395.0  2796.974
 3400.0  2797.439
 3405.0  2797.816
 3410.0  2798.137
 3415.0  2798.437
 3420.0  2798.747
 3425.0  2799.101
 3430.0  2799.534
 3435.0  2800.030
 3440.0  2800.541
 3445.0  2801.020
 3450.0  2801.421
 3455.0  2801.696
 3460.0  2801.798
 3465.0  2801.677
 3470.0  2801.325
 3475.0  2800.764
 3480.0  2800.013
 3485.0  2799.091
 3490.0  2798.020
 3495.0  2796.819
 3500.0  2795.508
 3505.0  2508.126
 3510.0  2504.523
 3515.0  2501.166
 3520.0  2498.088
 3525.0  2495.319
 3530.0  2492.889
 3535.0  2490.863
 3540.0  2489.188
 3545.0  2487.716
 3550.0  2486.301
 3555.0  2484.796
 3560.0  2483.055
 3565.0  2480.932
 3570.0  2478.128
 3575.0  2474.597
 3580.0  2470.569
 3585.0  2466.273
 3590.0  2461.937
 3595.0  2457.791
 3600.0  2454.064
 3605.0  2450.663
 3610.0  2447.349
 3615.0  2444.126
 3620.0  2440.997
 3625.0  2437.969
 3630.0  2435.044
 3635.0  2432.228
