 2865.0  1453.864
 2870.0  1492.254
 2875.0  1529.789
 2880.0  1566.432
 2885.0  1602.144
 2890.0  1636.887
 2895.0  1670.624
 2900.0  1703.317
 2905.0  1735.470
 2910.0  1767.345
 2915.0  1798.538
 2920.0  1828.644
 2925.0  1857.259
 2930.0  1883.981
 2935.0  1908.404
 2940.0  1931.247
 2945.0  1953.314
 2950.0  1974.326
 2955.0  1994.003
 2960.0  2012.067
 2965.0  2028.239
 2970.0  2042.241
 2975.0  2054.267
 2980.0  2064.927
 2985.0  2074.565
 2990.0  2083.524
 2995.0  2092.149
 3000.0  2100.783
 3005.0  2109.770
 3010.0  2119.034
 3015.0  2128.244
 3020.0  2137.367
 3025.0  2146.371
 3030.0  2155.223
 3035.0  2163.888
 3040.0  2172.334
 3045.0  2180.479
 3050.0  2188.334
 3055.0  2196.001
 3060.0  2203.585
 3065.0  2211.189
 3070.0  2218.919
 3075.0  2226.878
 3080.0  2235.034
 3085.0  2243.285
 3090.0  2251.634
 3095.0  2260.082
 3100.0  2268.631
 3105.0  2277.280
 3110.0  2286.033
 3115.0  2294.870
 3120.0  2303.786
 3125.0  2312.805
 3130.0  2321.948
 3135.0  2331.240
 3140.0  2340.702
 3145.0  2350.356
 3150.0  2360.750
 3155.0  2372.050
 3160.0  2383.715
 3165.0  2395.203
 3170.0  2405.972
 3175.0  2415.480
 3180.0  2423.186
 3185.0  2429.254
 3190.0  2434.415
 3195.0  2438.970
 3200.0  2443.223
 3205.0  2447.475
 3210.0  2452.030
 3215.0  2457.190
 3220.0  2463.333
 3225.0  2470.338
 3230.0  2477.762
 3235.0  2485.160
 3240.0  2492.086
 3245.0  2498.097
 3250.0  2502.748
 3255.0  2506.297
 3260.0  2509.375
 3265.0  2512.096
 3270.0  2514.574
 3275.0  2516.923
 3280.0  2519.257
 3285.0  2521.691
 3290.0  2524.203
 3295.0  2526.687
 3300.0  2529.130
 3305.0  2531.518
 3310.0  2533.837
 3315.0  2536.073
 3320.0  2538.213
 3325.0  2540.205
 3330.0  2542.049
 3335.0  2543.809
 3340.0  2545.551
 3345.0  2547.339
 3350.0  2549.238
 3355.0  2551.312
 3360.0  2553.917
 3365.0  2557.125
 3370.0  2560.578
 3375.0  2563.916
 3380.0  2566.781
 3385.0  2568.815
 3390.0  2569.659
 3395.0  2569.766
 3400.0  2569.838
 3405.0  2569.889
 3410.0  2569.930
 3415.0  2569.974
 3420.0  2570.033
 3425.0  2570.121
 3430.0  2570.302
 3435.0  2570.599
 3440.0  2570.959
 3445.0  2571.330
 3450.0  2571.660
 3455.0  2571.896
 3460.0  2571.987
 3465.0  2571.769
 3470.0  2571.152
 3475.0  2570.189
 3480.0  2568.935
 3485.0  2567.442
 3490.0  2565.766
 3495.0  2563.959
 3500.0  2562.077
 3505.0  2309.793
 3510.0  2307.596
 3515.0  2305.330
 3520.0  2302.996
 3525.0  2300.599
 3530.0  2298.140
 3535.0  2295.594
 3540.0  2292.941
 3545.0  2290.202
 3550.0  2287.397
 3555.0  2284.546
 3560.0  2281.669
 3565.0  2278.785
 3570.0  2275.925
 3575.0  2273.082
 3580.0  2270.215
 3585.0  2267.286
 3590.0  2264.257
 3595.0  2261.089
 3600.0  2257.742
 3605.0  2254.199
 3610.0  2250.474
 3615.0  2246.575
 3620.0  2242.513
 3625.0  2238.296
 3630.0  2233.934
 3635.0  2229.437
