 2865.0  1493.868
 2870.0  1524.609
 2875.0  1554.916
 2880.0  1584.777
 2885.0  1614.182
 2890.0  1643.121
 2895.0  1671.581
 2900.0  1699.553
 2905.0  1728.489
 2910.0  1758.898
 2915.0  1789.358
 2920.0  1818.446
 2925.0  1844.739
 2930.0  1866.814
 2935.0  1883.248
 2940.0  1894.951
 2945.0  1904.322
 2950.0  1912.172
 2955.0  1919.313
 2960.0  1926.556
 2965.0  1934.714
 2970.0  1944.597
 2975.0  1956.701
 2980.0  1970.616
 2985.0  1985.801
 2990.0  2001.714
 2995.0  2017.813
 3000.0  2033.555
 3005.0  2048.399
 3010.0  2063.039
 3015.0  2078.195
 3020.0  2093.358
 3025.0  2108.021
 3030.0  2121.676
 3035.0  2133.817
 3040.0  2143.937
 3045.0  2152.303
 3050.0  2159.688
 3055.0  2166.337
 3060.0  2172.493
 3065.0  2178.402
 3070.0  2184.309
 3075.0  2190.457
 3080.0  2196.423
 3085.0  2201.849
 3090.0  2207.083
 3095.0  2212.471
 3100.0  2218.360
 3105.0  2225.096
 3110.0  2233.027
 3115.0  2244.097
 3120.0  2259.001
 3125.0  2276.212
 3130.0  2294.202
 3135.0  2311.444
 3140.0  2326.410
 3145.0  2337.572
 3150.0  2345.694
 3155.0  2352.735
 3160.0  2358.956
 3165.0  2364.620
 3170.0  2369.988
 3175.0  2375.325
 3180.0  2380.890
 3185.0  2386.424
 3190.0  2391.609
 3195.0  2396.630
 3200.0  2401.667
 3205.0  2406.902
 3210.0  2412.518
 3215.0  2418.696
 3220.0  2425.959
 3225.0  2434.376
 3230.0  2443.447
 3235.0  2452.671
 3240.0  2461.550
 3245.0  2469.583
 3250.0  2476.271
 3255.0  2481.838
 3260.0  2486.903
 3265.0  2491.563
 3270.0  2495.911
 3275.0  2500.043
 3280.0  2504.053
 3285.0  2508.037
 3290.0  2512.115
 3295.0  2516.253
 3300.0  2520.316
 3305.0  2524.168
 3310.0  2527.672
 3315.0  2530.693
 3320.0  2533.093
 3325.0  2534.876
 3330.0  2536.250
 3335.0  2537.390
 3340.0  2538.472
 3345.0  2539.670
 3350.0  2541.160
 3355.0  2543.116
 3360.0  2546.799
 3365.0  2552.676
 3370.0  2559.743
 3375.0  2566.991
 3380.0  2573.415
 3385.0  2578.008
 3390.0  2579.762
 3395.0  2578.537
 3400.0  2575.375
 3405.0  2571.053
 3410.0  2566.343
 3415.0  2562.021
 3420.0  2558.860
 3425.0  2557.634
 3430.0  2558.686
 3435.0  2561.398
 3440.0  2565.106
 3445.0  2569.147
 3450.0  2572.856
 3455.0  2575.568
 3460.0  2576.620
 3465.0  2576.194
 3470.0  2574.922
 3475.0  2572.818
 3480.0  2569.892
 3485.0  2566.157
 3490.0  2561.623
 3495.0  2556.302
 3500.0  2550.207
 3505.0  2295.646
 3510.0  2294.746
 3515.0  2293.804
 3520.0  2292.823
 3525.0  2291.805
 3530.0  2290.752
 3535.0  2289.704
 3540.0  2288.667
 3545.0  2287.594
 3550.0  2286.441
 3555.0  2285.160
 3560.0  2283.707
 3565.0  2282.035
 3570.0  2279.884
 3575.0  2277.124
 3580.0  2273.907
 3585.0  2270.381
 3590.0  2266.697
 3595.0  2263.005
 3600.0  2259.456
 3605.0  2255.993
 3610.0  2252.462
 3615.0  2248.865
 3620.0  2245.203
 3625.0  2241.478
 3630.0  2237.691
 3635.0  2233.845
