 2865.0  1499.324
 2870.0  1544.827
 2875.0  1588.539
 2880.0  1630.260
 2885.0  1669.793
 2890.0  1706.939
 2895.0  1741.499
 2900.0  1773.276
 2905.0  1802.833
 2910.0  1830.846
 2915.0  1857.278
 2920.0  1882.094
 2925.0  1905.256
 2930.0  1926.728
 2935.0  1946.475
 2940.0  1964.640
 2945.0  1981.520
 2950.0  1997.302
 2955.0  2012.176
 2960.0  2026.332
 2965.0  2039.958
 2970.0  2053.243
 2975.0  2066.242
 2980.0  2078.854
 2985.0  2091.030
 2990.0  2102.724
 2995.0  2113.890
 3000.0  2124.479
 3005.0  2134.444
 3010.0  2143.791
 3015.0  2152.615
 3020.0  2161.009
 3025.0  2169.067
 3030.0  2176.882
 3035.0  2184.548
 3040.0  2192.157
 3045.0  2199.434
 3050.0  2206.214
 3055.0  2212.753
 3060.0  2219.309
 3065.0  2226.137
 3070.0  2233.495
 3075.0  2241.639
 3080.0  2250.938
 3085.0  2261.368
 3090.0  2272.602
 3095.0  2284.311
 3100.0  2296.168
 3105.0  2307.844
 3110.0  2319.010
 3115.0  2329.878
 3120.0  2340.810
 3125.0  2351.708
 3130.0  2362.470
 3135.0  2372.998
 3140.0  2383.190
 3145.0  2392.947
 3150.0  2402.417
 3155.0  2411.754
 3160.0  2420.874
 3165.0  2429.689
 3170.0  2438.114
 3175.0  2446.062
 3180.0  2453.446
 3185.0  2460.246
 3190.0  2466.576
 3195.0  2472.557
 3200.0  2478.306
 3205.0  2483.943
 3210.0  2489.586
 3215.0  2495.356
 3220.0  2501.332
 3225.0  2507.437
 3230.0  2513.550
 3235.0  2519.551
 3240.0  2525.320
 3245.0  2530.737
 3250.0  2535.681
 3255.0  2540.237
 3260.0  2544.573
 3265.0  2548.693
 3270.0  2552.605
 3275.0  2556.314
 3280.0  2559.827
 3285.0  2563.148
 3290.0  2566.265
 3295.0  2569.190
 3300.0  2571.962
 3305.0  2574.623
 3310.0  2577.211
 3315.0  2579.769
 3320.0  2582.335
 3325.0  2585.066
 3330.0  2587.978
 3335.0  2590.905
 3340.0  2593.682
 3345.0  2596.143
 3350.0  2598.121
 3355.0  2599.451
 3360.0  2600.311
 3365.0  2601.016
 3370.0  2601.605
 3375.0  2602.117
 3380.0  2602.591
 3385.0  2603.066
 3390.0  2603.581
 3395.0  2604.181
 3400.0  2604.849
 3405.0  2605.525
 3410.0  2606.153
 3415.0  2606.673
 3420.0  2607.027
 3425.0  2607.158
 3430.0  2607.150
 3435.0  2607.126
 3440.0  2607.086
 3445.0  2607.031
 3450.0  2606.960
 3455.0  2606.875
 3460.0  2606.776
 3465.0  2606.305
 3470.0  2605.176
 3475.0  2603.496
 3480.0  2601.372
 3485.0  2598.912
 3490.0  2596.222
 3495.0  2593.411
 3500.0  2590.585
 3505.0  2327.595
 3510.0  2326.345
 3515.0  2324.904
 3520.0  2323.304
 3525.0  2321.578
 3530.0  2319.755
 3535.0  2317.620
 3540.0  2315.020
 3545.0  2312.090
 3550.0  2308.963
 3555.0  2305.775
 3560.0  2302.658
 3565.0  2299.746
 3570.0  2297.081
 3575.0  2294.556
 3580.0  2292.084
 3585.0  2289.581
 3590.0  2286.959
 3595.0  2284.134
 3600.0  2281.018
 3605.0  2277.566
 3610.0  2273.805
 3615.0  2269.757
 3620.0  2265.443
 3625.0  2260.887
 3630.0  2256.111
 3635.0  2251.137
