 2865.0  1661.923
 2870.0  1696.093
 2875.0  1729.201
 2880.0  1761.170
 2885.0  1791.924
 2890.0  1821.386
 2895.0  1849.478
 2900.0  1876.126
 2905.0  1901.429
 2910.0  1925.608
 2915.0  1948.768
 2920.0  1971.011
 2925.0  1992.441
 2930.0  2013.161
 2935.0  2033.275
 2940.0  2052.927
 2945.0  2072.126
 2950.0  2090.769
 2955.0  2108.755
 2960.0  2125.980
 2965.0  2142.344
 2970.0  2157.744
 2975.0  2172.226
 2980.0  2185.973
 2985.0  2199.090
 2990.0  2211.680
 2995.0  2223.847
 3000.0  2235.696
 3005.0  2247.330
 3010.0  2258.749
 3015.0  2269.884
 3020.0  2280.729
 3025.0  2291.280
 3030.0  2301.532
 3035.0  2311.480
 3040.0  2321.121
 3045.0  2330.257
 3050.0  2338.846
 3055.0  2347.113
 3060.0  2355.283
 3065.0  2363.581
 3070.0  2372.233
 3075.0  2381.463
 3080.0  2391.322
 3085.0  2401.650
 3090.0  2412.358
 3095.0  2423.355
 3100.0  2434.551
 3105.0  2445.857
 3110.0  2457.182
 3115.0  2468.867
 3120.0  2481.111
 3125.0  2493.609
 3130.0  2506.056
 3135.0  2518.149
 3140.0  2529.582
 3145.0  2540.051
 3150.0  2549.575
 3155.0  2558.484
 3160.0  2566.940
 3165.0  2575.103
 3170.0  2583.135
 3175.0  2591.197
 3180.0  2599.450
 3185.0  2608.019
 3190.0  2616.801
 3195.0  2625.619
 3200.0  2634.296
 3205.0  2642.654
 3210.0  2650.516
 3215.0  2657.705
 3220.0  2664.318
 3225.0  2670.590
 3230.0  2676.550
 3235.0  2682.230
 3240.0  2687.658
 3245.0  2692.864
 3250.0  2697.878
 3255.0  2702.752
 3260.0  2707.497
 3265.0  2712.079
 3270.0  2716.464
 3275.0  2720.618
 3280.0  2724.509
 3285.0  2728.101
 3290.0  2731.366
 3295.0  2734.353
 3300.0  2737.145
 3305.0  2739.826
 3310.0  2742.479
 3315.0  2745.187
 3320.0  2748.034
 3325.0  2751.188
 3330.0  2754.631
 3335.0  2758.169
 3340.0  2761.606
 3345.0  2764.749
 3350.0  2767.401
 3355.0  2769.369
 3360.0  2770.772
 3365.0  2771.914
 3370.0  2772.883
 3375.0  2773.761
 3380.0  2774.636
 3385.0  2775.591
 3390.0  2776.712
 3395.0  2778.197
 3400.0  2780.043
 3405.0  2782.036
 3410.0  2783.960
 3415.0  2785.600
 3420.0  2786.742
 3425.0  2787.170
 3430.0  2786.914
 3435.0  2786.252
 3440.0  2785.339
 3445.0  2784.333
 3450.0  2783.393
 3455.0  2782.673
 3460.0  2782.332
 3465.0  2782.239
 3470.0  2782.158
 3475.0  2782.089
 3480.0  2782.034
 3485.0  2781.993
 3490.0  2781.968
 3495.0  2781.960
 3500.0  2781.968
 3505.0  2448.222
 3510.0  2443.631
 3515.0  2439.779
 3520.0  2436.827
 3525.0  2434.938
 3530.0  2434.272
 3535.0  2434.618
 3540.0  2435.511
 3545.0  2436.733
 3550.0  2438.063
 3555.0  2439.284
 3560.0  2440.177
 3565.0  2440.523
 3570.0  2440.459
 3575.0  2440.272
 3580.0  2439.972
 3585.0  2439.569
 3590.0  2439.074
 3595.0  2438.495
 3600.0  2437.844
 3605.0  2436.657
 3610.0  2434.557
 3615.0  2431.682
 3620.0  2428.169
 3625.0  2424.157
 3630.0  2419.783
 3635.0  2415.184
