 2865.0  1647.714
 2870.0  1672.113
 2875.0  1696.833
 2880.0  1721.868
 2885.0  1747.213
 2890.0  1772.862
 2895.0  1798.809
 2900.0  1825.050
 2905.0  1852.490
 2910.0  1881.447
 2915.0  1911.027
 2920.0  1940.339
 2925.0  1968.490
 2930.0  1994.588
 2935.0  2017.742
 2940.0  2038.604
 2945.0  2058.397
 2950.0  2077.088
 2955.0  2094.640
 2960.0  2111.020
 2965.0  2126.191
 2970.0  2140.118
 2975.0  2152.825
 2980.0  2164.503
 2985.0  2175.374
 2990.0  2185.657
 2995.0  2195.574
 3000.0  2205.346
 3005.0  2215.192
 3010.0  2225.147
 3015.0  2235.037
 3020.0  2244.767
 3025.0  2254.246
 3030.0  2263.379
 3035.0  2272.073
 3040.0  2280.236
 3045.0  2287.579
 3050.0  2294.127
 3055.0  2300.251
 3060.0  2306.324
 3065.0  2312.720
 3070.0  2319.811
 3075.0  2327.969
 3080.0  2337.976
 3085.0  2349.919
 3090.0  2363.128
 3095.0  2376.934
 3100.0  2390.668
 3105.0  2403.659
 3110.0  2415.238
 3115.0  2425.516
 3120.0  2435.167
 3125.0  2444.372
 3130.0  2453.309
 3135.0  2462.158
 3140.0  2471.098
 3145.0  2480.308
 3150.0  2489.780
 3155.0  2499.353
 3160.0  2508.974
 3165.0  2518.593
 3170.0  2528.160
 3175.0  2537.621
 3180.0  2546.928
 3185.0  2556.437
 3190.0  2566.314
 3195.0  2576.222
 3200.0  2585.823
 3205.0  2594.779
 3210.0  2602.754
 3215.0  2609.409
 3220.0  2614.905
 3225.0  2619.744
 3230.0  2624.097
 3235.0  2628.139
 3240.0  2632.041
 3245.0  2635.977
 3250.0  2640.119
 3255.0  2644.398
 3260.0  2648.638
 3265.0  2652.851
 3270.0  2657.049
 3275.0  2661.244
 3280.0  2665.449
 3285.0  2669.675
 3290.0  2674.087
 3295.0  2678.730
 3300.0  2683.434
 3305.0  2688.031
 3310.0  2692.353
 3315.0  2696.230
 3320.0  2699.494
 3325.0  2702.237
 3330.0  2704.703
 3335.0  2706.950
 3340.0  2709.034
 3345.0  2711.014
 3350.0  2712.947
 3355.0  2714.892
 3360.0  2716.835
 3365.0  2718.727
 3370.0  2720.566
 3375.0  2722.351
 3380.0  2724.080
 3385.0  2725.753
 3390.0  2727.368
 3395.0  2729.087
 3400.0  2730.968
 3405.0  2732.857
 3410.0  2734.596
 3415.0  2736.031
 3420.0  2737.006
 3425.0  2737.366
 3430.0  2737.063
 3435.0  2736.279
 3440.0  2735.200
 3445.0  2734.012
 3450.0  2732.903
 3455.0  2732.058
 3460.0  2731.665
 3465.0  2731.565
 3470.0  2731.479
 3475.0  2731.406
 3480.0  2731.348
 3485.0  2731.305
 3490.0  2731.278
 3495.0  2731.270
 3500.0  2731.279
 3505.0  2394.569
 3510.0  2390.979
 3515.0  2387.981
 3520.0  2385.692
 3525.0  2384.232
 3530.0  2383.718
 3535.0  2383.901
 3540.0  2384.406
 3545.0  2385.167
 3550.0  2386.120
 3555.0  2387.199
 3560.0  2388.340
 3565.0  2389.475
 3570.0  2390.958
 3575.0  2392.993
 3580.0  2395.295
 3585.0  2397.580
 3590.0  2399.565
 3595.0  2400.964
 3600.0  2401.494
 3605.0  2400.925
 3610.0  2399.286
 3615.0  2396.671
 3620.0  2393.178
 3625.0  2388.905
 3630.0  2383.947
 3635.0  2378.401
