 2865.0  1653.961
 2870.0  1675.470
 2875.0  1697.634
 2880.0  1720.430
 2885.0  1743.835
 2890.0  1767.826
 2895.0  1792.380
 2900.0  1817.475
 2905.0  1844.280
 2910.0  1873.241
 2915.0  1903.250
 2920.0  1933.197
 2925.0  1961.973
 2930.0  1988.470
 2935.0  2011.577
 2940.0  2032.018
 2945.0  2051.266
 2950.0  2069.339
 2955.0  2086.256
 2960.0  2102.038
 2965.0  2116.702
 2970.0  2130.269
 2975.0  2142.926
 2980.0  2154.860
 2985.0  2166.087
 2990.0  2176.626
 2995.0  2186.492
 3000.0  2195.702
 3005.0  2204.273
 3010.0  2211.955
 3015.0  2218.729
 3020.0  2224.958
 3025.0  2231.005
 3030.0  2237.234
 3035.0  2244.007
 3040.0  2251.688
 3045.0  2260.506
 3050.0  2270.294
 3055.0  2280.821
 3060.0  2291.853
 3065.0  2303.159
 3070.0  2314.506
 3075.0  2325.663
 3080.0  2337.065
 3085.0  2349.065
 3090.0  2361.312
 3095.0  2373.453
 3100.0  2385.134
 3105.0  2396.004
 3110.0  2405.710
 3115.0  2414.180
 3120.0  2421.784
 3125.0  2428.833
 3130.0  2435.639
 3135.0  2442.513
 3140.0  2449.764
 3145.0  2457.706
 3150.0  2466.584
 3155.0  2476.234
 3160.0  2486.344
 3165.0  2496.603
 3170.0  2506.701
 3175.0  2516.326
 3180.0  2525.167
 3185.0  2533.241
 3190.0  2540.858
 3195.0  2548.149
 3200.0  2555.246
 3205.0  2562.280
 3210.0  2569.382
 3215.0  2576.684
 3220.0  2584.386
 3225.0  2592.439
 3230.0  2600.599
 3235.0  2608.621
 3240.0  2616.260
 3245.0  2623.271
 3250.0  2629.409
 3255.0  2634.848
 3260.0  2639.937
 3265.0  2644.695
 3270.0  2649.140
 3275.0  2653.292
 3280.0  2657.168
 3285.0  2660.789
 3290.0  2664.144
 3295.0  2667.247
 3300.0  2670.151
 3305.0  2672.912
 3310.0  2675.583
 3315.0  2678.220
 3320.0  2680.876
 3325.0  2683.503
 3330.0  2686.040
 3335.0  2688.518
 3340.0  2690.972
 3345.0  2693.435
 3350.0  2695.941
 3355.0  2698.522
 3360.0  2701.344
 3365.0  2704.432
 3370.0  2707.613
 3375.0  2710.711
 3380.0  2713.553
 3385.0  2715.965
 3390.0  2717.772
 3395.0  2719.216
 3400.0  2720.611
 3405.0  2721.894
 3410.0  2723.002
 3415.0  2723.872
 3420.0  2724.440
 3425.0  2724.644
 3430.0  2724.413
 3435.0  2723.816
 3440.0  2723.001
 3445.0  2722.113
 3450.0  2721.298
 3455.0  2720.702
 3460.0  2720.471
 3465.0  2720.472
 3470.0  2720.478
 3475.0  2720.496
 3480.0  2720.531
 3485.0  2720.588
 3490.0  2720.673
 3495.0  2720.792
 3500.0  2720.950
 3505.0  2394.619
 3510.0  2394.046
 3515.0  2393.346
 3520.0  2392.548
 3525.0  2391.678
 3530.0  2390.763
 3535.0  2389.439
 3540.0  2387.518
 3545.0  2385.292
 3550.0  2383.053
 3555.0  2381.093
 3560.0  2379.703
 3565.0  2379.174
 3570.0  2380.199
 3575.0  2382.840
 3580.0  2386.452
 3585.0  2390.387
 3590.0  2393.998
 3595.0  2396.639
 3600.0  2397.664
 3605.0  2397.158
 3610.0  2395.667
 3615.0  2393.228
 3620.0  2389.881
 3625.0  2385.664
 3630.0  2380.615
 3635.0  2374.773
