 2865.0  1672.991
 2870.0  1710.606
 2875.0  1747.100
 2880.0  1782.397
 2885.0  1816.422
 2890.0  1849.098
 2895.0  1880.351
 2900.0  1910.104
 2905.0  1938.447
 2910.0  1965.593
 2915.0  1991.656
 2920.0  2016.749
 2925.0  2040.985
 2930.0  2064.477
 2935.0  2087.338
 2940.0  2110.356
 2945.0  2133.744
 2950.0  2156.753
 2955.0  2178.632
 2960.0  2198.634
 2965.0  2216.008
 2970.0  2230.006
 2975.0  2241.295
 2980.0  2251.224
 2985.0  2260.064
 2990.0  2268.086
 2995.0  2275.560
 3000.0  2282.757
 3005.0  2289.949
 3010.0  2296.711
 3015.0  2302.693
 3020.0  2308.277
 3025.0  2313.844
 3030.0  2319.776
 3035.0  2326.454
 3040.0  2334.260
 3045.0  2343.994
 3050.0  2355.798
 3055.0  2369.068
 3060.0  2383.199
 3065.0  2397.585
 3070.0  2411.623
 3075.0  2424.707
 3080.0  2437.206
 3085.0  2449.783
 3090.0  2462.278
 3095.0  2474.530
 3100.0  2486.378
 3105.0  2497.661
 3110.0  2508.219
 3115.0  2517.961
 3120.0  2527.045
 3125.0  2535.681
 3130.0  2544.080
 3135.0  2552.450
 3140.0  2561.003
 3145.0  2569.947
 3150.0  2579.354
 3155.0  2589.063
 3160.0  2598.940
 3165.0  2608.850
 3170.0  2618.656
 3175.0  2628.223
 3180.0  2637.417
 3185.0  2646.292
 3190.0  2654.996
 3195.0  2663.530
 3200.0  2671.899
 3205.0  2680.104
 3210.0  2688.148
 3215.0  2696.035
 3220.0  2703.878
 3225.0  2711.720
 3230.0  2719.456
 3235.0  2726.981
 3240.0  2734.190
 3245.0  2740.978
 3250.0  2747.239
 3255.0  2753.037
 3260.0  2758.527
 3265.0  2763.740
 3270.0  2768.709
 3275.0  2773.466
 3280.0  2778.043
 3285.0  2782.473
 3290.0  2786.747
 3295.0  2790.851
 3300.0  2794.803
 3305.0  2798.621
 3310.0  2802.324
 3315.0  2805.932
 3320.0  2809.464
 3325.0  2813.062
 3330.0  2816.763
 3335.0  2820.426
 3340.0  2823.911
 3345.0  2827.077
 3350.0  2829.783
 3355.0  2831.889
 3360.0  2833.651
 3365.0  2835.366
 3370.0  2836.951
 3375.0  2838.327
 3380.0  2839.410
 3385.0  2840.120
 3390.0  2840.374
 3395.0  2840.290
 3400.0  2840.072
 3405.0  2839.773
 3410.0  2839.448
 3415.0  2839.150
 3420.0  2838.932
 3425.0  2838.847
 3430.0  2838.891
 3435.0  2839.014
 3440.0  2839.206
 3445.0  2839.458
 3450.0  2839.758
 3455.0  2840.097
 3460.0  2840.465
 3465.0  2840.968
 3470.0  2841.702
 3475.0  2842.636
 3480.0  2843.736
 3485.0  2844.973
 3490.0  2846.315
 3495.0  2847.731
 3500.0  2849.188
 3505.0  2519.157
 3510.0  2515.576
 3515.0  2512.364
 3520.0  2509.600
 3525.0  2507.362
 3530.0  2505.728
 3535.0  2504.495
 3540.0  2503.408
 3545.0  2502.458
 3550.0  2501.640
 3555.0  2500.947
 3560.0  2500.373
 3565.0  2499.910
 3570.0  2499.568
 3575.0  2499.325
 3580.0  2499.138
 3585.0  2498.959
 3590.0  2498.743
 3595.0  2498.444
 3600.0  2498.015
 3605.0  2496.765
 3610.0  2494.175
 3615.0  2490.457
 3620.0  2485.822
 3625.0  2480.483
 3630.0  2474.652
 3635.0  2468.542
