 2865.0  1443.652
 2870.0  1484.910
 2875.0  1525.617
 2880.0  1565.758
 2885.0  1605.323
 2890.0  1644.297
 2895.0  1682.667
 2900.0  1720.421
 2905.0  1759.638
 2910.0  1801.043
 2915.0  1842.591
 2920.0  1882.237
 2925.0  1917.936
 2930.0  1947.643
 2935.0  1969.314
 2940.0  1984.667
 2945.0  1997.306
 2950.0  2008.018
 2955.0  2017.591
 2960.0  2026.810
 2965.0  2036.462
 2970.0  2047.334
 2975.0  2059.503
 2980.0  2072.301
 2985.0  2085.399
 2990.0  2098.469
 2995.0  2111.180
 3000.0  2123.204
 3005.0  2134.211
 3010.0  2144.541
 3015.0  2154.653
 3020.0  2164.398
 3025.0  2173.628
 3030.0  2182.196
 3035.0  2189.953
 3040.0  2196.751
 3045.0  2202.406
 3050.0  2207.105
 3055.0  2211.256
 3060.0  2215.267
 3065.0  2219.549
 3070.0  2224.508
 3075.0  2230.554
 3080.0  2238.614
 3085.0  2248.866
 3090.0  2260.599
 3095.0  2273.099
 3100.0  2285.654
 3105.0  2297.551
 3110.0  2308.077
 3115.0  2317.233
 3120.0  2325.685
 3125.0  2333.719
 3130.0  2341.623
 3135.0  2349.683
 3140.0  2358.185
 3145.0  2367.416
 3150.0  2377.965
 3155.0  2389.811
 3160.0  2402.328
 3165.0  2414.891
 3170.0  2426.874
 3175.0  2437.651
 3180.0  2446.596
 3185.0  2454.231
 3190.0  2461.443
 3195.0  2468.153
 3200.0  2474.285
 3205.0  2479.760
 3210.0  2484.499
 3215.0  2488.425
 3220.0  2491.550
 3225.0  2494.085
 3230.0  2496.253
 3235.0  2498.276
 3240.0  2500.377
 3245.0  2502.778
 3250.0  2505.701
 3255.0  2509.401
 3260.0  2513.837
 3265.0  2518.786
 3270.0  2524.026
 3275.0  2529.332
 3280.0  2534.484
 3285.0  2539.258
 3290.0  2543.851
 3295.0  2548.530
 3300.0  2553.177
 3305.0  2557.673
 3310.0  2561.900
 3315.0  2565.738
 3320.0  2569.070
 3325.0  2572.219
 3330.0  2575.449
 3335.0  2578.555
 3340.0  2581.330
 3345.0  2583.567
 3350.0  2585.061
 3355.0  2585.605
 3360.0  2585.455
 3365.0  2585.067
 3370.0  2584.536
 3375.0  2583.958
 3380.0  2583.427
 3385.0  2583.039
 3390.0  2582.889
 3395.0  2582.964
 3400.0  2583.179
 3405.0  2583.513
 3410.0  2583.946
 3415.0  2584.460
 3420.0  2585.035
 3425.0  2585.651
 3430.0  2586.722
 3435.0  2588.468
 3440.0  2590.584
 3445.0  2592.764
 3450.0  2594.699
 3455.0  2596.086
 3460.0  2596.616
 3465.0  2596.215
 3470.0  2595.048
 3475.0  2593.168
 3480.0  2590.627
 3485.0  2587.480
 3490.0  2583.779
 3495.0  2579.577
 3500.0  2574.928
 3505.0  2317.092
 3510.0  2315.524
 3515.0  2313.761
 3520.0  2311.829
 3525.0  2309.758
 3530.0  2307.576
 3535.0  2304.883
 3540.0  2301.480
 3545.0  2297.689
 3550.0  2293.833
 3555.0  2290.235
 3560.0  2287.219
 3565.0  2285.107
 3570.0  2283.784
 3575.0  2282.814
 3580.0  2282.047
 3585.0  2281.329
 3590.0  2280.507
 3595.0  2279.431
 3600.0  2277.946
 3605.0  2275.419
 3610.0  2271.454
 3615.0  2266.259
 3620.0  2260.037
 3625.0  2252.993
 3630.0  2245.335
 3635.0  2237.266
