 2865.0  1930.788
 2870.0  1988.011
 2875.0  2044.137
 2880.0  2099.127
 2885.0  2152.940
 2890.0  2205.536
 2895.0  2256.876
 2900.0  2306.919
 2905.0  2357.995
 2910.0  2410.977
 2915.0  2463.643
 2920.0  2513.771
 2925.0  2559.137
 2930.0  2597.520
 2935.0  2626.697
 2940.0  2648.381
 2945.0  2666.468
 2950.0  2682.002
 2955.0  2696.031
 2960.0  2709.601
 2965.0  2723.757
 2970.0  2739.548
 2975.0  2757.232
 2980.0  2775.975
 2985.0  2795.181
 2990.0  2814.254
 2995.0  2832.599
 3000.0  2849.618
 3005.0  2864.718
 3010.0  2878.168
 3015.0  2890.724
 3020.0  2902.518
 3025.0  2913.680
 3030.0  2924.339
 3035.0  2934.627
 3040.0  2944.674
 3045.0  2954.158
 3050.0  2962.885
 3055.0  2971.181
 3060.0  2979.374
 3065.0  2987.789
 3070.0  2996.753
 3075.0  3006.590
 3080.0  3017.651
 3085.0  3029.825
 3090.0  3042.745
 3095.0  3056.046
 3100.0  3069.361
 3105.0  3082.325
 3110.0  3094.571
 3115.0  3105.955
 3120.0  3116.763
 3125.0  3127.276
 3130.0  3137.774
 3135.0  3148.537
 3140.0  3159.847
 3145.0  3171.983
 3150.0  3185.664
 3155.0  3200.930
 3160.0  3217.046
 3165.0  3233.275
 3170.0  3248.881
 3175.0  3263.127
 3180.0  3275.279
 3185.0  3285.835
 3190.0  3295.771
 3195.0  3305.066
 3200.0  3313.698
 3205.0  3321.647
 3210.0  3328.891
 3215.0  3335.410
 3220.0  3341.166
 3225.0  3346.270
 3230.0  3350.919
 3235.0  3355.311
 3240.0  3359.644
 3245.0  3364.115
 3250.0  3368.922
 3255.0  3374.084
 3260.0  3379.435
 3265.0  3384.893
 3270.0  3390.377
 3275.0  3395.807
 3280.0  3401.100
 3285.0  3406.176
 3290.0  3411.140
 3295.0  3416.103
 3300.0  3420.995
 3305.0  3425.746
 3310.0  3430.284
 3315.0  3434.540
 3320.0  3438.442
 3325.0  3442.362
 3330.0  3446.513
 3335.0  3450.591
 3340.0  3454.293
 3345.0  3457.314
 3350.0  3459.350
 3355.0  3460.096
 3360.0  3456.113
 3365.0  3445.840
 3370.0  3431.795
 3375.0  3416.491
 3380.0  3402.445
 3385.0  3392.173
 3390.0  3388.190
 3395.0  3391.718
 3400.0  3400.908
 3405.0  3413.668
 3410.0  3427.906
 3415.0  3441.529
 3420.0  3452.446
 3425.0  3458.564
 3430.0  3461.473
 3435.0  3464.114
 3440.0  3466.422
 3445.0  3468.331
 3450.0  3469.775
 3455.0  3470.690
 3460.0  3471.009
 3465.0  3470.860
 3470.0  3470.390
 3475.0  3469.570
 3480.0  3468.367
 3485.0  3466.751
 3490.0  3464.689
 3495.0  3462.150
 3500.0  3459.103
 3505.0  3108.099
 3510.0  3105.992
 3515.0  3103.630
 3520.0  3101.048
 3525.0  3098.282
 3530.0  3095.369
 3535.0  3091.956
 3540.0  3087.841
 3545.0  3083.279
 3550.0  3078.524
 3555.0  3073.832
 3560.0  3069.458
 3565.0  3065.659
 3570.0  3062.505
 3575.0  3059.769
 3580.0  3057.257
 3585.0  3054.772
 3590.0  3052.120
 3595.0  3049.106
 3600.0  3045.533
 3605.0  3041.227
 3610.0  3036.189
 3615.0  3030.492
 3620.0  3024.208
 3625.0  3017.409
 3630.0  3010.168
 3635.0  3002.557
