 2865.0  1392.196
 2870.0  1423.339
 2875.0  1453.667
 2880.0  1483.135
 2885.0  1511.698
 2890.0  1539.311
 2895.0  1565.929
 2900.0  1591.506
 2905.0  1616.581
 2910.0  1641.443
 2915.0  1665.675
 2920.0  1688.859
 2925.0  1710.577
 2930.0  1730.412
 2935.0  1747.946
 2940.0  1763.167
 2945.0  1776.689
 2950.0  1789.041
 2955.0  1800.748
 2960.0  1812.335
 2965.0  1824.331
 2970.0  1837.260
 2975.0  1851.376
 2980.0  1866.304
 2985.0  1881.634
 2990.0  1896.953
 2995.0  1911.848
 3000.0  1925.908
 3005.0  1938.720
 3010.0  1950.074
 3015.0  1960.334
 3020.0  1969.948
 3025.0  1979.364
 3030.0  1989.030
 3035.0  1999.395
 3040.0  2010.906
 3045.0  2023.549
 3050.0  2037.005
 3055.0  2051.265
 3060.0  2066.319
 3065.0  2082.158
 3070.0  2098.774
 3075.0  2116.156
 3080.0  2135.982
 3085.0  2158.933
 3090.0  2183.510
 3095.0  2208.210
 3100.0  2231.533
 3105.0  2251.979
 3110.0  2268.045
 3115.0  2280.250
 3120.0  2290.538
 3125.0  2299.554
 3130.0  2307.938
 3135.0  2316.333
 3140.0  2325.381
 3145.0  2335.724
 3150.0  2347.433
 3155.0  2360.018
 3160.0  2373.275
 3165.0  2387.002
 3170.0  2400.995
 3175.0  2415.053
 3180.0  2428.972
 3185.0  2443.171
 3190.0  2457.974
 3195.0  2473.033
 3200.0  2488.002
 3205.0  2502.535
 3210.0  2516.285
 3215.0  2528.904
 3220.0  2540.270
 3225.0  2550.711
 3230.0  2560.561
 3235.0  2570.154
 3240.0  2579.823
 3245.0  2589.901
 3250.0  2600.722
 3255.0  2612.504
 3260.0  2625.045
 3265.0  2638.051
 3270.0  2651.226
 3275.0  2664.275
 3280.0  2676.903
 3285.0  2688.815
 3290.0  2700.315
 3295.0  2711.783
 3300.0  2723.041
 3305.0  2733.911
 3310.0  2744.214
 3315.0  2753.770
 3320.0  2762.403
 3325.0  2770.922
 3330.0  2779.841
 3335.0  2788.537
 3340.0  2796.387
 3345.0  2802.766
 3350.0  2807.051
 3355.0  2808.617
 3360.0  2806.063
 3365.0  2799.431
 3370.0  2790.274
 3375.0  2780.140
 3380.0  2770.580
 3385.0  2763.144
 3390.0  2759.383
 3395.0  2758.221
 3400.0  2757.447
 3405.0  2756.903
 3410.0  2756.434
 3415.0  2755.883
 3420.0  2755.093
 3425.0  2753.909
 3430.0  2749.695
 3435.0  2741.092
 3440.0  2729.859
 3445.0  2717.755
 3450.0  2706.540
 3455.0  2697.973
 3460.0  2693.813
 3465.0  2692.518
 3470.0  2691.382
 3475.0  2690.420
 3480.0  2689.646
 3485.0  2689.075
 3490.0  2688.722
 3495.0  2688.601
 3500.0  2688.727
 3505.0  2391.436
 3510.0  2398.031
 3515.0  2403.283
 3520.0  2407.121
 3525.0  2409.476
 3530.0  2410.277
 3535.0  2408.741
 3540.0  2404.782
 3545.0  2399.368
 3550.0  2393.469
 3555.0  2388.054
 3560.0  2384.095
 3565.0  2382.559
 3570.0  2385.452
 3575.0  2392.912
 3580.0  2403.112
 3585.0  2414.226
 3590.0  2424.426
 3595.0  2431.885
 3600.0  2434.778
 3605.0  2432.335
 3610.0  2425.281
 3615.0  2414.029
 3620.0  2398.992
 3625.0  2380.585
 3630.0  2359.219
 3635.0  2335.309
