 2865.0  1393.614
 2870.0  1433.520
 2875.0  1471.787
 2880.0  1508.214
 2885.0  1542.602
 2890.0  1574.751
 2895.0  1604.461
 2900.0  1631.534
 2905.0  1656.962
 2910.0  1681.565
 2915.0  1704.881
 2920.0  1726.448
 2925.0  1745.806
 2930.0  1762.493
 2935.0  1776.048
 2940.0  1786.641
 2945.0  1795.241
 2950.0  1802.585
 2955.0  1809.408
 2960.0  1816.446
 2965.0  1824.436
 2970.0  1834.113
 2975.0  1846.465
 2980.0  1861.364
 2985.0  1877.880
 2990.0  1895.081
 2995.0  1912.034
 3000.0  1927.809
 3005.0  1941.474
 3010.0  1953.388
 3015.0  1964.597
 3020.0  1975.193
 3025.0  1985.270
 3030.0  1994.923
 3035.0  2004.245
 3040.0  2013.329
 3045.0  2022.262
 3050.0  2031.014
 3055.0  2039.510
 3060.0  2047.671
 3065.0  2055.422
 3070.0  2062.686
 3075.0  2069.385
 3080.0  2075.188
 3085.0  2080.107
 3090.0  2084.574
 3095.0  2089.023
 3100.0  2093.889
 3105.0  2099.606
 3110.0  2106.606
 3115.0  2116.685
 3120.0  2130.464
 3125.0  2146.614
 3130.0  2163.810
 3135.0  2180.723
 3140.0  2196.026
 3145.0  2208.392
 3150.0  2218.724
 3155.0  2228.673
 3160.0  2238.036
 3165.0  2246.606
 3170.0  2254.181
 3175.0  2260.554
 3180.0  2265.522
 3185.0  2269.191
 3190.0  2272.028
 3195.0  2274.362
 3200.0  2276.525
 3205.0  2278.847
 3210.0  2281.659
 3215.0  2285.291
 3220.0  2290.606
 3225.0  2297.821
 3230.0  2306.302
 3235.0  2315.414
 3240.0  2324.523
 3245.0  2332.992
 3250.0  2340.188
 3255.0  2346.514
 3260.0  2352.713
 3265.0  2358.662
 3270.0  2364.240
 3275.0  2369.322
 3280.0  2373.786
 3285.0  2377.509
 3290.0  2380.572
 3295.0  2383.217
 3300.0  2385.563
 3305.0  2387.728
 3310.0  2389.830
 3315.0  2391.987
 3320.0  2394.318
 3325.0  2396.673
 3330.0  2398.896
 3335.0  2401.098
 3340.0  2403.391
 3345.0  2405.887
 3350.0  2408.696
 3355.0  2411.930
 3360.0  2416.683
 3365.0  2423.337
 3370.0  2430.933
 3375.0  2438.511
 3380.0  2445.111
 3385.0  2449.775
 3390.0  2451.543
 3395.0  2449.955
 3400.0  2445.859
 3405.0  2440.258
 3410.0  2434.156
 3415.0  2428.555
 3420.0  2424.459
 3425.0  2422.871
 3430.0  2423.569
 3435.0  2425.371
 3440.0  2427.834
 3445.0  2430.519
 3450.0  2432.982
 3455.0  2434.784
 3460.0  2435.483
 3465.0  2435.222
 3470.0  2434.441
 3475.0  2433.141
 3480.0  2431.322
 3485.0  2428.985
 3490.0  2426.132
 3495.0  2422.764
 3500.0  2418.880
 3505.0  2178.592
 3510.0  2176.860
 3515.0  2175.342
 3520.0  2174.094
 3525.0  2173.174
 3530.0  2172.640
 3535.0  2172.375
 3540.0  2172.199
 3545.0  2172.076
 3550.0  2171.968
 3555.0  2171.839
 3560.0  2171.650
 3565.0  2171.366
 3570.0  2170.297
 3575.0  2167.984
 3580.0  2164.731
 3585.0  2160.844
 3590.0  2156.626
 3595.0  2152.384
 3600.0  2148.422
 3605.0  2144.610
 3610.0  2140.620
 3615.0  2136.462
 3620.0  2132.143
 3625.0  2127.672
 3630.0  2123.058
 3635.0  2118.308
