 2865.0  1425.081
 2870.0  1458.250
 2875.0  1490.363
 2880.0  1521.339
 2885.0  1551.099
 2890.0  1579.565
 2895.0  1606.656
 2900.0  1632.293
 2905.0  1656.898
 2910.0  1680.807
 2915.0  1703.808
 2920.0  1725.691
 2925.0  1746.247
 2930.0  1765.264
 2935.0  1782.533
 2940.0  1798.108
 2945.0  1812.383
 2950.0  1825.657
 2955.0  1838.231
 2960.0  1850.401
 2965.0  1862.468
 2970.0  1874.731
 2975.0  1887.014
 2980.0  1898.997
 2985.0  1910.769
 2990.0  1922.417
 2995.0  1934.029
 3000.0  1945.690
 3005.0  1957.490
 3010.0  1969.779
 3015.0  1982.600
 3020.0  1995.569
 3025.0  2008.306
 3030.0  2020.427
 3035.0  2031.553
 3040.0  2041.301
 3045.0  2049.681
 3050.0  2057.153
 3055.0  2064.010
 3060.0  2070.546
 3065.0  2077.054
 3070.0  2083.827
 3075.0  2091.158
 3080.0  2098.882
 3085.0  2106.693
 3090.0  2114.673
 3095.0  2122.907
 3100.0  2131.476
 3105.0  2140.464
 3110.0  2149.954
 3115.0  2160.648
 3120.0  2172.758
 3125.0  2185.629
 3130.0  2198.608
 3135.0  2211.041
 3140.0  2222.275
 3145.0  2231.657
 3150.0  2239.643
 3155.0  2247.115
 3160.0  2254.058
 3165.0  2260.454
 3170.0  2266.290
 3175.0  2271.547
 3180.0  2276.211
 3185.0  2280.099
 3190.0  2283.255
 3195.0  2286.005
 3200.0  2288.672
 3205.0  2291.584
 3210.0  2295.064
 3215.0  2299.437
 3220.0  2305.987
 3225.0  2315.140
 3230.0  2325.940
 3235.0  2337.432
 3240.0  2348.658
 3245.0  2358.663
 3250.0  2366.491
 3255.0  2372.592
 3260.0  2378.117
 3265.0  2383.156
 3270.0  2387.801
 3275.0  2392.144
 3280.0  2396.275
 3285.0  2400.287
 3290.0  2404.418
 3295.0  2408.689
 3300.0  2412.870
 3305.0  2416.725
 3310.0  2420.022
 3315.0  2422.528
 3320.0  2424.009
 3325.0  2424.764
 3330.0  2425.299
 3335.0  2425.698
 3340.0  2426.045
 3345.0  2426.423
 3350.0  2426.915
 3355.0  2427.605
 3360.0  2428.976
 3365.0  2431.200
 3370.0  2433.888
 3375.0  2436.654
 3380.0  2439.109
 3385.0  2440.866
 3390.0  2441.538
 3395.0  2441.437
 3400.0  2441.178
 3405.0  2440.822
 3410.0  2440.436
 3415.0  2440.081
 3420.0  2439.821
 3425.0  2439.720
 3430.0  2440.011
 3435.0  2440.762
 3440.0  2441.789
 3445.0  2442.907
 3450.0  2443.934
 3455.0  2444.685
 3460.0  2444.976
 3465.0  2444.896
 3470.0  2444.652
 3475.0  2444.235
 3480.0  2443.637
 3485.0  2442.849
 3490.0  2441.863
 3495.0  2440.672
 3500.0  2439.265
 3505.0  2194.258
 3510.0  2191.155
 3515.0  2188.512
 3520.0  2186.460
 3525.0  2185.131
 3530.0  2184.659
 3535.0  2184.742
 3540.0  2184.956
 3545.0  2185.249
 3550.0  2185.569
 3555.0  2185.862
 3560.0  2186.076
 3565.0  2186.159
 3570.0  2185.323
 3575.0  2183.049
 3580.0  2179.688
 3585.0  2175.592
 3590.0  2171.113
 3595.0  2166.602
 3600.0  2162.410
 3605.0  2158.382
 3610.0  2154.134
 3615.0  2149.679
 3620.0  2145.028
 3625.0  2140.193
 3630.0  2135.185
 3635.0  2130.017
