 2865.0  1497.494
 2870.0  1523.550
 2875.0  1549.730
 2880.0  1576.032
 2885.0  1602.456
 2890.0  1629.001
 2895.0  1655.666
 2900.0  1682.450
 2905.0  1710.761
 2910.0  1741.070
 2915.0  1771.972
 2920.0  1802.061
 2925.0  1829.933
 2930.0  1854.181
 2935.0  1873.401
 2940.0  1888.224
 2945.0  1900.716
 2950.0  1911.622
 2955.0  1921.689
 2960.0  1931.662
 2965.0  1942.287
 2970.0  1954.310
 2975.0  1968.007
 2980.0  1982.845
 2985.0  1998.356
 2990.0  2014.069
 2995.0  2029.514
 3000.0  2044.221
 3005.0  2057.721
 3010.0  2070.016
 3015.0  2081.573
 3020.0  2092.615
 3025.0  2103.365
 3030.0  2114.048
 3035.0  2124.888
 3040.0  2136.107
 3045.0  2147.648
 3050.0  2159.292
 3055.0  2171.027
 3060.0  2182.839
 3065.0  2194.715
 3070.0  2206.642
 3075.0  2218.606
 3080.0  2230.838
 3085.0  2243.427
 3090.0  2256.147
 3095.0  2268.775
 3100.0  2281.086
 3105.0  2292.855
 3110.0  2303.858
 3115.0  2313.956
 3120.0  2323.338
 3125.0  2332.273
 3130.0  2341.032
 3135.0  2349.885
 3140.0  2359.100
 3145.0  2368.948
 3150.0  2379.545
 3155.0  2390.710
 3160.0  2402.269
 3165.0  2414.047
 3170.0  2425.870
 3175.0  2437.563
 3180.0  2448.951
 3185.0  2460.705
 3190.0  2473.206
 3195.0  2485.841
 3200.0  2498.000
 3205.0  2509.072
 3210.0  2518.444
 3215.0  2525.506
 3220.0  2530.610
 3225.0  2534.740
 3230.0  2538.232
 3235.0  2541.419
 3240.0  2544.637
 3245.0  2548.220
 3250.0  2552.503
 3255.0  2557.596
 3260.0  2563.287
 3265.0  2569.431
 3270.0  2575.885
 3275.0  2582.503
 3280.0  2589.140
 3285.0  2595.653
 3290.0  2602.228
 3295.0  2609.058
 3300.0  2616.007
 3305.0  2622.938
 3310.0  2629.715
 3315.0  2636.202
 3320.0  2642.261
 3325.0  2648.514
 3330.0  2655.309
 3335.0  2662.097
 3340.0  2668.330
 3345.0  2673.461
 3350.0  2676.942
 3355.0  2678.224
 3360.0  2678.056
 3365.0  2677.610
 3370.0  2676.974
 3375.0  2676.236
 3380.0  2675.484
 3385.0  2674.804
 3390.0  2674.286
 3395.0  2673.930
 3400.0  2673.652
 3405.0  2673.412
 3410.0  2673.171
 3415.0  2672.888
 3420.0  2672.525
 3425.0  2672.041
 3430.0  2670.801
 3435.0  2668.501
 3440.0  2665.598
 3445.0  2662.546
 3450.0  2659.802
 3455.0  2657.821
 3460.0  2657.059
 3465.0  2657.060
 3470.0  2657.066
 3475.0  2657.081
 3480.0  2657.110
 3485.0  2657.158
 3490.0  2657.230
 3495.0  2657.331
 3500.0  2657.465
 3505.0  2358.951
 3510.0  2356.858
 3515.0  2354.682
 3520.0  2352.427
 3525.0  2350.097
 3530.0  2347.698
 3535.0  2345.195
 3540.0  2342.567
 3545.0  2339.834
 3550.0  2337.019
 3555.0  2334.143
 3560.0  2331.227
 3565.0  2328.294
 3570.0  2325.316
 3575.0  2322.262
 3580.0  2319.150
 3585.0  2315.997
 3590.0  2312.822
 3595.0  2309.641
 3600.0  2306.474
 3605.0  2303.312
 3610.0  2300.140
 3615.0  2296.956
 3620.0  2293.761
 3625.0  2290.555
 3630.0  2287.337
 3635.0  2284.109
