 2865.0  1503.404
 2870.0  1530.355
 2875.0  1556.948
 2880.0  1583.174
 2885.0  1609.024
 2890.0  1634.490
 2895.0  1659.563
 2900.0  1684.236
 2905.0  1709.313
 2910.0  1735.082
 2915.0  1760.761
 2920.0  1785.568
 2925.0  1808.721
 2930.0  1829.438
 2935.0  1846.937
 2940.0  1861.446
 2945.0  1874.097
 2950.0  1885.457
 2955.0  1896.094
 2960.0  1906.575
 2965.0  1917.468
 2970.0  1929.341
 2975.0  1942.347
 2980.0  1956.046
 2985.0  1970.108
 2990.0  1984.206
 2995.0  1998.013
 3000.0  2011.201
 3005.0  2023.442
 3010.0  2034.805
 3015.0  2045.644
 3020.0  2056.059
 3025.0  2066.151
 3030.0  2076.020
 3035.0  2085.765
 3040.0  2095.488
 3045.0  2105.233
 3050.0  2114.930
 3055.0  2124.509
 3060.0  2133.902
 3065.0  2143.038
 3070.0  2151.848
 3075.0  2160.261
 3080.0  2168.009
 3085.0  2175.082
 3090.0  2181.806
 3095.0  2188.506
 3100.0  2195.507
 3105.0  2203.134
 3110.0  2211.713
 3115.0  2221.988
 3120.0  2234.032
 3125.0  2247.160
 3130.0  2260.689
 3135.0  2273.935
 3140.0  2286.211
 3145.0  2296.835
 3150.0  2306.249
 3155.0  2315.295
 3160.0  2323.888
 3165.0  2331.946
 3170.0  2339.382
 3175.0  2346.115
 3180.0  2352.058
 3185.0  2357.021
 3190.0  2361.119
 3195.0  2364.727
 3200.0  2368.221
 3205.0  2371.978
 3210.0  2376.374
 3215.0  2381.785
 3220.0  2389.529
 3225.0  2399.960
 3230.0  2412.014
 3235.0  2424.624
 3240.0  2436.725
 3245.0  2447.250
 3250.0  2455.133
 3255.0  2460.950
 3260.0  2466.076
 3265.0  2470.644
 3270.0  2474.788
 3275.0  2478.639
 3280.0  2482.333
 3285.0  2486.002
 3290.0  2489.805
 3295.0  2493.695
 3300.0  2497.496
 3305.0  2501.035
 3310.0  2504.135
 3315.0  2506.622
 3320.0  2508.321
 3325.0  2509.375
 3330.0  2510.125
 3335.0  2510.699
 3340.0  2511.222
 3345.0  2511.820
 3350.0  2512.619
 3355.0  2513.745
 3360.0  2516.560
 3365.0  2521.678
 3370.0  2528.101
 3375.0  2534.833
 3380.0  2540.875
 3385.0  2545.232
 3390.0  2546.906
 3395.0  2546.186
 3400.0  2544.329
 3405.0  2541.789
 3410.0  2539.022
 3415.0  2536.482
 3420.0  2534.625
 3425.0  2533.905
 3430.0  2534.427
 3435.0  2535.776
 3440.0  2537.619
 3445.0  2539.628
 3450.0  2541.472
 3455.0  2542.820
 3460.0  2543.343
 3465.0  2542.979
 3470.0  2541.922
 3475.0  2540.223
 3480.0  2537.933
 3485.0  2535.105
 3490.0  2531.788
 3495.0  2528.035
 3500.0  2523.896
 3505.0  2268.258
 3510.0  2267.344
 3515.0  2266.422
 3520.0  2265.493
 3525.0  2264.557
 3530.0  2263.615
 3535.0  2262.719
 3540.0  2261.888
 3545.0  2261.067
 3550.0  2260.203
 3555.0  2259.243
 3560.0  2258.132
 3565.0  2256.818
 3570.0  2255.115
 3575.0  2252.930
 3580.0  2250.345
 3585.0  2247.440
 3590.0  2244.298
 3595.0  2241.000
 3600.0  2237.627
 3605.0  2234.074
 3610.0  2230.193
 3615.0  2226.010
 3620.0  2221.548
 3625.0  2216.831
 3630.0  2211.883
 3635.0  2206.728
