 2865.0  1696.394
 2870.0  1725.080
 2875.0  1753.488
 2880.0  1781.614
 2885.0  1809.454
 2890.0  1837.002
 2895.0  1864.254
 2900.0  1891.206
 2905.0  1918.129
 2910.0  1945.125
 2915.0  1971.933
 2920.0  1998.295
 2925.0  2023.953
 2930.0  2048.646
 2935.0  2072.116
 2940.0  2095.395
 2945.0  2119.120
 2950.0  2142.438
 2955.0  2164.496
 2960.0  2184.442
 2965.0  2201.422
 2970.0  2214.585
 2975.0  2224.490
 2980.0  2232.646
 2985.0  2239.623
 2990.0  2245.991
 2995.0  2252.321
 3000.0  2259.181
 3005.0  2267.143
 3010.0  2276.248
 3015.0  2286.048
 3020.0  2296.374
 3025.0  2307.059
 3030.0  2317.932
 3035.0  2328.827
 3040.0  2339.575
 3045.0  2350.312
 3050.0  2361.233
 3055.0  2372.262
 3060.0  2383.321
 3065.0  2394.332
 3070.0  2405.216
 3075.0  2415.897
 3080.0  2426.469
 3085.0  2437.037
 3090.0  2447.534
 3095.0  2457.891
 3100.0  2468.044
 3105.0  2477.925
 3110.0  2487.466
 3115.0  2496.537
 3120.0  2505.167
 3125.0  2513.528
 3130.0  2521.794
 3135.0  2530.139
 3140.0  2538.736
 3145.0  2547.758
 3150.0  2557.359
 3155.0  2567.445
 3160.0  2577.823
 3165.0  2588.299
 3170.0  2598.680
 3175.0  2608.772
 3180.0  2618.381
 3185.0  2627.638
 3190.0  2636.770
 3195.0  2645.727
 3200.0  2654.458
 3205.0  2662.913
 3210.0  2671.043
 3215.0  2678.795
 3220.0  2686.352
 3225.0  2693.840
 3230.0  2701.131
 3235.0  2708.095
 3240.0  2714.604
 3245.0  2720.528
 3250.0  2725.738
 3255.0  2730.182
 3260.0  2734.036
 3265.0  2737.516
 3270.0  2740.836
 3275.0  2744.211
 3280.0  2747.858
 3285.0  2751.990
 3290.0  2757.201
 3295.0  2763.528
 3300.0  2770.350
 3305.0  2777.050
 3310.0  2783.008
 3315.0  2787.604
 3320.0  2790.220
 3325.0  2791.429
 3330.0  2792.299
 3335.0  2792.956
 3340.0  2793.523
 3345.0  2794.125
 3350.0  2794.885
 3355.0  2795.929
 3360.0  2797.637
 3365.0  2800.108
 3370.0  2803.035
 3375.0  2806.114
 3380.0  2809.041
 3385.0  2811.509
 3390.0  2813.215
 3395.0  2814.299
 3400.0  2815.160
 3405.0  2815.878
 3410.0  2816.531
 3415.0  2817.200
 3420.0  2817.964
 3425.0  2818.901
 3430.0  2820.252
 3435.0  2822.044
 3440.0  2824.039
 3445.0  2826.002
 3450.0  2827.698
 3455.0  2828.888
 3460.0  2829.337
 3465.0  2829.337
 3470.0  2829.333
 3475.0  2829.322
 3480.0  2829.301
 3485.0  2829.267
 3490.0  2829.216
 3495.0  2829.144
 3500.0  2829.049
 3505.0  2489.897
 3510.0  2486.161
 3515.0  2482.879
 3520.0  2480.173
 3525.0  2478.164
 3530.0  2476.973
 3535.0  2476.264
 3540.0  2475.629
 3545.0  2475.082
 3550.0  2474.634
 3555.0  2474.299
 3560.0  2474.088
 3565.0  2474.015
 3570.0  2474.498
 3575.0  2475.744
 3580.0  2477.447
 3585.0  2479.303
 3590.0  2481.006
 3595.0  2482.251
 3600.0  2482.734
 3605.0  2481.961
 3610.0  2479.760
 3615.0  2476.309
 3620.0  2471.788
 3625.0  2466.375
 3630.0  2460.248
 3635.0  2453.587
