   2865  1636.810
   2870  1678.929
   2875  1719.112
   2880  1757.366
   2885  1793.710
   2890  1828.177
   2895  1860.810
   2900  1891.661
   2905  1920.792
   2910  1948.268
   2915  1974.163
   2920  1998.553
   2925  2021.517
   2930  2043.136
   2935  2063.492
   2940  2082.668
   2945  2100.746
   2950  2117.805
   2955  2133.926
   2960  2149.184
   2965  2163.654
   2970  2177.409
   2975  2190.515
   2980  2203.038
   2985  2215.041
   2990  2226.580
   2995  2237.711
   3000  2248.485
   3005  2258.950
   3010  2269.148
   3015  2279.121
   3020  2288.906
   3025  2298.535
   3030  2308.040
   3035  2317.447
   3040  2326.781
   3045  2336.062
   3050  2345.310
   3055  2354.538
   3060  2363.761
   3065  2372.989
   3070  2382.230
   3075  2391.490
   3080  2400.773
   3085  2410.081
   3090  2419.414
   3095  2428.771
   3100  2438.148
   3105  2447.541
   3110  2456.945
   3115  2466.351
   3120  2475.753
   3125  2485.140
   3130  2494.502
   3135  2503.830
   3140  2513.111
   3145  2522.334
   3150  2531.486
   3155  2540.555
   3160  2549.528
   3165  2558.392
   3170  2567.134
   3175  2575.741
   3180  2584.201
   3185  2592.501
   3190  2600.630
   3195  2608.576
   3200  2616.328
   3205  2623.875
   3210  2631.209
   3215  2638.320
   3220  2645.200
   3225  2651.843
   3230  2658.241
   3235  2664.390
   3240  2670.285
   3245  2675.924
   3250  2681.303
   3255  2686.422
   3260  2691.281
   3265  2695.881
   3270  2700.224
   3275  2704.312
   3280  2708.151
   3285  2711.746
   3290  2715.102
   3295  2718.227
   3300  2721.129
   3305  2723.817
   3310  2726.300
   3315  2728.588
   3320  2730.692
   3325  2732.624
   3330  2734.395
   3335  2736.017
   3340  2737.503
   3345  2738.865
   3350  2740.115
   3355  2741.265
   3360  2742.328
   3365  2743.315
   3370  2744.236
   3375  2745.102
   3380  2745.922
   3385  2746.705
   3390  2747.457
   3395  2748.185
   3400  2748.891
   3405  2749.580
   3410  2750.251
   3415  2750.902
   3420  2751.530
   3425  2752.127
   3430  2752.685
   3435  2753.190
   3440  2753.628
   3445  2753.979
   3450  2754.220
   3455  2754.323
   3460  2754.259
   3465  2753.990
   3470  2753.477
   3475  2752.674
   3480  2751.530
   3485  2749.990
   3490  2747.990
   3495  2745.464
   3500  2742.338
   3505  2463.379
   3510  2461.403
   3515  2459.335
   3520  2457.176
   3525  2454.926
   3530  2452.585
   3535  2450.153
   3540  2447.630
   3545  2445.017
   3550  2442.314
   3555  2439.522
   3560  2436.640
   3565  2433.669
   3570  2430.610
   3575  2427.462
   3580  2424.226
   3585  2420.903
   3590  2417.492
   3595  2413.995
   3600  2410.411
   3605  2406.741
   3610  2402.985
   3615  2399.145
   3620  2395.219
   3625  2391.209
   3630  2387.115
   3635  2382.938
