 2865.0  1425.157
 2870.0  1461.071
 2875.0  1495.911
 2880.0  1529.605
 2885.0  1562.080
 2890.0  1593.264
 2895.0  1623.083
 2900.0  1651.464
 2905.0  1679.331
 2910.0  1707.167
 2915.0  1734.246
 2920.0  1759.838
 2925.0  1783.217
 2930.0  1803.653
 2935.0  1820.420
 2940.0  1833.960
 2945.0  1845.575
 2950.0  1855.824
 2955.0  1865.264
 2960.0  1874.454
 2965.0  1883.952
 2970.0  1894.317
 2975.0  1905.484
 2980.0  1916.941
 2985.0  1928.569
 2990.0  1940.251
 2995.0  1951.870
 3000.0  1963.308
 3005.0  1974.447
 3010.0  1985.543
 3015.0  1996.787
 3020.0  2007.971
 3025.0  2018.886
 3030.0  2029.322
 3035.0  2039.069
 3040.0  2047.919
 3045.0  2055.787
 3050.0  2062.902
 3055.0  2069.523
 3060.0  2075.910
 3065.0  2082.323
 3070.0  2089.022
 3075.0  2096.267
 3080.0  2104.012
 3085.0  2112.026
 3090.0  2120.290
 3095.0  2128.786
 3100.0  2137.495
 3105.0  2146.397
 3110.0  2155.474
 3115.0  2165.137
 3120.0  2175.550
 3125.0  2186.327
 3130.0  2197.084
 3135.0  2207.434
 3140.0  2216.992
 3145.0  2225.373
 3150.0  2232.672
 3155.0  2239.350
 3160.0  2245.562
 3165.0  2251.465
 3170.0  2257.217
 3175.0  2262.973
 3180.0  2268.890
 3185.0  2274.900
 3190.0  2280.841
 3195.0  2286.731
 3200.0  2292.588
 3205.0  2298.429
 3210.0  2304.271
 3215.0  2310.134
 3220.0  2316.299
 3225.0  2322.846
 3230.0  2329.485
 3235.0  2335.928
 3240.0  2341.884
 3245.0  2347.064
 3250.0  2351.179
 3255.0  2354.291
 3260.0  2356.808
 3265.0  2358.960
 3270.0  2360.979
 3275.0  2363.095
 3280.0  2365.539
 3285.0  2368.543
 3290.0  2372.683
 3295.0  2378.038
 3300.0  2384.092
 3305.0  2390.331
 3310.0  2396.238
 3315.0  2401.297
 3320.0  2404.994
 3325.0  2407.842
 3330.0  2410.611
 3335.0  2413.169
 3340.0  2415.387
 3345.0  2417.132
 3350.0  2418.276
 3355.0  2418.686
 3360.0  2418.460
 3365.0  2417.877
 3370.0  2417.080
 3375.0  2416.211
 3380.0  2415.414
 3385.0  2414.830
 3390.0  2414.604
 3395.0  2415.043
 3400.0  2416.173
 3405.0  2417.718
 3410.0  2419.401
 3415.0  2420.946
 3420.0  2422.076
 3425.0  2422.514
 3430.0  2422.449
 3435.0  2422.266
 3440.0  2421.986
 3445.0  2421.629
 3450.0  2421.215
 3455.0  2420.765
 3460.0  2420.300
 3465.0  2419.757
 3470.0  2419.071
 3475.0  2418.259
 3480.0  2417.338
 3485.0  2416.324
 3490.0  2415.234
 3495.0  2414.084
 3500.0  2412.892
 3505.0  2137.155
 3510.0  2130.165
 3515.0  2124.173
 3520.0  2119.497
 3525.0  2116.457
 3530.0  2115.373
 3535.0  2115.425
 3540.0  2115.560
 3545.0  2115.745
 3550.0  2115.947
 3555.0  2116.132
 3560.0  2116.267
 3565.0  2116.319
 3570.0  2116.065
 3575.0  2115.377
 3580.0  2114.363
 3585.0  2113.133
 3590.0  2111.797
 3595.0  2110.463
 3600.0  2109.242
 3605.0  2108.091
 3610.0  2106.894
 3615.0  2105.655
 3620.0  2104.374
 3625.0  2103.054
 3630.0  2101.697
 3635.0  2100.304
