 2865.0  1725.244
 2870.0  1766.099
 2875.0  1805.368
 2880.0  1842.880
 2885.0  1878.463
 2890.0  1911.948
 2895.0  1943.163
 2900.0  1971.937
 2905.0  1998.406
 2910.0  2023.033
 2915.0  2046.138
 2920.0  2068.041
 2925.0  2089.062
 2930.0  2109.520
 2935.0  2129.737
 2940.0  2150.073
 2945.0  2170.405
 2950.0  2190.329
 2955.0  2209.440
 2960.0  2227.335
 2965.0  2243.608
 2970.0  2257.855
 2975.0  2270.298
 2980.0  2281.592
 2985.0  2291.977
 2990.0  2301.694
 2995.0  2310.985
 3000.0  2320.090
 3005.0  2329.252
 3010.0  2338.241
 3015.0  2346.782
 3020.0  2355.046
 3025.0  2363.202
 3030.0  2371.419
 3035.0  2379.868
 3040.0  2388.718
 3045.0  2397.875
 3050.0  2407.167
 3055.0  2416.644
 3060.0  2426.356
 3065.0  2436.356
 3070.0  2446.693
 3075.0  2457.419
 3080.0  2468.835
 3085.0  2481.022
 3090.0  2493.706
 3095.0  2506.609
 3100.0  2519.455
 3105.0  2531.968
 3110.0  2543.871
 3115.0  2556.501
 3120.0  2570.559
 3125.0  2584.816
 3130.0  2598.044
 3135.0  2609.013
 3140.0  2616.496
 3145.0  2619.263
 3150.0  2616.653
 3155.0  2609.922
 3160.0  2600.718
 3165.0  2590.691
 3170.0  2581.487
 3175.0  2574.756
 3180.0  2572.146
 3185.0  2580.372
 3190.0  2601.857
 3195.0  2631.815
 3200.0  2665.456
 3205.0  2697.994
 3210.0  2724.641
 3215.0  2740.608
 3220.0  2748.886
 3225.0  2755.829
 3230.0  2761.695
 3235.0  2766.739
 3240.0  2771.220
 3245.0  2775.394
 3250.0  2779.519
 3255.0  2783.453
 3260.0  2786.973
 3265.0  2790.211
 3270.0  2793.302
 3275.0  2796.377
 3280.0  2799.570
 3285.0  2803.013
 3290.0  2807.095
 3295.0  2811.828
 3300.0  2816.789
 3305.0  2821.552
 3310.0  2825.692
 3315.0  2828.785
 3320.0  2830.405
 3325.0  2831.018
 3330.0  2831.428
 3335.0  2831.715
 3340.0  2831.961
 3345.0  2832.249
 3350.0  2832.660
 3355.0  2833.275
 3360.0  2835.402
 3365.0  2839.686
 3370.0  2845.223
 3375.0  2851.107
 3380.0  2856.431
 3385.0  2860.289
 3390.0  2861.777
 3395.0  2861.547
 3400.0  2860.955
 3405.0  2860.146
 3410.0  2859.264
 3415.0  2858.454
 3420.0  2857.862
 3425.0  2857.633
 3430.0  2857.840
 3435.0  2858.375
 3440.0  2859.107
 3445.0  2859.904
 3450.0  2860.636
 3455.0  2861.171
 3460.0  2861.378
 3465.0  2861.134
 3470.0  2860.436
 3475.0  2859.335
 3480.0  2857.879
 3485.0  2856.120
 3490.0  2854.108
 3495.0  2851.892
 3500.0  2849.524
 3505.0  2523.835
 3510.0  2518.560
 3515.0  2514.061
 3520.0  2510.566
 3525.0  2508.302
 3530.0  2507.497
 3535.0  2507.621
 3540.0  2507.944
 3545.0  2508.386
 3550.0  2508.869
 3555.0  2509.316
 3560.0  2509.648
 3565.0  2509.788
 3570.0  2509.804
 3575.0  2509.818
 3580.0  2509.830
 3585.0  2509.839
 3590.0  2509.845
 3595.0  2509.849
 3600.0  2509.851
 3605.0  2508.912
 3610.0  2506.285
 3615.0  2502.249
 3620.0  2497.087
 3625.0  2491.078
 3630.0  2484.505
 3635.0  2477.648
