 2865.0  1405.853
 2870.0  1449.298
 2875.0  1491.414
 2880.0  1532.107
 2885.0  1571.283
 2890.0  1608.849
 2895.0  1644.711
 2900.0  1678.776
 2905.0  1712.091
 2910.0  1745.235
 2915.0  1777.410
 2920.0  1807.817
 2925.0  1835.656
 2930.0  1860.130
 2935.0  1880.440
 2940.0  1897.372
 2945.0  1912.461
 2950.0  1926.038
 2955.0  1938.430
 2960.0  1949.965
 2965.0  1960.973
 2970.0  1971.780
 2975.0  1982.136
 2980.0  1991.727
 2985.0  2000.788
 2990.0  2009.555
 2995.0  2018.262
 3000.0  2027.144
 3005.0  2036.438
 3010.0  2046.403
 3015.0  2056.921
 3020.0  2067.656
 3025.0  2078.272
 3030.0  2088.432
 3035.0  2097.800
 3040.0  2106.040
 3045.0  2113.010
 3050.0  2119.047
 3055.0  2124.538
 3060.0  2129.869
 3065.0  2135.428
 3070.0  2141.600
 3075.0  2148.772
 3080.0  2157.693
 3085.0  2168.394
 3090.0  2180.184
 3095.0  2192.370
 3100.0  2204.261
 3105.0  2215.166
 3110.0  2224.392
 3115.0  2232.888
 3120.0  2241.684
 3125.0  2250.212
 3130.0  2257.902
 3135.0  2264.184
 3140.0  2268.491
 3145.0  2270.252
 3150.0  2270.493
 3155.0  2270.645
 3160.0  2270.743
 3165.0  2270.823
 3170.0  2270.922
 3175.0  2271.076
 3180.0  2271.322
 3185.0  2277.107
 3190.0  2291.797
 3195.0  2312.304
 3200.0  2335.541
 3205.0  2358.420
 3210.0  2377.852
 3215.0  2390.752
 3220.0  2398.624
 3225.0  2405.250
 3230.0  2410.954
 3235.0  2416.059
 3240.0  2420.888
 3245.0  2425.765
 3250.0  2431.013
 3255.0  2437.158
 3260.0  2444.088
 3265.0  2451.173
 3270.0  2457.781
 3275.0  2463.282
 3280.0  2467.045
 3285.0  2468.440
 3290.0  2468.424
 3295.0  2468.385
 3300.0  2468.330
 3305.0  2468.271
 3310.0  2468.217
 3315.0  2468.177
 3320.0  2468.161
 3325.0  2468.823
 3330.0  2470.599
 3335.0  2473.170
 3340.0  2476.223
 3345.0  2479.439
 3350.0  2482.503
 3355.0  2485.097
 3360.0  2487.517
 3365.0  2490.142
 3370.0  2492.788
 3375.0  2495.270
 3380.0  2497.402
 3385.0  2498.999
 3390.0  2499.877
 3395.0  2500.311
 3400.0  2500.696
 3405.0  2501.027
 3410.0  2501.296
 3415.0  2501.497
 3420.0  2501.622
 3425.0  2501.665
 3430.0  2501.471
 3435.0  2500.951
 3440.0  2500.199
 3445.0  2499.308
 3450.0  2498.374
 3455.0  2497.490
 3460.0  2496.750
 3465.0  2496.120
 3470.0  2495.504
 3475.0  2494.904
 3480.0  2494.320
 3485.0  2493.752
 3490.0  2493.201
 3495.0  2492.669
 3500.0  2492.155
 3505.0  2217.936
 3510.0  2215.914
 3515.0  2213.921
 3520.0  2211.957
 3525.0  2210.025
 3530.0  2208.123
 3535.0  2206.159
 3540.0  2204.102
 3545.0  2202.041
 3550.0  2200.068
 3555.0  2198.273
 3560.0  2196.749
 3565.0  2195.585
 3570.0  2194.770
 3575.0  2194.170
 3580.0  2193.688
 3585.0  2193.230
 3590.0  2192.699
 3595.0  2192.000
 3600.0  2191.038
 3605.0  2189.311
 3610.0  2186.487
 3615.0  2182.727
 3620.0  2178.191
 3625.0  2173.039
 3630.0  2167.430
 3635.0  2161.526
