 2865.0  1769.903
 2870.0  1795.340
 2875.0  1821.311
 2880.0  1847.800
 2885.0  1874.795
 2890.0  1902.281
 2895.0  1930.244
 2900.0  1958.671
 2905.0  1988.622
 2910.0  2020.483
 2915.0  2053.231
 2920.0  2085.844
 2925.0  2117.298
 2930.0  2146.572
 2935.0  2172.642
 2940.0  2196.637
 2945.0  2220.055
 2950.0  2242.430
 2955.0  2263.293
 2960.0  2282.178
 2965.0  2298.617
 2970.0  2312.142
 2975.0  2323.064
 2980.0  2332.339
 2985.0  2340.470
 2990.0  2347.961
 2995.0  2355.312
 3000.0  2363.029
 3005.0  2371.614
 3010.0  2381.164
 3015.0  2391.278
 3020.0  2401.707
 3025.0  2412.202
 3030.0  2422.514
 3035.0  2432.396
 3040.0  2441.598
 3045.0  2449.885
 3050.0  2457.425
 3055.0  2464.574
 3060.0  2471.688
 3065.0  2479.122
 3070.0  2487.234
 3075.0  2496.379
 3080.0  2507.274
 3085.0  2519.966
 3090.0  2533.805
 3095.0  2548.140
 3100.0  2562.321
 3105.0  2575.699
 3110.0  2587.622
 3115.0  2597.994
 3120.0  2607.413
 3125.0  2616.273
 3130.0  2624.968
 3135.0  2633.894
 3140.0  2643.443
 3145.0  2654.009
 3150.0  2666.509
 3155.0  2680.968
 3160.0  2696.451
 3165.0  2712.020
 3170.0  2726.738
 3175.0  2739.668
 3180.0  2749.873
 3185.0  2757.658
 3190.0  2764.226
 3195.0  2769.990
 3200.0  2775.361
 3205.0  2780.750
 3210.0  2786.569
 3215.0  2793.231
 3220.0  2801.251
 3225.0  2810.475
 3230.0  2820.306
 3235.0  2830.150
 3240.0  2839.410
 3245.0  2847.491
 3250.0  2853.796
 3255.0  2858.933
 3260.0  2863.820
 3265.0  2868.327
 3270.0  2872.323
 3275.0  2875.679
 3280.0  2878.265
 3285.0  2879.950
 3290.0  2880.970
 3295.0  2881.716
 3300.0  2882.289
 3305.0  2882.792
 3310.0  2883.329
 3315.0  2884.002
 3320.0  2884.914
 3325.0  2886.230
 3330.0  2887.984
 3335.0  2890.077
 3340.0  2892.413
 3345.0  2894.894
 3350.0  2897.423
 3355.0  2899.903
 3360.0  2902.765
 3365.0  2906.247
 3370.0  2909.964
 3375.0  2913.527
 3380.0  2916.551
 3385.0  2918.649
 3390.0  2919.434
 3395.0  2919.125
 3400.0  2918.309
 3405.0  2917.153
 3410.0  2915.826
 3415.0  2914.494
 3420.0  2913.325
 3425.0  2912.487
 3430.0  2911.945
 3435.0  2911.522
 3440.0  2911.164
 3445.0  2910.819
 3450.0  2910.437
 3455.0  2909.963
 3460.0  2909.348
 3465.0  2908.468
 3470.0  2907.265
 3475.0  2905.781
 3480.0  2904.057
 3485.0  2902.136
 3490.0  2900.057
 3495.0  2897.865
 3500.0  2895.598
 3505.0  2576.211
 3510.0  2573.989
 3515.0  2571.870
 3520.0  2569.864
 3525.0  2567.978
 3530.0  2566.221
 3535.0  2564.629
 3540.0  2563.195
 3545.0  2561.860
 3550.0  2560.565
 3555.0  2559.250
 3560.0  2557.858
 3565.0  2556.329
 3570.0  2554.727
 3575.0  2553.118
 3580.0  2551.449
 3585.0  2549.666
 3590.0  2547.716
 3595.0  2545.545
 3600.0  2543.100
 3605.0  2540.224
 3610.0  2536.832
 3615.0  2532.974
 3620.0  2528.705
 3625.0  2524.075
 3630.0  2519.138
 3635.0  2513.946
