 2865.0  1562.669
 2870.0  1604.440
 2875.0  1644.534
 2880.0  1682.756
 2885.0  1718.912
 2890.0  1752.808
 2895.0  1784.251
 2900.0  1813.046
 2905.0  1839.343
 2910.0  1863.667
 2915.0  1886.385
 2920.0  1907.864
 2925.0  1928.471
 2930.0  1948.574
 2935.0  1968.539
 2940.0  1988.717
 2945.0  2008.936
 2950.0  2028.780
 2955.0  2047.831
 2960.0  2065.674
 2965.0  2081.892
 2970.0  2096.067
 2975.0  2108.364
 2980.0  2119.427
 2985.0  2129.563
 2990.0  2139.076
 2995.0  2148.272
 3000.0  2157.456
 3005.0  2166.933
 3010.0  2176.673
 3015.0  2186.396
 3020.0  2196.036
 3025.0  2205.527
 3030.0  2214.802
 3035.0  2223.794
 3040.0  2232.438
 3045.0  2240.581
 3050.0  2248.247
 3055.0  2255.632
 3060.0  2262.936
 3065.0  2270.355
 3070.0  2278.087
 3075.0  2286.329
 3080.0  2295.175
 3085.0  2304.501
 3090.0  2314.178
 3095.0  2324.081
 3100.0  2334.081
 3105.0  2344.052
 3110.0  2353.866
 3115.0  2363.625
 3120.0  2373.475
 3125.0  2383.357
 3130.0  2393.213
 3135.0  2402.986
 3140.0  2412.616
 3145.0  2422.045
 3150.0  2431.409
 3155.0  2440.807
 3160.0  2450.128
 3165.0  2459.264
 3170.0  2468.105
 3175.0  2476.539
 3180.0  2484.457
 3185.0  2491.914
 3190.0  2499.059
 3195.0  2505.919
 3200.0  2512.521
 3205.0  2518.895
 3210.0  2525.066
 3215.0  2531.065
 3220.0  2536.960
 3225.0  2542.764
 3230.0  2548.419
 3235.0  2553.867
 3240.0  2559.048
 3245.0  2563.905
 3250.0  2568.378
 3255.0  2572.478
 3260.0  2576.292
 3265.0  2579.882
 3270.0  2583.310
 3275.0  2586.637
 3280.0  2589.926
 3285.0  2593.237
 3290.0  2596.624
 3295.0  2600.053
 3300.0  2603.452
 3305.0  2606.751
 3310.0  2609.880
 3315.0  2612.767
 3320.0  2615.342
 3325.0  2617.589
 3330.0  2619.594
 3335.0  2621.438
 3340.0  2623.204
 3345.0  2624.973
 3350.0  2626.828
 3355.0  2628.850
 3360.0  2631.343
 3365.0  2634.339
 3370.0  2637.514
 3375.0  2640.546
 3380.0  2643.112
 3385.0  2644.888
 3390.0  2645.552
 3395.0  2645.249
 3400.0  2644.466
 3405.0  2643.396
 3410.0  2642.230
 3415.0  2641.160
 3420.0  2640.378
 3425.0  2640.074
 3430.0  2640.204
 3435.0  2640.537
 3440.0  2640.994
 3445.0  2641.491
 3450.0  2641.948
 3455.0  2642.281
 3460.0  2642.411
 3465.0  2642.128
 3470.0  2641.325
 3475.0  2640.073
 3480.0  2638.443
 3485.0  2636.506
 3490.0  2634.332
 3495.0  2631.992
 3500.0  2629.557
 3505.0  2361.370
 3510.0  2360.266
 3515.0  2358.922
 3520.0  2357.389
 3525.0  2355.718
 3530.0  2353.961
 3535.0  2351.750
 3540.0  2348.839
 3545.0  2345.457
 3550.0  2341.836
 3555.0  2338.204
 3560.0  2334.794
 3565.0  2331.835
 3570.0  2329.356
 3575.0  2327.149
 3580.0  2325.088
 3585.0  2323.048
 3590.0  2320.903
 3595.0  2318.529
 3600.0  2315.800
 3605.0  2312.650
 3610.0  2309.117
 3615.0  2305.234
 3620.0  2301.034
 3625.0  2296.548
 3630.0  2291.810
 3635.0  2286.851
