 2865.0  1366.871
 2870.0  1399.038
 2875.0  1430.506
 2880.0  1461.243
 2885.0  1491.220
 2890.0  1520.406
 2895.0  1548.772
 2900.0  1576.287
 2905.0  1604.003
 2910.0  1632.343
 2915.0  1660.337
 2920.0  1687.013
 2925.0  1711.401
 2930.0  1732.530
 2935.0  1749.428
 2940.0  1762.601
 2945.0  1773.657
 2950.0  1783.274
 2955.0  1792.132
 2960.0  1800.908
 2965.0  1810.282
 2970.0  1820.933
 2975.0  1833.121
 2980.0  1846.367
 2985.0  1860.237
 2990.0  1874.299
 2995.0  1888.119
 3000.0  1901.263
 3005.0  1913.300
 3010.0  1924.533
 3015.0  1935.490
 3020.0  1946.079
 3025.0  1956.206
 3030.0  1965.778
 3035.0  1974.700
 3040.0  1982.880
 3045.0  1990.174
 3050.0  1996.692
 3055.0  2002.718
 3060.0  2008.536
 3065.0  2014.432
 3070.0  2020.690
 3075.0  2027.594
 3080.0  2035.070
 3085.0  2042.872
 3090.0  2051.024
 3095.0  2059.552
 3100.0  2068.479
 3105.0  2077.831
 3110.0  2087.633
 3115.0  2098.590
 3120.0  2110.971
 3125.0  2124.148
 3130.0  2137.494
 3135.0  2150.382
 3140.0  2162.183
 3145.0  2172.271
 3150.0  2181.073
 3155.0  2189.407
 3160.0  2197.233
 3165.0  2204.509
 3170.0  2211.196
 3175.0  2217.254
 3180.0  2222.640
 3185.0  2227.183
 3190.0  2230.957
 3195.0  2234.289
 3200.0  2237.508
 3205.0  2240.942
 3210.0  2244.919
 3215.0  2249.767
 3220.0  2256.375
 3225.0  2264.932
 3230.0  2274.721
 3235.0  2285.025
 3240.0  2295.127
 3245.0  2304.309
 3250.0  2311.855
 3255.0  2318.490
 3260.0  2325.191
 3265.0  2331.614
 3270.0  2337.416
 3275.0  2342.253
 3280.0  2345.782
 3285.0  2347.658
 3290.0  2348.452
 3295.0  2349.015
 3300.0  2349.430
 3305.0  2349.780
 3310.0  2350.148
 3315.0  2350.615
 3320.0  2351.264
 3325.0  2352.124
 3330.0  2353.174
 3335.0  2354.432
 3340.0  2355.912
 3345.0  2357.629
 3350.0  2359.599
 3355.0  2361.838
 3360.0  2365.748
 3365.0  2372.008
 3370.0  2379.541
 3375.0  2387.273
 3380.0  2394.127
 3385.0  2399.028
 3390.0  2400.901
 3395.0  2400.331
 3400.0  2398.859
 3405.0  2396.846
 3410.0  2394.653
 3415.0  2392.640
 3420.0  2391.168
 3425.0  2390.598
 3430.0  2390.986
 3435.0  2391.988
 3440.0  2393.358
 3445.0  2394.851
 3450.0  2396.221
 3455.0  2397.222
 3460.0  2397.611
 3465.0  2397.320
 3470.0  2396.476
 3475.0  2395.125
 3480.0  2393.309
 3485.0  2391.074
 3490.0  2388.464
 3495.0  2385.524
 3500.0  2382.297
 3505.0  2139.770
 3510.0  2138.364
 3515.0  2137.096
 3520.0  2135.992
 3525.0  2135.079
 3530.0  2134.385
 3535.0  2133.896
 3540.0  2133.541
 3545.0  2133.262
 3550.0  2133.001
 3555.0  2132.700
 3560.0  2132.300
 3565.0  2131.742
 3570.0  2130.685
 3575.0  2128.919
 3580.0  2126.585
 3585.0  2123.824
 3590.0  2120.778
 3595.0  2117.587
 3600.0  2114.393
 3605.0  2111.048
 3610.0  2107.329
 3615.0  2103.266
 3620.0  2098.891
 3625.0  2094.234
 3630.0  2089.324
 3635.0  2084.192
