 2865.0  1375.335
 2870.0  1400.948
 2875.0  1426.493
 2880.0  1451.969
 2885.0  1477.376
 2890.0  1502.713
 2895.0  1527.980
 2900.0  1553.177
 2905.0  1579.589
 2910.0  1607.644
 2915.0  1636.059
 2920.0  1663.549
 2925.0  1688.832
 2930.0  1710.622
 2935.0  1727.637
 2940.0  1740.488
 2945.0  1751.132
 2950.0  1760.311
 2955.0  1768.761
 2960.0  1777.222
 2965.0  1786.432
 2970.0  1797.131
 2975.0  1810.453
 2980.0  1826.193
 2985.0  1843.078
 2990.0  1859.835
 2995.0  1875.190
 3000.0  1887.870
 3005.0  1896.602
 3010.0  1902.100
 3015.0  1906.269
 3020.0  1909.620
 3025.0  1912.669
 3030.0  1915.928
 3035.0  1919.910
 3040.0  1925.129
 3045.0  1932.226
 3050.0  1941.290
 3055.0  1952.007
 3060.0  1964.066
 3065.0  1977.151
 3070.0  1990.951
 3075.0  2005.152
 3080.0  2022.181
 3085.0  2043.308
 3090.0  2066.485
 3095.0  2089.661
 3100.0  2110.790
 3105.0  2127.821
 3110.0  2138.707
 3115.0  2144.843
 3120.0  2149.392
 3125.0  2152.957
 3130.0  2156.138
 3135.0  2159.537
 3140.0  2163.755
 3145.0  2169.395
 3150.0  2178.017
 3155.0  2190.010
 3160.0  2204.216
 3165.0  2219.480
 3170.0  2234.642
 3175.0  2248.546
 3180.0  2260.034
 3185.0  2269.487
 3190.0  2278.172
 3195.0  2286.261
 3200.0  2293.924
 3205.0  2301.333
 3210.0  2308.659
 3215.0  2316.074
 3220.0  2323.401
 3225.0  2330.437
 3230.0  2337.306
 3235.0  2344.136
 3240.0  2351.052
 3245.0  2358.180
 3250.0  2365.647
 3255.0  2373.575
 3260.0  2381.904
 3265.0  2390.483
 3270.0  2399.165
 3275.0  2407.802
 3280.0  2416.243
 3285.0  2424.341
 3290.0  2432.487
 3295.0  2440.951
 3300.0  2449.397
 3305.0  2457.491
 3310.0  2464.901
 3315.0  2471.291
 3320.0  2476.327
 3325.0  2480.601
 3330.0  2484.790
 3335.0  2488.684
 3340.0  2492.076
 3345.0  2494.756
 3350.0  2496.517
 3355.0  2497.151
 3360.0  2496.127
 3365.0  2493.486
 3370.0  2489.876
 3375.0  2485.942
 3380.0  2482.331
 3385.0  2479.690
 3390.0  2478.666
 3395.0  2478.982
 3400.0  2479.796
 3405.0  2480.910
 3410.0  2482.123
 3415.0  2483.236
 3420.0  2484.050
 3425.0  2484.366
 3430.0  2483.708
 3435.0  2481.996
 3440.0  2479.619
 3445.0  2476.967
 3450.0  2474.430
 3455.0  2472.398
 3460.0  2471.261
 3465.0  2470.723
 3470.0  2470.234
 3475.0  2469.807
 3480.0  2469.454
 3485.0  2469.187
 3490.0  2469.018
 3495.0  2468.959
 3500.0  2469.022
 3505.0  2185.784
 3510.0  2185.524
 3515.0  2185.178
 3520.0  2184.757
 3525.0  2184.273
 3530.0  2183.735
 3535.0  2182.522
 3540.0  2180.297
 3545.0  2177.495
 3550.0  2174.556
 3555.0  2171.915
 3560.0  2170.010
 3565.0  2169.277
 3570.0  2170.649
 3575.0  2174.187
 3580.0  2179.025
 3585.0  2184.296
 3590.0  2189.134
 3595.0  2192.672
 3600.0  2194.044
 3605.0  2192.590
 3610.0  2188.419
 3615.0  2181.815
 3620.0  2173.062
 3625.0  2162.445
 3630.0  2150.249
 3635.0  2136.757
