 2865.0  1450.489
 2870.0  1493.463
 2875.0  1534.833
 2880.0  1574.439
 2885.0  1612.122
 2890.0  1647.721
 2895.0  1681.077
 2900.0  1712.030
 2905.0  1740.994
 2910.0  1768.497
 2915.0  1794.552
 2920.0  1819.170
 2925.0  1842.365
 2930.0  1864.148
 2935.0  1884.532
 2940.0  1903.852
 2945.0  1922.366
 2950.0  1939.972
 2955.0  1956.568
 2960.0  1972.053
 2965.0  1986.324
 2970.0  1999.278
 2975.0  2010.897
 2980.0  2021.422
 2985.0  2031.146
 2990.0  2040.358
 2995.0  2049.351
 3000.0  2058.414
 3005.0  2067.839
 3010.0  2077.766
 3015.0  2087.983
 3020.0  2098.253
 3025.0  2108.340
 3030.0  2118.006
 3035.0  2127.014
 3040.0  2135.128
 3045.0  2142.180
 3050.0  2148.390
 3055.0  2154.107
 3060.0  2159.679
 3065.0  2165.454
 3070.0  2171.778
 3075.0  2179.001
 3080.0  2187.558
 3085.0  2197.379
 3090.0  2208.049
 3095.0  2219.157
 3100.0  2230.288
 3105.0  2241.029
 3110.0  2250.967
 3115.0  2260.111
 3120.0  2268.845
 3125.0  2277.317
 3130.0  2285.676
 3135.0  2294.070
 3140.0  2302.649
 3145.0  2311.561
 3150.0  2321.130
 3155.0  2331.337
 3160.0  2341.816
 3165.0  2352.201
 3170.0  2362.127
 3175.0  2371.228
 3180.0  2379.139
 3185.0  2385.907
 3190.0  2391.969
 3195.0  2397.542
 3200.0  2402.842
 3205.0  2408.085
 3210.0  2413.486
 3215.0  2419.262
 3220.0  2425.484
 3225.0  2431.985
 3230.0  2438.629
 3235.0  2445.278
 3240.0  2451.794
 3245.0  2458.040
 3250.0  2463.879
 3255.0  2469.653
 3260.0  2475.613
 3265.0  2481.488
 3270.0  2487.008
 3275.0  2491.900
 3280.0  2495.895
 3285.0  2498.721
 3290.0  2500.646
 3295.0  2502.194
 3300.0  2503.481
 3305.0  2504.623
 3310.0  2505.734
 3315.0  2506.930
 3320.0  2508.326
 3325.0  2509.893
 3330.0  2511.524
 3335.0  2513.216
 3340.0  2514.964
 3345.0  2516.765
 3350.0  2518.617
 3355.0  2520.515
 3360.0  2522.757
 3365.0  2525.447
 3370.0  2528.297
 3375.0  2531.017
 3380.0  2533.318
 3385.0  2534.911
 3390.0  2535.506
 3395.0  2535.255
 3400.0  2534.608
 3405.0  2533.723
 3410.0  2532.759
 3415.0  2531.874
 3420.0  2531.227
 3425.0  2530.976
 3430.0  2531.395
 3435.0  2532.476
 3440.0  2533.954
 3445.0  2535.564
 3450.0  2537.042
 3455.0  2538.123
 3460.0  2538.542
 3465.0  2538.492
 3470.0  2538.322
 3475.0  2537.998
 3480.0  2537.492
 3485.0  2536.770
 3490.0  2535.803
 3495.0  2534.557
 3500.0  2533.003
 3505.0  2245.100
 3510.0  2241.350
 3515.0  2238.008
 3520.0  2235.169
 3525.0  2232.926
 3530.0  2231.371
 3535.0  2230.329
 3540.0  2229.513
 3545.0  2228.850
 3550.0  2228.269
 3555.0  2227.698
 3560.0  2227.064
 3565.0  2226.295
 3570.0  2225.425
 3575.0  2224.522
 3580.0  2223.569
 3585.0  2222.547
 3590.0  2221.439
 3595.0  2220.227
 3600.0  2218.892
 3605.0  2217.372
 3610.0  2215.631
 3615.0  2213.689
 3620.0  2211.567
 3625.0  2209.285
 3630.0  2206.864
 3635.0  2204.324
