0            
0            
0            
0            
0            
0            
0.3422       
2.35         
1.1495       
1460         
80           
.000000033   
1018         
14           
2423         
0            
4370         
10250        
14150        
21800        
26400        
2972         
mkiii       
1            
0            
0            
0            
0            
0            
0            
0            
-3           
0            
242          
-3           
770          
740          
8028         
178          
2526         
.9952        
2.5          
1735         
250          
.4           
64           
256          
0            
0            
0            
2224         
Jul 12/12     

