0            
0            
0            
0            
0            
0            
0.3422       
2.35         
1.1495       
1574         
80           
.000000033   
284          
14           
1689         
0            
4370         
10250        
14150        
21800        
26400        
2972         
mkiii       
1            
0            
0            
0            
0            
0            
0            
0            
20           
-55          
242          
-3           
770          
740          
8028         
178          
2526         
.9952        
2.5          
2469         
250          
0            
64           
256          
0            
0            
0            
2224         
Oct 8/06     
