0            
0            
0            
0            
0            
0            
0.3410       
2.35         
1.1495       
1440         
80           
.000000030   
1016         
14           
2423         
0            
4370         
10250        
14150        
21800        
26400        
2972         
mkiii       
1            
0            
0            
0            
0            
0            
0            
0            
-3           
0            
242          
-3           
770          
740          
8028         
178          
2526         
.9952        
10           
1735         
250          
.4           
64           
256          
0            
0            
0            
2224         
Oct 8/06     
