 2865.0  3547.472
 2870.0  3559.205
 2875.0  3570.351
 2880.0  3580.780
 2885.0  3590.361
 2890.0  3598.964
 2895.0  3606.457
 2900.0  3612.712
 2905.0  3617.945
 2910.0  3622.547
 2915.0  3626.650
 2920.0  3630.382
 2925.0  3633.876
 2930.0  3637.261
 2935.0  3640.668
 2940.0  3644.048
 2945.0  3647.282
 2950.0  3650.391
 2955.0  3653.399
 2960.0  3656.329
 2965.0  3659.203
 2970.0  3662.045
 2975.0  3664.706
 2980.0  3667.121
 2985.0  3669.433
 2990.0  3671.786
 2995.0  3674.325
 3000.0  3677.193
 3005.0  3680.535
 3010.0  3684.651
 3015.0  3689.623
 3020.0  3695.273
 3025.0  3701.419
 3030.0  3707.881
 3035.0  3714.479
 3040.0  3721.033
 3045.0  3727.796
 3050.0  3735.032
 3055.0  3742.573
 3060.0  3750.250
 3065.0  3757.896
 3070.0  3765.344
 3075.0  3772.425
 3080.0  3779.935
 3085.0  3788.294
 3090.0  3796.773
 3095.0  3804.639
 3100.0  3811.163
 3105.0  3815.613
 3110.0  3817.259
 3115.0  3816.952
 3120.0  3816.159
 3125.0  3815.075
 3130.0  3813.893
 3135.0  3812.809
 3140.0  3812.016
 3145.0  3811.709
 3150.0  3814.231
 3155.0  3820.737
 3160.0  3829.633
 3165.0  3839.325
 3170.0  3848.221
 3175.0  3854.726
 3180.0  3857.249
 3185.0  3856.925
 3190.0  3856.061
 3195.0  3854.818
 3200.0  3853.357
 3205.0  3851.838
 3210.0  3850.422
 3215.0  3849.271
 3220.0  3848.237
 3225.0  3847.123
 3230.0  3846.018
 3235.0  3845.006
 3240.0  3844.176
 3245.0  3843.615
 3250.0  3843.408
 3255.0  3845.521
 3260.0  3850.998
 3265.0  3858.544
 3270.0  3866.867
 3275.0  3874.672
 3280.0  3880.666
 3285.0  3883.555
 3290.0  3884.325
 3295.0  3884.875
 3300.0  3885.281
 3305.0  3885.620
 3310.0  3885.968
 3315.0  3886.401
 3320.0  3886.996
 3325.0  3887.826
 3330.0  3888.878
 3335.0  3890.097
 3340.0  3891.429
 3345.0  3892.818
 3350.0  3894.211
 3355.0  3895.553
 3360.0  3897.042
 3365.0  3898.796
 3370.0  3900.634
 3375.0  3902.377
 3380.0  3903.844
 3385.0  3904.856
 3390.0  3905.233
 3395.0  3904.768
 3400.0  3903.568
 3405.0  3901.926
 3410.0  3900.138
 3415.0  3898.497
 3420.0  3897.297
 3425.0  3896.831
 3430.0  3896.836
 3435.0  3896.849
 3440.0  3896.866
 3445.0  3896.885
 3450.0  3896.902
 3455.0  3896.915
 3460.0  3896.920
 3465.0  3896.894
 3470.0  3896.820
 3475.0  3896.707
 3480.0  3896.561
 3485.0  3896.389
 3490.0  3896.199
 3495.0  3895.998
 3500.0  3895.794
 3505.0  3852.456
 3510.0  3848.404
 3515.0  3844.877
 3520.0  3842.029
 3525.0  3840.015
 3530.0  3838.988
 3535.0  3838.593
 3540.0  3838.334
 3545.0  3838.158
 3550.0  3838.007
 3555.0  3837.829
 3560.0  3837.566
 3565.0  3837.164
 3570.0  3835.708
 3575.0  3832.625
 3580.0  3828.377
 3585.0  3823.424
 3590.0  3818.228
 3595.0  3813.249
 3600.0  3808.948
 3605.0  3805.167
 3610.0  3801.441
 3615.0  3797.771
 3620.0  3794.159
 3625.0  3790.607
 3630.0  3787.115
 3635.0  3783.685
