0            
-.1790       
-.3335       
-.2130       
-.5645       
0            
0.3397       
2.35         
1.15         
1605         
220         
.000000032   
1026         
96           
2439         
0            
4300         
9320        
13860      
21660 
25000        
2972         
mkiii       
1            
0            
0            
0            
0            
0            
0            
0            
7417         
6020         
178          
-3           
770          
740          
8028         
242          
2512         
.998         
-10          
1732         
250          
0            
64           
256          
0            
64           
56           
2226         
July 19/11   
