0            
-.1790       
-.3335       
-.2130       
-.5645       
0            
0.3397       
2.35         
1.15         
1575         
210          
.000000032   
1027         
96           
2439         
0            
5000         
10000        
15000        
20000        
25000        
2972         
mkiii       
1            
0            
0            
0            
0            
0            
0            
0            
7417         
6020         
178          
-3           
770          
740          
8028         
242          
2512         
.998         
-10          
1732         
250          
0            
64           
256          
0            
64           
56           
2226         
Sept 13/03   
