0.00000      
-0.45508     
-0.56348     
-0.50064     
-1.95150     
0.0          
0.34160      
2.35000      
1.14590      
3350         
3320         
0.0000000360 
856          
76           
2228         
0.0000       
4390.0000    
8780.0000    
14295.0000   
20000.0000   
25000.0000   
2816         
mkii        
1            
0            
0            
0            
0            
0            
0            
0            
3615         
0            
242          
1.00000      
0            
0            
0            
0            
78           
0.00000      
0.00000      
2469         
250          
0.000        
0            
256          
0            
64           
55           
2112         
Aug 03/16    
EXTRAS       
1            
0            
0            
25000        
80000        
1            
1            
0            
0            
09-18-2016
