00000        
-0.43661     
-0.82639     
-1.15325     
-1.43382     
0            
.3411        
2.35         
1.1369       
1590         
362          
.000000024   
288          
14           
1682         
0            
4778         
10441        
16000        
22549        
26891        
2972         
mkiii       
2            
0            
0            
0            
0            
0            
0            
0            
-608         
-512         
242          
-3           
770          
740          
8028         
178          
2515         
0.9880       
18           
2469         
250          
0            
64           
256          
0            
0            
0            
2215         
Nov 11/12    
